                       0
   1.340772625299051e-05
   5.372086203638167e-05
   0.0001211213610823246
   0.0002157596736201413
    0.000337754871400955
   0.0004871949597056484
    0.000664137371515621
   0.0008686096369325207
    0.001100610219051436
    0.001360109505721938
    0.001647050944994619
    0.001961352310567843
     0.00230290708223909
    0.002671585925244613
    0.003067238251454755
    0.003489693844692802
    0.003938764531972217
    0.004414245882207389
    0.004915918913950304
    0.005443551793940148
    0.005996901508721507
    0.006575715492283161
    0.007179733193582716
    0.007808687568938948
     0.00846230648557623
    0.009140314024073004
    0.009842431669075327
     0.01056837937936065
     0.01131787653014733
     0.01209064272241166
     0.01288639845586445
     0.01370486566412177
      0.0145457681124461
     0.01540883166020489
     0.01629378439186228
     0.01720035662185922
     0.01812828078012277
     0.01907729118615493
     0.02004712372066743
     0.02103751540453844
     0.02204820389546089
     0.02307892691302647
     0.02412942160314514
     0.02519942385264247
     0.02628866756461733
      0.0273968839046933
     0.02852380052767899
     0.02966914079338413
     0.03083262297944633
     0.03201395949803201
     0.03321285612221261
     0.03442901122671139
     0.03566211504659428
     0.03691184895636821
     0.03817788477087685
     0.03945988406837039
     0.04075749753519472
     0.04207036433071298
     0.04339811147035524
     0.04474035322410067
     0.04609669052723965
     0.04746671039994504
     0.04884998537200377
     0.05024607290901893
     0.05165451483648515
     0.05307483675835563
      0.0545065474670498
     0.05594913834228184
     0.05740208273660889
     0.05886483534618841
      0.0603368315658796
     0.06181748682850935
     0.06330619592883051
     0.06480233233341548
     0.06630524747843394
     0.06781427005794806
     0.06932870530600839
     0.07084783427643773
     0.07237091312474023
     0.07389717239706167
     0.07542581633154932
     0.07695602217781163
     0.07848693954046099
      0.0800176897529343
     0.08154736528793087
     0.08307502921088813
     0.08459971468293799
     0.08612042451975661
     0.08763613081264503
     0.08914577461806493
     0.09064826572170949
     0.09214248248302377
     0.09362727176590588
     0.09510144896113133
     0.09656379810584834
     0.09801307210530226
     0.09944799306176323
      0.1008672527154565
      0.1022695130021322
      0.1036534067317597
       0.105017538392691
      0.1063604850855068
      0.1076807975906308
      0.1089770015736779
      0.1102475989323681
      0.1114910692887079
      0.1127058716299857
       0.113890446101954
      0.1150432159573741
      0.1161625896628593
      0.1172469631666783
      0.1182947223298596
      0.1193042455225637
       0.120273906387263
      0.1212020767697859
      0.1220871298187394
      0.1229274432532204
      0.1237214027980725
      0.1244674057852283
      0.1251638649189183
      0.1258092122017229
       0.126401903017604
      0.1269404203671905
      0.1274232792497109
      0.1278490311850929
      0.1282162688688796
       0.128523630951783
      0.1287698069349044
      0.1289535421709314
      0.1290736429609849
      0.1291289817362624
      0.1291185023132193
      0.1290412252107863
      0.1288962530180408
      0.1286827758008805
       0.128400076536597
      0.1280475365658449
      0.1276246410523895
      0.1271309844421913
      0.1265662759149172
      0.1259303448228397
      0.1252231461143742
      0.1244447657422019
      0.1235954260590905
      0.1226754912081778
      0.1216854725186623
      0.1206260339225811
      0.1194979974136822
      0.1183023485753463
      0.1170402422111042
      0.1157130081185498
      0.1143221570553631
      0.1128693869547215
      0.1113565894565333
      0.1097858568305925
      0.1081594893777585
        0.10648000340537
      0.1047501398829285
      0.1029728738930823
      0.1011514250003205
     0.09928926866443109
     0.09739014882614185
      0.0954580917863323
     0.09349742148491609
     0.09151277625713275
     0.08950912709855147
     0.08749179739911936
     0.08546648400292312
     0.08343927930393304
     0.08141669388692964
     0.07940567895357108
     0.07741364742199353
     0.07544849214150935
     0.07351859911344809
     0.07163285295632343
     0.06980063111716717
     0.06803178255784456
     0.06633658592263424
     0.06472568166126759
     0.06320997244049352
     0.06180048668382468
     0.06050820151979697
     0.05934382405052741
      0.0583175338050495
     0.05743869439634906
     0.05671554827066503
     0.05615491411736875
     0.05576191075692506
     0.05553973282611867
     0.05548950134539686
     0.05561020604521293
     0.05589874690839633
      0.0563500714286659
     0.05695739373636194
     0.05771247397496699
      0.0586059323561753
     0.05962757239103603
     0.06076669118664933
     0.06201236015974768
      0.0633536656933729
     0.06477990503764219
     0.06628073743183484
     0.06784629372347736
     0.06946724972204729
      0.0711348693799253
     0.07284102394204332
     0.07457819273986593
     0.07633945056489146
     0.07811844571669418
     0.07990937199451362
     0.08170693715434896
     0.08350632971503916
     0.08530318547358581
     0.08709355467534619
     0.08887387046538213
     0.09064091900757786
     0.09239181148274125
     0.09412395805191524
     0.09583504378475691
     0.09752300649544736
     0.09918601639251039
      0.1008224574281983
      0.1024309102232205
        0.10401013644015
      0.1055590644813546
      0.1070767763929407
      0.1085624958636799
      0.1100155772163054
      0.1114354952972929
      0.1128218361798682
      0.1141742886032521
      0.1154926360789002
       0.116776749601647
       0.118026580910181
      0.1192421562471725
      0.1204235705746648
      0.1215709822050663
      0.1226846078122847
      0.1237647177912805
      0.1248116319376185
      0.1258257154215273
      0.1268073750335613
      0.1277570556812529
      0.1286752371181648
      0.1295624308885495
      0.1304191774724123
       0.131246043617183
      0.1320436198434553
      0.1328125181133631
      0.1335533696511492
       0.134266822906362
        0.13495354165089
      0.1356142032017348
      0.1362494967620331
      0.1368601218733749
      0.1374467869729373
      0.1380102080493687
      0.1385511073917157
      0.1390702124260013
      0.1395682546343311
      0.1400459685516375
      0.1405040908353732
      0.1409433594036348
      0.1413645126373482
      0.1417682886422763
      0.1421554245667222
      0.1425266559709102
      0.1428827162441204
      0.1432243360657513
      0.1435522429065819
      0.1438671605666007
      0.1441698087458843
      0.1444609026451152
      0.1447411525924619
      0.1450112636936797
      0.1452719355024394
      0.1455238617080582
      0.1457677298379773
      0.1460042209725175
      0.1462340094696404
      0.1464577626976417
      0.1466761407739139
      0.1468897963081234
      0.1470993741483587
      0.1473055111290134
      0.1475088358193715
      0.1477099682720548
      0.1479095197706779
      0.1481080925762267
      0.1483062796718326
      0.1485046645057565
      0.1487038207325173
       0.148904311952209
      0.1491066914481352
      0.1493115019229608
       0.149519275233637
      0.1497305321253907
      0.1499457819650975
      0.1501655224743685
      0.1503902394626871
      0.1506204065609282
      0.1508564849555828
      0.1510989231240047
      0.1513481565709814
      0.1516046075669288
      0.1518686848879982
      0.1521407835583926
       0.152421284595191
      0.1527105547559954
       0.153008946289737
      0.1533167966910031
      0.1536344284582813
      0.1539621488565519
      0.1543002496847053
      0.1546490070482927
      0.1550086811381678
      0.1553795160156071
      0.1557617394045279
       0.156155562491446
      0.1565611797338275
      0.1569787686774874
      0.1574084897836761
      0.1578504862664656
      0.1583048839410048
       0.158771791083154
      0.1592512983009367
      0.1597434784181556
      0.1602483863704244
      0.1607660591137495
      0.1612965155456808
      0.1618397564389213
      0.1623957643871569
      0.1629645037627384
      0.1635459206857202
      0.1641399430036387
      0.1647464802813046
      0.1653654237997787
      0.1659966465636186
      0.1666400033154107
      0.1672953305565527
      0.1679624465732167
      0.1686411514664103
      0.1693312271850596
      0.1700324375610651
      0.1707445283453225
      0.1714672272437675
      0.1722002439525758
      0.1729432701917434
      0.1736959797363748
      0.1744580284451164
      0.1752290542852895
      0.1760086773544011
      0.1767964998978307
      0.1775921063226139
      0.1783950632073631
      0.1792049193084783
      0.1800212055629098
      0.1808434350878352
      0.1816711031777052
      0.1825036872991991
      0.1833406470847037
      0.1841814243250042
      0.1850254429619329
      0.1858721090817793
      0.1867208109103206
      0.1875709188103757
      0.1884217852828391
      0.1892727449721951
      0.1901231146775667
      0.1909721933704029
      0.1918192622199725
      0.1926635846278884
      0.1935044062729664
      0.1943409551677925
      0.1951724417284623
      0.1959980588590504
      0.1968169820524628
      0.1976283695094354
      0.1984313622775535
      0.1992250844122797
      0.2000086431620982
      0.2007811291800015
      0.2015416167636623
      0.2022891641267473
      0.2030228137039419
      0.2037415924923507
      0.2044445124320368
      0.2051305708285415
      0.2057987508202963
      0.2064480218938911
      0.2070773404502062
      0.2076856504244344
      0.2082718839630273
      0.2088349621605867
      0.2093737958596955
      0.2098872865166297
      0.2103743271358351
      0.2108338032759663
      0.2112645941301913
      0.2116655736833531
      0.2120356119484536
      0.2123735762847905
       0.212678332799925
      0.2129487478375054
      0.2131836895528024
      0.2133820295776414
       0.213542644776239
      0.2136644190932689
      0.2137462454953002
      0.2137870280065654
      0.2137856838398292
      0.2137411456229467
      0.2136523637215185
      0.2135183086578691
      0.2133379736264037
      0.2131103771052302
      0.2128345655637675
      0.2125096162659149
       0.212134640168206
      0.2117087849122422
      0.2112312379105802
      0.2107012295251416
      0.2101180363371259
      0.2094809845073385
      0.2087894532258014
      0.2080428782494904
      0.2072407555270493
       0.206382644909372
        0.20546817394501
      0.2044970417594749
      0.2034690230176513
      0.2023839719687235
      0.2012418265732531
      0.2000426127123181
      0.1987864484789435
      0.1974735485524078
      0.1961042286564064
      0.1946789101024688
      0.1931981244204643
      0.1916625180784653
      0.1900728572946533
      0.1884300329443171
      0.1867350655652729
      0.1849891104651852
      0.1831934629342292
       0.181349563566229
      0.1794590036907595
      0.1775235309175837
      0.1755450547930958
      0.1735256525659845
      0.1714675750559316
      0.1693732526145939
      0.1672453011621141
      0.1650865282746558
      0.1628999392886144
      0.1606887433748009
      0.1584563595206063
      0.1562064223394189
      0.1539427876039016
      0.1516695373726116
      0.1493909845473843
      0.1471116766615044
      0.1448363986556961
      0.1425701743503689
      0.1403182662687104
      0.1380861734069958
      0.1358796264874529
       0.133704580167662
      0.1315672016223959
      0.1294738548639648
      0.1274310801319781
      0.1254455676710101
      0.1235241252344196
      0.1216736387151233
      0.1199010254203931
      0.1182131796879286
      0.1166169107923885
      0.1151188734186881
      0.1137254913775126
      0.1124428756976029
      0.1112767387258083
      0.1102323063658646
      0.1093142310463741
      0.1085265083766528
      0.1078724006735955
      0.1073543705769227
      0.1069740277815208
      0.1067320914928954
      0.1066283705703254
       0.106661762505003
      0.1068302714539961
       0.107131044597656
      0.1075604251947886
       0.108114019955151
      0.1087867777925653
      0.1095730766982067
      0.1104668153883088
      0.1114615065136974
      0.1125503685305336
      0.1137264137710366
      0.1149825307650242
      0.1163115593967593
      0.1177063579944334
      0.1191598619105048
      0.1206651335406781
      0.1222154040388511
      0.1238041072147544
      0.1254249062563207
      0.1270717140099058
      0.1287387075899847
      0.1304203380877608
      0.1321113361163435
      0.1338067138784617
      0.1355017643790531
      0.1371920583357949
      0.1388734392703741
      0.1405420171953423
      0.1421941612479148
      0.1438264915643198
      0.1454358706368869
      0.1470193943510864
      0.1485743828609881
      0.1500983714286816
      0.1515891013255405
      0.1530445108702521
      0.1544627266596587
      0.1558420550331087
       0.157180973798665
      0.1584781242396817
      0.1597323034125234
      0.1609424567401897
      0.1621076709020132
      0.1632271670161434
      0.1643002941089979
      0.1653265228640602
      0.1663054396411772
      0.1672367407567363
      0.1681202270146691
      0.1689557984780662
      0.1697434494712131
        0.17048326380203
      0.1711754101951714
      0.1718201379263804
      0.1724177726490735
      0.1729687124045389
       0.173473423807542
      0.1739324383995413
      0.1743463491621166
      0.1747158071835903
      0.1750415184721814
       0.175324240909367
       0.175564781337429
      0.1757639927754491
      0.1759227717582577
      0.1760420557930704
      0.1761228209287329
      0.1761660794326614
      0.1761728775706992
      0.1761442934852162
      0.1760814351668602
      0.1759854385154208
      0.1758574654852965
      0.1756987023110603
      0.1755103578086042
      0.1752936617473055
      0.1750498632886035
      0.1747802294863088
      0.1744860438438811
       0.174168604923826
      0.1738292250042603
      0.1734692287775977
      0.1730899520862087
      0.1726927406898191
      0.1722789490593237
      0.1718499391916307
      0.1714070794400995
      0.1709517433551097
      0.1704853085293045
      0.1700091554420833
      0.1695246662979927
      0.1690332238537788
      0.1685362102290189
      0.1680350056954592
      0.1675309874404432
      0.1670255283001232
      0.1665199954585213
      0.1660157491089242
      0.1655141410745846
      0.1650165133862401
      0.1645241968145577
      0.1640385093562659
      0.1635607546734396
      0.1630922204861537
       0.162634176919519
      0.1621878748069411
      0.1617545439523045
      0.1613353913546649
      0.1609315993999204
      0.1605443240248259
      0.1601746928595897
      0.1598238033561484
      0.1594927209100292
      0.1591824769844735
      0.1588940672461947
      0.1586284497227603
       0.158386542992113
       0.158169224415165
      0.1579773284226961
      0.1578116448679588
      0.1576729174564219
      0.1575618422639692
      0.1574790663546069
        0.15742518650831
      0.1574007480690736
       0.157406243922511
      0.1574421136114847
      0.1575087425972596
      0.1576064616725613
      0.1577355465317007
      0.1578962175016283
      0.1580886394364098
      0.1583129217761999
      0.1585691187703527
      0.1588572298628703
      0.1591772002369717
      0.1595289215141945
      0.1599122326021386
      0.1603269206837369
      0.1607727223398275
      0.1612493247958008
      0.1617563672822305
      0.1622934424986741
      0.1628600981692502
      0.1634558386781738
      0.1640801267731611
      0.1647323853244886
      0.1654119991275169
      0.1661183167366473
      0.1668506523189738
      0.1676082875162978
      0.1683904733046893
      0.1691964318413861
        0.17002535828951
      0.1708764226118289
      0.1717487713255976
       0.172641529211349
      0.1735538009693678
      0.1744846728184517
      0.1754332140324375
      0.1763984784108214
      0.1773795056806443
      0.1783753228276118
      0.1793849453551842
      0.1804073784710931
      0.1814416182014073
      0.1824866524328884
       0.183541461884933
      0.1846050210128983
      0.1856762988450495
      0.1867542597557445
         0.1878378641778
      0.1889260692572451
      0.1900178294538864
      0.1911120970912657
      0.1922078228597143
      0.1933039562762741
      0.1943994461052939
      0.1954932407435077
      0.1965842885733707
      0.1976715382883722
      0.1987539391939735
      0.1998304414877156
      0.2008999965219471
      0.2019615570524992
      0.2030140774765218
      0.2040565140625691
      0.2050878251759043
      0.2061069715018765
      0.2071129162701069
        0.20810462548212
      0.2090810681449512
      0.2100412165131763
      0.2109840463417203
      0.2119085371517319
      0.2128136725117384
      0.2136984403362349
       0.214561833203806
      0.2154028486968232
      0.2162204897647114
      0.2170137651127302
      0.2177816896181637
      0.2185232847757618
      0.2192375791742235
      0.2199236090054506
       0.220580418608239
      0.2212070610480051
       0.221802598734067
        0.22236610407592
       0.222896660179855
      0.2233933615871746
      0.2238553150551604
      0.2242816403818397
      0.2246714712754894
      0.2250239562697062
      0.2253382596847562
      0.2256135626358056
      0.2258490640885271
      0.2260439819624636
      0.2261975542824355
      0.2263090403781796
      0.2263777221323213
      0.2264029052767042
       0.226383920737035
      0.2263201260257439
      0.2262109066829175
      0.2260556777651272
      0.2258538853819591
      0.2256050082800381
      0.2253085594743469
        0.22496408792665
      0.2245711802708583
      0.2241294625851995
      0.2236386022110988
      0.2230983096187149
      0.2225083403191249
      0.2218684968231948
      0.2211786306472202
      0.2204386443654611
      0.2196484937097292
      0.2188081897162109
      0.2179178009197216
      0.2169774555955838
      0.2159873440492949
      0.2149477209541085
      0.2138589077365727
      0.2127212950099632
      0.2115353450553989
      0.2103015943502322
      0.2090206561430586
      0.2076932230743713
      0.2063200698415024
      0.2049020559060069
      0.2034401282410651
      0.2019353241157712
       0.200388773912322
      0.1988017039710987
      0.1971754394574146
      0.1955114072422468
        0.19381113878755
      0.1920762730247161
      0.1903085592123473
      0.1885098597567085
      0.1866821529749447
      0.1848275357773463
      0.1829482262405438
      0.1810465660384493
      0.1791250226919762
      0.1771861915919948
      0.1752327977425691
      0.1732676971632329
      0.1712938778798869
      0.1693144604238465
      0.1673326977477026
      0.1653519744550931
       0.163375805229398
      0.1614078323340597
      0.1594518220450557
      0.1575116598645445
      0.1555913443545155
      0.1536949794212166
      0.1518267648762072
      0.1499909850992312
      0.1481919956330439
      0.1464342075522722
      0.1447220694688282
      0.1430600470667696
      0.1414526001011117
      0.1399041568489203
      0.1384190860675543
      0.1370016665939816
      0.1356560548095783
      0.1343862502945598
      0.1331960601018417
       0.132089062187047
       0.131068568633826
      0.1301375894049243
      0.1292987974223051
      0.1285544958269174
      0.1279065882839072
      0.1273565531771474
      0.1269054224750198
      0.1265537659472337
      0.1263016812729988
       0.126148790410043
      0.1260942424005236
      0.1261367225846306
      0.1262744679876081
      0.1265052884530541
       0.126826592925678
      0.1272354201491458
      0.1277284729454173
      0.1283021551841539
      0.1289526105342403
      0.1296757621113082
      0.1304673521901535
       0.131322981232337
      0.1322381455795091
      0.1332082732744634
      0.1342287575875274
      0.1352949879395007
      0.1364023780190677
      0.1375463909888701
      0.1387225617579595
      0.1399265163680511
      0.1411539885967303
      0.1424008339231319
      0.1436630410317608
      0.1449367410495136
      0.1462182147212336
      0.1475038977319214
      0.1487903843806325
      0.1500744298035461
      0.1513529509329652
       0.152623026366181
      0.1538818953040832
      0.1551269557048371
      0.1563557617834041
      0.1575660209735678
      0.1587555904557154
       0.159922473341093
      0.1610648145917182
      0.1621808967446284
      0.1632691354996749
      0.1643280752216094
      0.1653563843996921
      0.1663528511014191
      0.1673163784511447
      0.1682459801592807
      0.1691407761233212
      0.1699999881180874
      0.1708229355892532
      0.1716090315613243
      0.1723577786687594
      0.1730687653167756
      0.1737416619765431
      0.1743762176178891
      0.1749722562812827
      0.1755296737897147
      0.1760484346001052
      0.1765285687930385
      0.1769701691989213
      0.1773733886580724
      0.1777384374117639
      0.1780655806208253
      0.1783551360080996
      0.1786074716207683
      0.1788230037083578
      0.1790021947120705
      0.1791455513609593
      0.1792536228703684
      0.1793269992379889
      0.1793663096328241
      0.1793722208723125
      0.1793454359828225
       0.179286692838691
      0.1791967628749415
       0.179076449868768
      0.1789265887848184
       0.178748044679239
      0.1785417116573655
      0.1783085118798497
      0.1780493946119046
      0.1777653353102325
      0.1774573347420685
      0.1771264181306379
      0.1767736343211814
      0.1764000549615583
      0.1760067736913027
      0.1755949053328705
      0.1751655850787041
      0.1747199676676371
      0.1742592265440933
      0.1737845529934871
      0.1732971552472277
      0.1727982575507636
      0.1722890991881852
      0.1717709334570365
      0.1712450265871787
       0.170712656597794
      0.1701751120869355
      0.1696336909484076
       0.169089699011207
      0.1685444485972752
      0.1679992569938991
      0.1674554448377543
      0.1669143344083107
      0.1663772478291148
      0.1658455051763176
       0.165320422494734
      0.1648033097226896
      0.1642954685279357
      0.1637981900579703
      0.1633127526092064
      0.1628404192205498
      0.1623824351980891
      0.1619400255787442
      0.1615143925418563
      0.1611067127788199
       0.160718134831932
      0.1603497764146717
       0.160002721726578
      0.1596780187767798
      0.1593766767310074
      0.1590996632975821
      0.1588479021684033
      0.1586222705313375
      0.1584235966706251
      0.1582526576719559
      0.1581101772487178
      0.1579968237055646
      0.1579132080549038
      0.1578598823011397
      0.1578373379065463
      0.1578460044514809
      0.1578862485002975
      0.1579583726827877
      0.1580626149992923
      0.1581991483557981
      0.1583680803333999
      0.1585694531944804
       0.158803244125885
      0.1590693657172662
      0.1593676666706779
      0.1596979327354507
      0.1600598878604018
      0.1604531955535622
      0.1608774604378642
      0.1613322299896567
      0.1618169964455163
      0.1623311988616292
      0.1628742253090407
      0.1634454151873122
      0.1640440616386101
      0.1646694140439601
      0.1653206805833488
      0.1659970308415231
      0.1666975984417234
      0.1674214836901737
      0.1681677562149244
      0.1689354575835822
      0.1697236038855453
      0.1705311882655744
      0.1713571833968376
      0.1722005438829549
      0.1730602085800116
      0.1739351028309785
      0.1748241406064562
      0.1757262265471247
      0.1766402579047056
      0.1775651263796167
      0.1784997198547975
      0.1794429240263924
      0.1803936239330847
      0.1813507053868663
      0.1823130563088899
      0.1832795679747891
      0.1842491361744421
      0.1852206622916149
       0.186193054309235
       0.187165227746222
      0.1881361065318492
      0.1891046238235236
      0.1900697227736727
      0.1910303572511141
      0.1919854925218759
      0.1929341058939512
      0.1938751873299024
      0.1948077400306298
      0.1957307809929605
      0.1966433415430522
      0.1975444678469277
      0.1984332213987955
       0.199308679487179
      0.2001699356382793
      0.2010161000354633
       0.201846299913293
      0.2026596799241208
      0.2034554024749643
      0.2042326480321589
      0.2049906153911645
      0.2057285219088813
      0.2064456036959045
      0.2071411157663221
      0.2078143321429224
        0.20846454591603
      0.2090910692546164
        0.20969323336883
      0.2102703884236422
      0.2108219034039086
      0.2113471659317751
