                       0
   4.996626666669332e-05
   0.0001997269431940641
   0.0004490676792340468
    0.000797764604683003
    0.001245584370899368
    0.001792284192525112
    0.002437611889722095
     0.00318130593058039
    0.004023095473398436
    0.004962700408494546
    0.005999831399154539
    0.007134189921274534
    0.008365468301221488
     0.00969334975139529
     0.01111750840287114
     0.01263760933461928
     0.01425330859854795
     0.01596425323976041
     0.01777008131131619
     0.01967042188270627
       0.021664895041269
     0.02375311188591185
     0.02593467451202973
      0.0282091759870697
     0.03057620031564841
     0.03303532239351598
     0.03558610794936728
     0.03822811347355477
      0.0409608861329827
     0.04378396367100219
     0.04669687429148799
     0.04969913652620146
     0.05279025908439756
     0.05596974068378846
     0.05923706986190231
     0.06259172476689638
      0.0660331729269258
     0.06956087099712634
     0.07317426448323144
     0.07687278744118646
     0.08065586215145421
     0.08452289876769038
     0.08847329493853963
     0.09250643540201332
     0.09662169155154335
      0.1008184209732534
      0.1050959669533379
       0.109453657955442
      0.1138908070670217
       0.118406711414584
      0.1230006515467617
      0.1276718907857073
      0.1324196745456196
      0.1372432296187877
      0.1421417634284743
      0.1471144632491287
      0.1521604953936574
      0.1572790043677236
      0.1624691119918419
      0.1677299164909765
      0.1730604915523282
      0.1784598853526763
      0.1839271195544463
      0.1894611882732422
      0.1950610570157762
       0.200725661591695
      0.2064539069985607
      0.2122446662828254
      0.2180967793780839
      0.2240090519224481
      0.2299802540567496
      0.2360091192068762
      0.2420943428517874
      0.2482345812799431
      0.2544284503381155
      0.2606745241739408
      0.2669713339769827
      0.2733173667225567
      0.2797110639190379
      0.2861508203668048
      0.2926349829300756
      0.2991618493277043
      0.3057296669480357
      0.3123366316909569
      0.3189808868448551
      0.3256605220026564
      0.3323735720232629
      0.3391180160442015
      0.3458917765509483
      0.3526927185113992
      0.3595186485801632
      0.3663673143799878
      0.3732364038673076
      0.3801235447900241
      0.3870263042420006
      0.3939421883253649
      0.4008686419234631
      0.4078030485955614
      0.4147427305987815
      0.4216849490444693
      0.4286269041966013
      0.4355657359191092
      0.4424985242784154
      0.4494222903088186
      0.4563339969459337
      0.4632305501356279
      0.4701088001213888
      0.4769655429181081
      0.4837975219761729
      0.4906014300386883
      0.4973739111971781
       0.504111563148134
      0.5108109396511492
      0.5174685531933655
      0.5240808778573077
      0.5306443523944587
      0.5371553835038235
      0.5436103493108567
      0.5500056030459353
      0.5563374769201882
      0.5626022861897412
      0.5687963334048036
      0.5749159128385236
      0.5809573150832218
      0.5869168318100582
      0.5927907606767173
      0.5985754103783844
      0.6042671058245737
      0.6098621934313875
      0.6153570465148014
      0.6207480707713108
      0.6260317098286099
      0.6312044508514387
      0.6362628301852544
      0.6412034390196525
      0.6460229290554308
      0.6507180181536421
      0.6552854959515394
      0.6597222294231176
      0.6640251683676338
      0.6681913508060786
      0.6722179082664317
      0.6761020709395851
      0.6798411726856196
      0.6834326558759171
      0.6868740760505297
       0.690163106374746
      0.6932975418787718
      0.6962753034676196
        0.69909444168197
      0.7017531402013345
       0.704249719073181
      0.7065826376619766
      0.7087504973041769
      0.7107520436594582
      0.7125861687567686
      0.7142519127224364
      0.7157484651907853
       0.717075166389761
      0.7182315079040441
      0.7192171331110283
      0.7200318372932247
       0.720675567427453
      0.7211484216560761
      0.7214506484434896
      0.7215826454237985
      0.7215449579483961
      0.7213382773386472
      0.7209634388568947
      0.7204214194023305
      0.7197133349447492
      0.7188404377070826
      0.7178041131116273
       0.716605876498194
      0.7152473696348193
       0.713730357029944
      0.7120567220623004
      0.7102284629453883
      0.7082476885389113
       0.706116614024642
      0.7038375564620379
      0.7014129302375122
      0.6988452424232626
      0.6961370880647098
      0.6932911454032468
      0.6903101710582499
      0.6871969951781317
      0.6839545165722482
      0.6805856978426876
      0.6770935605263009
      0.6734811802576934
      0.6697516819701145
      0.6659082351403671
      0.6619540490935246
      0.6578923683736886
      0.6537264681926668
      0.6494596499671752
       0.645095236947558
      0.6406365699523138
      0.6360870032099144
      0.6314499003186916
      0.6267286303264009
      0.6219265639389001
      0.6170470698581753
      0.6120935112561579
      0.6070692423885387
      0.6019776053460452
      0.5968219269523699
      0.5916055158034228
       0.586331659455074
      0.5810036217538234
      0.5756246403146896
      0.5701979241446524
      0.5647266514106771
      0.5592139673482752
       0.553662982315172
      0.5480767699805797
      0.5424583656539453
      0.5368107647448368
      0.5311369213575803
       0.525439747009721
      0.5197221094773665
      0.5139868317599087
      0.5082366911627405
      0.5024744184914862
      0.4967026973549951
       0.490924163573387
      0.4851414046870079
      0.4793569595582751
      0.4735733180685974
      0.4677929208998728
      0.4620181593994072
       0.456251375523152
      0.4504948618523947
      0.4447508616804523
      0.4390215691643026
      0.4333091295375293
      0.4276156393795347
      0.4219431469391787
      0.4162936525057861
      0.4106691088269696
      0.4050714215662586
      0.3995024498001503
       0.393964006548815
      0.3884578593382542
       0.382985730790449
      0.3775492992380411
      0.3721501993611341
      0.3667900228433822
      0.3614703190446847
      0.3561925956870259
      0.3509583195525654
      0.3457689171904167
      0.3406257756312821
      0.3355302431063189
      0.3304836297696624
       0.325487208422115
      0.3205422152345701
      0.3156498504698769
      0.3108112792008774
      0.3060276320244498
      0.3013000057691229
      0.2966294641962025
      0.2920170386924626
      0.2874637289542288
      0.2829705036616491
      0.2785383011414144
      0.2741680300196138
       0.269860569861658
      0.2656167717996841
      0.2614374591475786
      0.2573234280017581
      0.2532754478288649
      0.2492942620391013
      0.2453805885446196
      0.2415351203043635
      0.2377585258533267
      0.2340514498175079
      0.2304145134134779
      0.2268483149331344
      0.2233534302138223
      0.2199304130928234
       0.216579795847541
      0.2133020896206128
       0.210097784830453
      0.2069673515670918
      0.2039112399736907
      0.2009298806139808
      0.1980236848252463
      0.1951930450580339
      0.1924383352016475
      0.1897599108967286
      0.1871581098345742
      0.1846332520433504
      0.1821856401617308
      0.1798155597002811
      0.1775232792905202
      0.1753090509222898
      0.1731731101693195
      0.1711156764033008
      0.1691369529973035
      0.1672371275181132
      0.1654163719077436
      0.1636748426552186
      0.1620126809576815
      0.1604300128717467
      0.1589269494557244
      0.1575035869021272
      0.1561600066606749
      0.1548962755532858
      0.1537124458794706
      0.1526085555136475
      0.1515846279940969
      0.1506406726038063
      0.1497766844431111
      0.1489926444949213
      0.1482885196819788
      0.1476642629168259
       0.147119813144547
      0.1466550953778271
      0.1462700207256243
      0.1459644864143838
      0.1457383758024732
      0.1455915583880607
      0.1455238898101192
      0.1455352118430454
      0.1456253523845595
      0.1457941254375182
      0.1460413310849627
      0.1463667554593915
      0.1467701707053232
      0.1472513349357273
      0.1478099921828565
      0.1484458723424915
       0.149158691112094
      0.1499481499234642
      0.1508139358689696
      0.1517557216222171
      0.1527731653528182
      0.1538659106351797
       0.155033586351839
      0.1562758065909462
      0.1575921705382778
       0.158982262363441
      0.1604456511013027
       0.161981890527181
      0.1635905190274158
      0.1652710594648352
      0.1670230190388693
      0.1688458891410534
      0.1707391452056014
      0.1727022465561555
      0.1747346362473644
      0.1768357409026637
      0.1790049705483931
      0.1812417184442494
      0.1835453609102755
      0.1859152571507406
      0.1883507490754322
      0.1908511611188956
      0.1934158000569482
      0.1960439548223024
      0.1987348963186993
      0.2014878772347442
      0.2043021318568189
      0.2071768758829278
       0.210111306237245
      0.2131046008859315
      0.2161559186553344
      0.2192643990525246
      0.2224291620892354
      0.2256493081100858
      0.2289239176251689
      0.2322520511486004
      0.2356327490430987
      0.2390650313716501
      0.2425478977569602
      0.2460803272503348
       0.249661278209375
      0.2532896881868566
       0.256964473831321
      0.2606845307991617
      0.2644487336809869
      0.2682559359418741
      0.2721049698775631
       0.275994646586204
      0.2799237559584435
      0.2838910666846705
      0.2878953262826787
      0.2919352611450295
      0.2960095766081744
      0.3001169570436765
      0.3042560659722352
      0.3084255462026581
      0.3126240199954052
      0.3168500892524548
      0.3211023357329373
      0.3253793212978598
      0.3296795881817596
      0.3340016592934624
      0.3383440385474929
      0.3427052112240977
      0.3470836443606667
      0.3514777871742086
      0.3558860715145146
      0.3603069123494249
      0.3647387082811778
      0.3691798420945942
      0.3736286813374599
      0.3780835789307631
      0.3825428738116277
      0.3870048916058658
      0.3914679453310179
      0.3959303361287883
      0.4003903540257828
      0.4048462787226627
      0.4092963804097884
      0.4137389206080468
      0.4181721530343982
      0.4225943244904469
      0.4270036757718605
      0.4313984425988087
       0.435776856563218
      0.4401371460934783
      0.4444775374332398
      0.4487962556334447
      0.4530915255547147
      0.4573615728779771
      0.4616046251238176
      0.4658189126742072
      0.4700026697993064
      0.4741541356839209
      0.4782715554530186
      0.4823531811950016
      0.4863972729815572
      0.4904020998797446
      0.4943659409578374
      0.4982870862829973
      0.5021638379082852
      0.5059945108496262
      0.5097774340533078
      0.5135109513491148
      0.5171934223938208
      0.5208232236029486
      0.5243987490710109
      0.5279184114815141
      0.5313806430072645
      0.5347838962022134
      0.5381266448857001
      0.5414073850228749
      0.5446246355985167
      0.5477769394933824
      0.5508628643583062
       0.553881003490984
      0.5568299767208031
      0.5597084312986758
      0.5625150427997548
      0.5652485160382718
      0.5679075859956062
      0.5704910187703283
      0.5729976125436826
      0.5754261985688518
      0.5777756421824159
      0.5800448438416815
      0.5822327401854178
      0.5843383051201874
      0.5863605509337766
      0.5882985294320863
      0.5901513330998298
       0.591918096284866
       0.593597996400513
      0.5951902551447691
      0.5966941397341107
      0.5981089641453236
      0.5994340903619537
      0.6006689296193015
      0.6018129436446069
      0.6028656458803878
       0.603826602690229
      0.6046954345368435
      0.6054718171239492
      0.6061554824948389
      0.6067462200811843
       0.607243877690247
      0.6076483624243574
      0.6079596415252327
      0.6081777431319293
      0.6083027569463648
      0.6083348347990807
      0.6082741911050278
      0.6081211032063824
      0.6078759115934601
      0.6075390199985589
      0.6071108953569597
      0.6065920676326517
      0.6059831295038868
      0.6052847359061198
      0.6044976034312954
      0.6036225095817718
      0.6026602918806315
      0.6016118468371676
      0.6004781287737537
        0.59926014851261
      0.5979589719295066
      0.5965757183799318
      0.5951115590000455
      0.5935677148943924
      0.5919454552125147
      0.5902460951279243
      0.5884709937244773
      0.5866215517988115
      0.5846992095951571
      0.5827054444745897
      0.5806417685344222
      0.5785097261884099
      0.5763108917152855
      0.5740468667904722
      0.5717192780089113
      0.5693297744119604
      0.5668800250264263
      0.5643717164292193
      0.5618065503428996
      0.5591862412754985
      0.5565125142109812
      0.5537871023590494
      0.5510117449731953
      0.5481881852411999
      0.5453181682551544
      0.5424034390690672
      0.5394457408459206
      0.5364468130970468
      0.5334083900211386
      0.5303321989414737
      0.5272199588448744
      0.5240733790238978
      0.5208941578198039
      0.5176839814700274
      0.5144445230554718
      0.5111774415475335
      0.5078843809531258
      0.5045669695557001
       0.501226819245578
      0.4978655249405596
       0.494484664090954
      0.4910857962641446
      0.4876704628068068
      0.4842401865760477
       0.480796471739146
      0.4773408036348053
      0.4738746486908987
      0.4703994543942513
      0.4669166493070255
       0.463427643126688
      0.4599338267812133
      0.4564365725584894
      0.4529372342634118
      0.4494371473989209
      0.4459376293660184
      0.4424399796805072
      0.4389454802002304
      0.4354553953621414
      0.4319709724240457
      0.4284934417079359
      0.4250240168433191
      0.4215638950077478
      0.4181142571606816
      0.4146762682717795
      0.4112510775385719
       0.407839818593872
      0.4044436097021258
      0.4010635539410711
      0.3977007393715025
      0.3943562391905259
      0.3910311118712364
      0.3877264012861387
      0.3844431368158298
      0.3811823334415738
      0.3779449918223982
      0.3747320983576479
      0.3715446252348837
      0.3683835304622058
      0.3652497578887993
      0.3621442372105526
      0.3590678839644505
      0.3560215995103901
      0.3530062710029198
      0.3500227713520979
      0.3470719591752645
      0.3441546787403117
      0.3412717599021167
      0.3384240180302795
      0.3356122539331812
      0.3328372537747623
      0.3300997889890249
      0.3274006161893233
      0.3247404770755841
      0.3221200983390656
      0.3195401915664125
      0.3170014531421889
      0.3145045641518178
      0.3120501902843042
      0.3096389817366808
      0.3072715731196671
      0.3049485833643582
      0.3026706156328717
       0.300438257230077
      0.2982520795195934
      0.2961126378422728
      0.2940204714382826
      0.2919761033733311
      0.2899800404689113
      0.2880327732354346
      0.2861347758117291
      0.2842865059064101
      0.2824884047451235
      0.2807408970222463
       0.279044390855715
      0.2773992777469411
      0.2758059325454243
      0.2742647134163947
      0.2727759618138193
      0.2713400024570802
      0.2699571433109714
      0.2686276755703928
       0.267351873648089
      0.2661299951662817
      0.2649622809518157
       0.263848955034057
      0.2627902246464924
      0.2617862802307429
      0.2608372954440016
      0.2599434271685005
      0.2591048155237421
      0.2583215838809882
      0.2575938388802719
      0.2569216704490347
      0.2563051518229781
      0.2557443395685606
      0.2552392736073963
      0.2547899772417294
      0.2543964571822997
      0.2540587035768519
      0.2537766900399203
      0.2535503736846476
      0.2533796951552303
      0.2532645786604905
      0.2532049320092702
      0.2532006466460826
      0.2532515976886637
      0.2533576439664892
      0.2535186280606815
      0.2537343763448067
      0.2540046990275373
      0.2543293901962934
        0.25470822786338
      0.2551409740124622
      0.2556273746477886
      0.2561671598456262
      0.2567600438066545
      0.2574057249118396
      0.2581038857805664
      0.2588541933307583
      0.2596562988425779
      0.2605098380254889
      0.2614144310880143
      0.2623696828118159
      0.2633751826283655
      0.2644305047023447
      0.2655352080161255
      0.2666888364616489
      0.2678909189355664
      0.2691409694404913
      0.2704384871914988
       0.271782956728254
      0.2731738480328517
      0.2746106166547621
      0.2760927038411235
      0.2776195366748899
       0.279190528219245
      0.2808050776692739
      0.2824625705108391
      0.2841623786874699
      0.2859038607746077
      0.2876863621610488
      0.2895092152394744
      0.2913717396037907
      0.2932732422551459
      0.2952130178154034
      0.2971903487493784
      0.2992045055939057
      0.3012547471959174
      0.3033403209571949
      0.3054604630874083
      0.3076143988638252
      0.3098013428984652
      0.3120204994121164
      0.3142710625148067
      0.3165522164917431
      0.3188631360960172
      0.3212029868453086
      0.3235709253240219
       0.325966099490259
      0.3283876489845348
       0.330834705443346
       0.333306392814386
      0.3358018276731519
      0.3383201195410185
      0.3408603712038894
      0.3434216790291349
      0.3460031332821474
      0.3486038184412575
      0.3512228135085213
      0.3538591923175764
      0.3565120238371537
      0.3591803724682258
      0.3618632983359253
      0.3645598575740593
      0.3672691026010986
      0.3699900823885185
      0.3727218427190566
      0.3754634264342873
       0.378213873672486
      0.3809722220934069
      0.3837375070915023
      0.3865087619958665
      0.3892850182564737
      0.3920653056170046
      0.3948486522724539
      0.3976340850119499
      0.4004206293471476
      0.4032073096237531
      0.4059931491190261
      0.4087771701228916
      0.4115583940031136
      0.4143358412557041
      0.4171085315407776
      0.4198754837022423
      0.4226357157745371
        0.42538824497528
      0.4281320876857095
      0.4308662594188968
      0.4335897747776563
      0.4363016474032027
      0.4390008899162789
      0.4416865138518521
      0.4443575295886297
       0.447012946277672
      0.4496517717709644
       0.452273012550602
      0.4548756736644994
      0.4574587586691087
       0.460021269582507
      0.4625622068525608
      0.4650805693406384
      0.4675753543269794
      0.4700455575396796
      0.4724901732121719
      0.4749081941728948
      0.4772986119695644
      0.4796604170344341
      0.4819925988941357
      0.4842941464253424
      0.4865640481645807
      0.4888012926729398
        0.49100486896058
      0.4931737669766209
      0.4953069781622339
      0.4974034960771323
       0.499462317097965
      0.5014824411924286
      0.5034628727707431
      0.5054026216166653
      0.5073007038984487
      0.5091561432627101
      0.5109679720075737
      0.5127352323369163
      0.5144569776927412
      0.5161322741666863
      0.5177602019852938
      0.5193398570639512
      0.5208703526293638
      0.5223508209029305
      0.5237804148401086
      0.5251583099176313
      0.5264837059623667
      0.5277558290143326
      0.5289739332143195
      0.5301373027062845
      0.5312452535448671
      0.5322971355985935
      0.5332923344376571
      0.5342302731920727
      0.5351104143735724
      0.5359322616457449
      0.5366953615331687
      0.5373993050556028
      0.5380437292776397
      0.5386283187616306
      0.5391528069137296
      0.5396169772113095
      0.5400206643030446
      0.5403637549716858
      0.5406461889522897
      0.5408679595975956
      0.5410291143830197
      0.5411297552480729
      0.5411700387676776
      0.5411501761509796
      0.5410704330645448
      0.5409311292810496
      0.5407326381525658
      0.5404753859062827
      0.5401598507736953
      0.5397865619497928
      0.5393560983897372
        0.53886908745037
      0.5383262033816899
      0.5377281656787014
        0.53707573730059
      0.5363697227696146
      0.5356109661577344
      0.5348003489738206
      0.5339387879647012
      0.5330272328390923
      0.5320666639285425
      0.5310580897995923
      0.5300025448291789
      0.5289010867529087
        0.52775479420477
       0.526564764256796
      0.5253321099708348
      0.5240579579774093
      0.5227434460881363
      0.5213897209583529
      0.5199979358036132
      0.5185692481844981
      0.5171048178665648
      0.5156058047622362
      0.5140733669627737
      0.5125086588686145
      0.5109128294172169
      0.5092870204218256
      0.5076323650164709
      0.5059499862137915
      0.5042409955792344
      0.5025064920202079
      0.5007475606904414
      0.4989652720102585
      0.4971606808045254
      0.4953348255495357
      0.4934887277329638
      0.4916233913229672
      0.4897398023406726
      0.4878389285333109
      0.4859217191458992
      0.4839891047843751
      0.4820419973666299
      0.4800812901561161
      0.4781078578736029
       0.476122556879701
      0.4741262254260335
      0.4721196839658862
      0.4701037355214365
      0.4680791661017182
      0.4660467451635448
      0.4640072261148147
      0.4619613468492388
      0.4599098303119331
      0.4578533850888912
      0.4557927060158412
      0.4537284748021491
      0.4516613606654592
      0.4495920209728447
      0.4475211018843308
      0.4454492389962163
      0.4433770579784979
       0.441305175206505
      0.4392341983797296
      0.4371647271297807
      0.4350973536105367
      0.4330326630719287
      0.4309712344121508
      0.4289136407087253
       0.426860449727096
      0.4248122244020667
      0.4227695232950006
      0.4207329010237762
      0.4187029086635958
      0.4166800941205608
      0.4146650024753984
      0.4126581762977381
      0.4106601559308223
      0.4086714797462312
      0.4066926843688444
      0.4047243048723238
      0.4027668749447139
      0.4008209270255702
        0.39888699241398
      0.3969656013486873
      0.3950572830603113
      0.3931625657973133
      0.3912819768253162
      0.3894160424008123
      0.3875652877209806
      0.3857302368494039
      0.3839114126187042
      0.3821093365118337
      0.3803245285222189
      0.3785575069938467
      0.3768087884429211
      0.3750788873608985
       0.373368316001407
      0.3716775841511231
      0.3700071988857771
      0.3683576643125586
      0.3667294813002661
      0.3651231471970955
      0.3635391555395727
      0.3619779957500204
      0.3604401528273459
      0.3589261070294033
      0.3574363335499223
      0.3559713021898541
      0.3545314770238073
      0.3531173160639753
      0.3517292709222433
      0.3503677864695454
      0.3490333004958975
      0.3477262433705203
      0.3464470377032914
      0.3451960980089235
      0.3439738303735392
      0.3427806321260127
      0.3416168915134033
      0.3404829873815787
      0.3393792888637253
       0.338306155073438
       0.337263934807594
      0.3362529662558515
      0.3352735767202939
      0.3343260823435803
      0.3334107878479897
      0.3325279862844853
      0.3316779587933211
      0.3308609743753484
      0.3300772896765988
      0.3293271487840129
      0.3286107830348475
      0.3279284108395049
      0.3272802375158563
      0.3266664551397492
       0.326087242408568
      0.3255427645180937
        0.32503317305537
      0.3245586059052695
      0.3241191871716381
      0.3237150271145898
      0.3233462221008641
      0.3230128545710756
      0.3227149930207758
      0.3224526919970749
      0.3222259921101377
      0.3220349200605416
       0.321879488679481
      0.3217596969862755
      0.3216755302587908
      0.3216269601186001
      0.3216139446310117
      0.3216364284186589
      0.3216943427886912
      0.3217876058738104
      0.3219161227853779
      0.3220797857807548
      0.3222784744405254
      0.3225120558601974
      0.3227803848504674
       0.323083304149768
      0.3234206446464497
      0.3237922256097308
      0.3241978549297857
       0.324637329366346
      0.3251104348033231
      0.3256169465102542
      0.3261566294094629
      0.3267292383481625
      0.3273345183728459
      0.3279722050085597
      0.3286420245379827
      0.3293436942823253
      0.3300769228821581
      0.3308414105760558
      0.3316368494782988
      0.3324629238516848
      0.3333193103770248
      0.3342056784173241
      0.3351216902741052
      0.3360670014382416
      0.3370412608303531
      0.3380441110329742
      0.3390751885119518
