                       0
   4.996626666666113e-05
   0.0001997269431941549
   0.0004490676792339637
   0.0007977646046832333
    0.001245584370899801
     0.00179228419252521
    0.002437611889722034
    0.003181305930580519
    0.004023095473399668
    0.004962700408497401
    0.005999831399157974
    0.007134189921277833
    0.008365468301226335
    0.009693349751394206
     0.01111750840286776
     0.01263760933461396
     0.01425330859854283
     0.01596425323976446
     0.01777008131132874
     0.01967042188271186
     0.02166489504128076
     0.02375311188592204
     0.02593467451204471
     0.02820917598708409
     0.03057620031566735
     0.03303532239354304
     0.03558610794938812
     0.03822811347358542
     0.04096088613302928
     0.04378396367105733
     0.04669687429155281
     0.04969913652627395
     0.05279025908447518
     0.05596974068386745
     0.05923706986197864
     0.06259172476697709
     0.06603317292702235
     0.06956087099723549
     0.07317426448338082
     0.07687278744135391
     0.08065586215164949
     0.08452289876790617
     0.08847329493876668
     0.09250643540223337
     0.09662169155177981
      0.1008184209734903
      0.1050959669535954
      0.1094536579557244
      0.1138908070673595
      0.1184067114149312
      0.1230006515471623
      0.1276718907861875
      0.1324196745462219
      0.1372432296194885
      0.1421417634292954
      0.1471144632501441
      0.1521604953949357
      0.1572790043694204
      0.1624691119940762
      0.1677299164938333
      0.1730604915561047
      0.1784598853576356
      0.1839271195610765
      0.1894611882819599
      0.1950610570273243
      0.2007256616069292
      0.2064539070186262
      0.2122446663092528
       0.218096779412811
      0.2240090519677903
      0.2299802541157654
       0.236009119283434
      0.2420943429506734
      0.2482345814073118
      0.2544284505014237
      0.2606745243824866
       0.266971334242617
      0.2733173670594498
      0.2797110643448443
      0.2861508209030645
      0.2926349836031485
      0.2991618501698667
      0.3057296679980922
      0.3123366329958637
      0.3189808884612479
      0.3256605239986693
        0.33237357448046
       0.339118019059689
      0.3458917802405413
      0.3526927230124965
      0.3595186540551015
      0.3663673210200648
      0.3732364118976118
      0.3801235544740286
      0.3870263158878526
      0.3939422022915209
      0.4008686586262487
      0.4078030685170117
      0.4147427542951098
      0.4216849771555258
      0.4286269374561497
      0.4355657751658618
      0.4424985704683139
      0.4494223445278646
      0.4563340604240861
      0.4632306242606167
      0.4701088864542308
      0.4769656432089653
      0.4837976381800737
      0.4906015643320237
      0.4973740659938997
       0.504111741115189
      0.5108111437242129
      0.5174687865904157
       0.524081144091452
      0.5306446552847093
      0.5371557271820809
      0.5436107382263997
      0.5500060419663193
      0.5563379709255898
      0.5626028406622379
      0.5687969540115073
      0.5749166055053944
      0.5809580859613169
      0.5869176872303088
      0.5927917070953382
      0.5985764543081062
      0.6042682537528286
      0.6098634517239278
      0.6153584213038397
      0.6207495678261878
      0.6260333344091384
      0.6312062075426983
      0.6362647227131846
      0.6412054700476644
      0.6460250999604121
      0.6507203287835561
      0.6552879443630917
      0.6597248116020208
      0.6640278779316727
      0.6681941786926556
      0.6722208424068596
      0.6761050959222084
       0.679844269412372
      0.6834358012134796
      0.6868772424812306
      0.6901662616518981
      0.6933006486915593
       0.696278319118478
      0.6990973177851427
      0.7017558224064208
      0.7042521468222644
      0.7065847439834586
      0.7087522086510362
      0.7107532798007262
      0.7125868427244498
      0.7142519308232144
      0.7157477270859054
       0.717073565250653
      0.7182289306458056
      0.7192134607096601
      0.7200269451886896
      0.7206693260156617
      0.7211406968698552
      0.7214413024231766
      0.7215715372768963
      0.7215319445947245
      0.7213232144394356
      0.7209461818205989
      0.7204018244627068
      0.7196912603033883
      0.7188157447324323
      0.7177766675830379
      0.7165755498878951
      0.7152140404125469
       0.713693911979947
      0.7120170576003183
      0.7101854864205585
      0.7082013195085969
      0.7060667854876884
      0.7037842160362949
      0.7013560412694686
      0.6987847850174863
      0.6960730600172794
      0.6932235630333708
       0.690239069923092
      0.6871224306621381
      0.6838765643459848
      0.6805044541816218
      0.6770091424844575
      0.6733937256948159
      0.6696613494271296
      0.6658152035655447
      0.6618585174179621
      0.6577945549407057
      0.6536266100449425
      0.6493580019949852
      0.6449920709089071
      0.6405321733696714
      0.6359816781555425
       0.631343962096749
      0.6266224060653789
      0.6218203911038781
      0.6169412946975615
      0.6119884871951117
      0.6069653283804134
      0.6018751641989214
      0.5967213236398651
      0.5915071157762216
       0.586235826962447
      0.5809107181905713
      0.5755350226036096
      0.5701119431651614
      0.5646446504835557
       0.559136280788618
      0.5535899340577662
      0.5480086722891311
      0.5423955179177569
       0.536753452371592
       0.531085414762728
       0.525394300710338
      0.5196829612902317
      0.5139542021067809
      0.5082107824822194
      0.5024554147586712
      0.4966907637078924
       0.490919446043612
      0.4851440300315328
      0.4793670351922944
       0.473590932091828
      0.4678181422147653
      0.4620510379157095
      0.4562919424437011
      0.4505431300352238
      0.4448068260711247
      0.4390852072930814
       0.433380402075232
      0.4276944907468913
      0.4220295059621378
      0.4163874331126297
      0.4107702107796732
      0.4051797312222358
      0.3996178408971703
      0.3940863410086488
      0.3885869880835213
      0.3831214945697214
      0.3776915294548994
      0.3722987189025978
       0.366944646903442
      0.3616308559389818
      0.3563588476560283
      0.3511300835492454
      0.3459459856501355
      0.3408079372204575
      0.3357172834484902
        0.33067533214641
      0.3256833544473422
      0.3207425855006871
      0.3158542251643822
      0.3110194386929686
      0.3062393574203145
      0.3015150794359949
        0.29684767025439
      0.2922381634756553
      0.2876875614377719
      0.2831968358589694
      0.2787669284699979
      0.2743987516354149
      0.2700931889636517
      0.2658510959052788
      0.2616733003390249
      0.2575606031453394
      0.2535137787670353
        0.24953357575687
      0.2456207173118874
      0.2417759017941639
      0.2379998032380389
      0.2342930718435863
      0.2306563344563462
      0.2270901950332478
      0.2235952350946779
      0.2201720141628281
      0.2168210701862419
      0.2135429199507104
      0.2103380594765679
      0.2072069644025314
      0.2041500903561713
      0.2011678733111682
       0.198260729931548
      0.1954290579029821
      0.1926732362514408
      0.1899936256492819
      0.1873905687090352
      0.1848643902650966
      0.1824153976435054
      0.1800438809200262
      0.1777501131667837
       0.175534350687636
      0.1733968332425395
      0.1713377842611402
       0.169357411045739
      0.1674559049639509
      0.1656334416312375
       0.163890181083496
      0.1622262679399961
      0.1606418315568421
      0.1591369861711117
      0.1577118310359524
      0.1563664505468561
       0.155100914359147
      0.1539152774970747
      0.1528095804545369
      0.1517838492876748
      0.1508380956994728
      0.1499723171165791
      0.1491864967584029
      0.1484806036987324
      0.1478545929199392
      0.1473084053599037
      0.1468419679518598
      0.1464551936571391
      0.1461479814910351
      0.1459202165418598
      0.1457717699832307
      0.1457024990797547
       0.145712247186121
      0.1458008437397417
       0.145968104246926
      0.1462138302627583
      0.1465378093646167
       0.146939815119512
      0.1474196070452328
      0.1479769305653001
      0.1486115169578957
      0.1493230832987432
      0.1501113323979559
      0.1509759527309845
      0.1519166183636347
      0.1529329888712382
       0.154024709252047
      0.1551914098348637
       0.156432706181006
      0.1577481989806494
       0.159137473943652
      0.1606001016848597
      0.1621356376041168
      0.1637436217609603
      0.1654235787441194
      0.1671750175360272
      0.1689974313723697
       0.170890297596899
      0.1728530775115527
       0.174885216222213
      0.1769861424801777
      0.1791552685195489
       0.181391989890787
      0.1836956852906804
      0.1860657163889565
      0.1885014276518217
       0.191002146162662
      0.1935671814403523
       0.196195825255327
      0.1988873514438923
       0.201641015721049
      0.2044560554923346
      0.2073316896649463
      0.2102671184586573
      0.2132615232169561
      0.2163140662188234
      0.2194238904916901
      0.2225901196260363
      0.2258118575921196
      0.2290881885594181
      0.2324181767192508
      0.2358008661112087
      0.2392352804539325
      0.2427204229808293
      0.2462552762812549
      0.2498388021479004
      0.2534699414308689
      0.2571476138990686
       0.260870718109715
      0.2646381312863521
      0.2684487092061945
      0.2723012860973063
      0.2761946745464401
      0.2801276654179675
      0.2840990277848032
      0.2881075088717581
       0.292151834012128
       0.296230706618081
      0.3003428081656102
      0.3044867981946912
      0.3086613143252248
      0.3128649722895991
      0.3170963659824055
      0.3213540675282208
       0.325636627367842
      0.3299425743640289
      0.3342704159273386
      0.3386186381626792
      0.3429857060376852
      0.3473700635734386
      0.3517701340584728
      0.3561843202869909
      0.3606110048220991
      0.3650485502851182
      0.3694952996719018
      0.3739495766971686
      0.3784096861681819
      0.3828739143886153
      0.3873405295941107
      0.3918077824206658
      0.3962739064072695
      0.4007371185342364
      0.4051956197986211
      0.4096475958283773
      0.4140912175368882
      0.4185246418194826
      0.4229460122936943
      0.4273534600851299
      0.4317451046605545
        0.43611905471037
      0.4404734090820185
       0.444806257766392
      0.4491156829389431
      0.4533997600574349
      0.4576565590180303
      0.4618841453711681
      0.4660805815992206
      0.4702439284567957
      0.4743722463753702
      0.4784635969331008
      0.4825160443905355
      0.4865276572928137
      0.4904965101387293
      0.4944206851163547
      0.4982982739047445
      0.5021273795410321
      0.5059061183513742
      0.5096326219438254
      0.5133050392613289
       0.516921538691419
      0.5204803102295271
      0.5239795676918592
      0.5274175509732474
      0.5307925283448652
      0.5341027987859555
      0.5373466943433159
      0.5405225825112571
      0.5436288686249867
      0.5466639982585531
      0.5496264596193052
      0.5525147859295203
      0.5553275577851675
      0.5580634054823789
      0.5607210113005698
      0.5632991117319226
      0.5657964996463716
      0.5682120263803718
       0.570544603739186
        0.57279320590091
      0.5749568712115791
      0.5770347038602752
      0.5790258754241058
      0.5809296262727999
      0.5827452668231494
      0.5844721786346547
      0.5861098153379082
      0.5876577033880374
      0.5891154426369446
      0.5904827067184162
      0.5917592432413127
      0.5929448737875285
      0.5940394937121286
      0.5950430717444573
      0.5959556493900133
       0.596777340134798
      0.5975083284541483
      0.5981488686299556
      0.5986992833815414
      0.5991599623162288
      0.5995313602070099
      0.5998139951062267
      0.6000084463047403
      0.6001153521473145
      0.6001354077160415
      0.6000693623942823
      0.5999180173242881
       0.599682222772691
      0.5993628754179996
      0.5989609155751714
      0.5984773243723885
       0.597913120895429
      0.5972693593148389
      0.5965471260113336
      0.5957475367144419
      0.5948717336691653
      0.5939208828449573
      0.5928961712007175
      0.5917988040190205
       0.590630002321579
      0.5893910003778999
      0.5880830433173168
      0.5867073848539818
      0.5852652851337062
      0.5837580087094995
       0.582186822652667
       0.580552994804105
       0.578857792170114
      0.5771024794656441
      0.5752883178060154
      0.5734165635484051
      0.5714884672820797
      0.5695052729656989
      0.5674682172094385
      0.5653785286978847
      0.5632374277495359
      0.5610461260073553
      0.5588058262545792
      0.5565177223486683
      0.5541829992666042
      0.5518028332532109
      0.5493783920645787
      0.5469108352979776
      0.5444013147991743
      0.5418509751386104
      0.5392609541471308
      0.5366323835020067
      0.5339663893544495
      0.5312640929899065
      0.5285266115119757
      0.5257550585419268
      0.5229505449255111
      0.5201141794392753
      0.5172470694892416
      0.5143503217947218
      0.5114250430510706
      0.5084723405654025
       0.505493322859687
      0.5024891002363467
      0.4994607853022639
      0.4964094934470147
      0.4933363432721897
      0.4902424569691197
      0.4871289606425834
      0.4839969845791365
      0.4808476634584476
      0.4776821365070779
      0.4745015475944425
      0.4713070452710506
      0.4680997827495777
       0.464880917829515
      0.4616516127670093
      0.4584130340910729
      0.4551663523682505
      0.4519127419177421
      0.4486533804794342
      0.4453894488371772
      0.4421221304002336
      0.4388526107454371
      0.4355820771232338
      0.4323117179305539
      0.4290427221535198
      0.4257762787831153
       0.422513576207091
      0.4192558015809073
      0.4160041401811032
      0.4127597747439871
      0.4095238847924963
      0.4062976459544547
      0.4030822292745931
      0.3998788005234985
       0.396688519505688
      0.3935125393695634
      0.3903520059214052
      0.3872080569457683
      0.3840818215343377
      0.3809744194250629
      0.3778869603535172
      0.3748205434181899
       0.371776256460978
      0.3687551754646112
      0.3657583639679505
      0.3627868725005003
       0.359841738036913
      0.3569239834724937
      0.3540346171203598
        0.35117463223083
      0.3483450065334947
      0.3455467018025573
      0.3427806634453386
      0.3400478201145121
      0.3373490833437482
      0.3346853472070932
      0.3320574880017391
      0.3294663639541319
      0.3269128149490349
      0.3243976622813564
      0.3219217084302713
       0.319485736855266
      0.3170905118134866
      0.3147367781979686
      0.3124252613962102
      0.3101566671682381
      0.3079316815438288
      0.3057509707379487
      0.3036151810838882
       0.301524938983343
       0.299480850872612
      0.2974835032042673
      0.2955334624436352
      0.2936312750790123
       0.291777467645314
      0.2899725467600245
      0.2882169991708142
      0.2865112918142328
      0.2848558718845378
      0.2832511669119794
      0.2816975848499538
      0.2801955141701237
      0.2787453239649338
      0.2773473640569183
      0.2760019651139531
      0.2747094387699905
      0.2734700777505499
      0.2722841560023941
      0.2711519288268422
      0.2700736330160812
      0.2690494869920188
       0.268079690947045
      0.2671644269863224
      0.2663038592710315
      0.2654981341621489
      0.2647473803642355
      0.2640517090689493
      0.2634112140977399
      0.2628259720434112
      0.2622960424101518
      0.2618214677517279
      0.2614022738073798
       0.261038469635268
      0.2607300477431058
       0.260476984215582
      0.2602792388384884
      0.2601367552191942
      0.2600494609032064
      0.2600172674867033
      0.2600400707247041
      0.2601177506347447
      0.2602501715958666
      0.2604371824427847
      0.2606786165549763
      0.2609742919406782
      0.2613240113154646
      0.2617275621755595
      0.2621847168655142
      0.2626952326402066
      0.2632588517212477
      0.2638753013474471
      0.2645442938194118
      0.2652655265382844
       0.266038682038408
      0.2668634280139288
      0.2677394173394034
      0.2686662880842311
      0.2696436635211341
      0.2706711521282743
      0.2717483475855991
      0.2728748287648706
      0.2740501597138529
      0.2752738896344018
      0.2765455528547225
       0.277864668795787
      0.2792307419320643
      0.2806432617465739
      0.2821017026805769
      0.2836055240778461
        0.28515417012386
      0.2867470697800685
      0.2883836367134558
       0.290063269221584
      0.2917853501535151
      0.2935492468268965
       0.295354310941424
      0.2971998784892541
      0.2990852696626126
      0.3010097887591586
       0.302972724085486
      0.3049733478594355
      0.3070109161115945
      0.3090846685868194
      0.3111938286462454
       0.313337603170653
      0.3155151824658575
      0.3177257401709398
      0.3199684331702078
      0.3222424015098765
      0.3245467683202617
      0.3268806397447425
      0.3292431048764115
      0.3316332357035392
      0.3340500870653328
      0.3364926966188565
      0.3389600848187306
      0.3414512549108706
      0.3439651929417024
       0.346500867784311
       0.349057231183219
         0.3516332178192
      0.3542277453957898
      0.3568397147493793
      0.3594680099843924
      0.3621114986354059
      0.3647690318581107
      0.3674394446507818
      0.3701215561082505
      0.3728141697102656
      0.3755160736460095
      0.3782260411768129
      0.3809428310389484
      0.3836651878882291
      0.3863918427885447
        0.38912151374593
       0.391852906290105
      0.3945847141051675
      0.3973156197110627
      0.4000442951975372
      0.4027694030119739
      0.4054895968024829
      0.4082035223176672
      0.4109098183639021
      0.4136071178213365
      0.4162940487193426
      0.4189692353718766
      0.4216312995731802
      0.4242788618541217
      0.4269105427987736
      0.4295249644211154
      0.4321207516009494
      0.4346965335782675
      0.4372509455045723
      0.4397826300495657
      0.4422902390611856
      0.4447724352765611
      0.4472278940812222
      0.4496553053130952
      0.4520533751078134
      0.4544208277814611
      0.4567564077459666
      0.4590588814524009
       0.461327039356864
      0.4635596979029394
      0.4657557015148571
      0.4679139245943965
      0.4700332735147179
      0.4721126886035185
      0.4741511461078144
       0.476147660132286
      0.4781012845425928
      0.4800111148249255
      0.4818762898932009
      0.4836959938343188
      0.4854694575825409
      0.4871959605135601
      0.4888748319487117
      0.4905054525606166
      0.4920872556702369
      0.4936197284269159
      0.4951024128623754
      0.4965349068102509
      0.4979168646831555
      0.4992479980996029
      0.5005280763536168
      0.5017569267208994
      0.5029344345955539
      0.5040605434525912
      0.5051352546316753
       0.506158626939226
      0.5071307760665297
      0.5080518738222874
      0.5089221471794576
      0.5097418771371283
      0.5105113973994406
      0.5112310928745396
      0.5119013979975719
      0.5125227948831615
      0.5130958113138409
      0.5136210185719461
       0.514099029123495
      0.5145304941637555
      0.5149161010354718
      0.5152565705308045
      0.5155526540899277
      0.5158051309091595
      0.5160148049728763
      0.5161825020235271
      0.5163090664848602
      0.5163953583537367
      0.5164422500763683
      0.5164506234247531
      0.5164213663892246
      0.5163553701029749
      0.5162535258141525
      0.5161167219210208
       0.515945841084827
      0.5157417574349583
      0.5155053338799975
      0.5152374195377283
      0.5149388472960262
       0.514610431515897
       0.514252965887251
      0.5138672214456815
      0.5134539447589308
      0.5130138562896466
      0.5125476489398998
      0.5120559867819449
      0.5115395039782101
      0.5109988038925793
      0.5104344583932358
      0.5098470073468511
      0.5092369583021658
      0.5086047863597755
       0.507950934224543
      0.5072758124353643
      0.5065797997660547
      0.5058632437906031
      0.5051264616052556
      0.5043697406983644
      0.5035933399592832
      0.5027974908165518
      0.5019823984948497
      0.5011482433806458
      0.5002951824850456
      0.4994233509933834
      0.4985328638899393
      0.4976238176466171
      0.4966962919646228
      0.4957503515578973
      0.4947860479672734
      0.4938034213954002
      0.4928025025512699
      0.4917833144952944
       0.490745874475119
      0.4896901957430215
      0.4886162893467465
      0.4875241658858053
      0.4864138372258546
      0.4852853181640917
      0.4841386280402116
      0.4829737922867002
      0.4817908439137369
      0.4805898249244657
      0.4793707876569093
      0.4781337960490983
      0.4768789268251337
      0.4756062705999837
      0.4743159329015827
      0.4730080351091174
      0.4716827153072117
      0.4703401290555917
      0.4689804500749299
      0.4676038708493807
      0.4662106031468975
      0.4648008784590144
      0.4633749483613142
      0.4619330847971216
      0.4604755802862145
      0.4590027480611423
      0.4575149221337091
      0.4560124572943491
      0.4544957290472283
      0.4529651334840517
      0.4514210870995717
      0.4498640265518178
      0.4482944083703203
      0.4467127086151355
      0.4451194224901652
      0.4435150639134061
      0.4419001650475952
        0.44027527579391
      0.4386409632519745
       0.436997811148821
      0.4353464192395908
      0.4336874026830275
      0.4320213913939815
      0.4303490293756911
      0.4286709740343935
      0.4269878954783513
      0.4253004758038006
      0.4236094083699036
      0.4219153970647347
      0.4202191555643434
      0.4185214065867379
      0.4168228811425246
      0.4151243177840085
      0.4134264618541909
      0.4117300647372931
      0.4100358831121572
      0.4083446782099058
      0.4066572150769868
      0.4049742618449142
      0.4032965890077327
      0.4016249687081227
      0.3999601740332047
      0.3983029783208936
      0.3966541544774834
      0.3950144743072986
        0.39338470785506
      0.3917656227614801
      0.3901579836327675
      0.3885625514243664
      0.3869800828394763
      0.3854113297426624
      0.3838570385889297
      0.3823179498684104
      0.3807947975671023
      0.3792883086435156
      0.3777992025217576
      0.3763281906007788
      0.3748759757800842
      0.3734432520017269
      0.3720307038086957
      0.3706390059196261
      0.3692688228196258
      0.3679208083670772
      0.3665956054164679
      0.3652938454567631
      0.3640161482652716
      0.3627631215767004
      0.3615353607670554
      0.3603334485521725
      0.3591579547004361
      0.3580094357594106
      0.3568884347959959
      0.3557954811494956
      0.3547310901975723
      0.3536957631341707
      0.3526899867593561
       0.351714233280278
      0.3507689601229544
      0.3498546097542503
      0.3489716095136183
      0.3481203714539772
      0.3473012921913409
      0.3465147527624182
      0.3457611184899124
      0.3450407388547423
      0.3443539473747101
      0.3437010614892908
      0.3430823824495754
      0.3424981952131812
      0.3419487683436127
      0.3414343539133003
       0.340955187410104
      0.3405114876467373
      0.3401034566725124
      0.3397312796872894
      0.3393951249568848
      0.3390951437298304
      0.3388314701550472
      0.3386042212000875
      0.3384134965696543
      0.3382593786244018
      0.3381419322993755
      0.3380612050223341
      0.3380172266316673
      0.3380100092937459
      0.3380395474197886
      0.3381058175822449
      0.3382087784306449
      0.3383483706071794
      0.3385245166618773
      0.3387371209679862
       0.338986069637258
      0.3392712304359807
      0.3395924527016494
      0.3399495672608646
      0.3403423863489092
      0.3407707035313697
      0.3412342936283226
      0.3417329126418142
      0.3422662976871056
      0.3428341669283501
      0.3434362195194107
      0.3440721355507574
       0.344741576002831
      0.3454441827071725
      0.3461795783158556
      0.3469473662801885
      0.3477471308398199
      0.3485784370228678
      0.3494408306584581
      0.3503338384023877
      0.3512569677770294
      0.3522097072267479
      0.3531915261894704
      0.3542018751859641
      0.3552401859275164
       0.356305871443287
