                       0
   4.996626666666538e-05
   0.0001997269431941477
   0.0004490676792339716
   0.0007977646046832087
     0.00124558437089976
    0.001792284192525195
     0.00243761188972202
    0.003181305930580488
    0.004023095473399507
    0.004962700408497051
    0.005999831399157514
     0.00713418992127735
    0.008365468301225703
    0.009693349751394085
     0.01111750840286785
     0.01263760933461412
     0.01425330859854279
     0.01596425323976317
     0.01777008131132583
     0.01967042188270817
      0.0216648950412737
     0.02375311188591002
     0.02593467451202295
     0.02820917598704604
       0.030576200315601
     0.03303532239342952
     0.03558610794919907
     0.03822811347327247
     0.04096088613252066
      0.0437839636702456
     0.04669687429027655
     0.04969913652429664
     0.05279025908145348
     0.05596974067930899
     0.05923706985518491
     0.06259172475696589
     0.06603317291243044
     0.06956087097618834
     0.07317426445331932
      0.0768727873988236
     0.08065586209201149
     0.08452289868498968
     0.08847329482441908
     0.09250643524575752
     0.09662169133923061
      0.1008184206868137
      0.1050959665695478
      0.1094536574445648
      0.1138908063912411
      0.1184067105259604
      0.1230006503850227
      0.1276718892753087
      0.1324196725923716
      0.1372432271057098
       0.142141760211053
      0.1471144591495867
      0.1521604901941265
      0.1572789978023565
      0.1624691037373541
      0.1677299061557296
      0.1730604786638321
      0.1784598693426026
      0.1839270997417736
      0.1894611638442744
      0.1950610270018238
      0.2007256248428757
       0.206453862154212
      0.2122446117376766
      0.2180967132436992
      0.2240089719834567
      0.2299801577216987
      0.2360090034524815
       0.242094204160243
      0.2482344155688748
      0.2544282528816745
      0.2606742895152691
      0.2669710558308566
      0.2733170378663461
      0.2797106760731922
      0.2861503640620225
      0.2926344473613501
      0.2991612221939552
      0.3057289342757603
       0.312335777642266
      0.3189798935078877
      0.3256593691637683
      0.3323722369198914
      0.3391164730975493
       0.345889997078455
      0.3526906704170139
      0.3595162960224566
      0.3663646174177402
      0.3732333180822913
      0.3801200208858312
      0.3870222876206217
      0.3939376186396275
      0.4008634526081049
       0.407797166376237
      0.4147360749804065
      0.4216774317806871
      0.4286184287420791
      0.4355561968669018
      0.4424878067856112
      0.4494102695131194
      0.4563205373774348
      0.4632155051271666
      0.4700920112240493
      0.4769468393262805
      0.4837767199679672
      0.4905783324394606
      0.4973483068727872
      0.5040832265357241
      0.5107796303373744
      0.5174340155473408
      0.5240428407297583
      0.5306025288925876
      0.5371094708516501
      0.5435600288078559
      0.5499505401351089
       0.556277321375281
      0.5625366724355112
      0.5687248809819823
       0.574838227023167
      0.5808729876743006
       0.586825442093727
      0.5926918765804832
      0.5984685898213862
      0.6041518982746523
      0.6097381416759677
      0.6152236886518275
       0.620604942423909
      0.6258783465872253
      0.6310403909439035
      0.6360876173735828
      0.6410166257206598
      0.6458240796779723
      0.6505067126459362
      0.6550613335457713
      0.6594848325650952
      0.6637741868140405
       0.667926465869995
      0.6719388371891893
      0.6758085713636068
      0.6795330472020896
      0.6831097566151106
        0.68653630928332
      0.6898104370908611
      0.6929299983054257
      0.6958929814881425
      0.6986975091175968
      0.7013418409136979
      0.7038243768485132
      0.7061436598328118
      0.7082983780686345
      0.7102873670599417
      0.7121096112751787
      0.7137642454573301
      0.7152505555789169
      0.7165679794411512
      0.7177161069183347
      0.7186946798503138
      0.7195035915875883
       0.720142886195322
      0.7206127573241504
      0.7209135467571718
      0.7210457426439584
      0.7210099774337547
      0.7208070255212097
      0.7204378006191151
      0.7199033528735277
      0.7192048657374978
      0.7183436526203065
      0.7173211533296465
      0.7161389303245712
      0.7147986647973328
       0.713302152602332
      0.7116513000504004
      0.7098481195865592
      0.7078947253690928
      0.7057933287674945
      0.7035462337963603
      0.7011558325017707
      0.6986246003161076
      0.6959550913965831
      0.6931499339619338
      0.6902118256410712
      0.6871435288465457
      0.6839478661848505
      0.6806277159147623
      0.6771860074639844
      0.6736257170134669
      0.6699498631579641
      0.6661615026504424
      0.6622637262371849
       0.658259654589581
      0.6541524343378098
      0.6499452342109243
      0.6456412412870443
      0.6412436573568089
       0.636755695402524
      0.6321805761949225
      0.6275215250088758
      0.6227817684589494
      0.6179645314552031
      0.6130730342792694
      0.6081104897803722
      0.6030801006905938
      0.5979850570584762
      0.5928285337997146
      0.5876136883635642
      0.5823436585133056
      0.5770215602190238
       0.571650485660794
      0.5662335013402396
      0.5607736462983262
      0.5552739304372367
      0.5497373329440211
      0.5441668008137335
      0.5385652474696909
      0.5329355514784918
      0.5272805553573515
      0.5216030644713702
      0.5159058460182758
      0.5101916280982142
      0.5044630988661294
      0.4987229057642875
      0.4929736548325099
      0.4872179100936617
      0.4814581930119375
      0.4756969820215418
      0.4699367121232931
      0.4641797745467479
      0.4584285164754147
      0.4526852408326446
      0.4469522061257972
      0.4412316263462845
      0.4355256709231132
      0.4298364647275532
      0.4241660881265845
       0.418516577082778
      0.4128899232983003
      0.4072880744007348
      0.4017129341684652
      0.3961663627933551
      0.3906501771785232
      0.3851661512690171
      0.3797160164132378
      0.3743014617530003
      0.3689241346401529
       0.363585641077721
       0.358287546183578
      0.3530313746747065
       0.347818611370146
      0.3426507017107875
      0.3375290522942101
      0.3324550314228278
      0.3274299696636561
      0.3224551604180694
      0.3175318604999815
      0.3126612907209365
      0.3078446364806534
      0.3030830483616416
       0.298377642726549
      0.2937295023169788
      0.2891396768525659
       0.284609183629167
      0.2801390081150731
      0.2757301045442368
      0.2713833965055313
       0.267099777527147
       0.262880111655281
      0.2587252340263236
      0.2546359514318216
       0.250613042875534
      0.2466572601219555
      0.2427693282357526
      0.2389499461115784
      0.2351997869938061
      0.2315194989857558
      0.2279097055480409
      0.2243710059857036
      0.2209039759238459
      0.2175091677715117
      0.2141871111736061
      0.2109383134506782
      0.2077632600264251
      0.2046624148428115
      0.2016362207627242
       0.198685099960112
      0.1958094542975899
      0.1930096656915029
      0.1902860964644792
      0.1876390896855123
      0.1850689694976338
      0.1825760414332595
      0.1801605927173035
       0.177822892558166
      0.1755631924267188
      0.1733817263234181
      0.1712787110336836
      0.1692543463716983
      0.1673088154127759
      0.1654422847144599
      0.1636549045265192
      0.1619468089900041
      0.1603181163255309
      0.1587689290109702
       0.157299333948704
      0.1559094026226161
      0.1545991912449955
      0.1533687408935041
      0.1522180776383789
      0.1511472126600253
      0.1501561423571557
      0.1492448484456216
      0.1484132980480909
      0.1476614437747038
      0.1469892237948472
      0.1463965619001793
       0.145883367559022
      0.1454495359622503
      0.1450949480607862
      0.1448194705948068
      0.1446229561147753
      0.1445052429943885
      0.1444661554355411
      0.1445055034653927
      0.1446230829256328
       0.144818675454019
      0.1450920484582826
      0.1454429550824705
      0.1458711341658111
      0.1463763101941863
      0.1469581932442813
      0.1476164789205028
      0.1483508482847483
      0.1491609677791146
      0.1500464891416396
      0.1510070493151799
      0.1520422703495266
      0.1531517592968788
      0.1543351081007986
      0.1555918934787845
      0.1569216767986113
      0.1583240039486035
      0.1597984052020145
      0.1613443950757117
      0.1629614721833846
      0.1646491190835001
       0.166406802122273
      0.1682339712719199
      0.1701300599645117
      0.1720944849217434
      0.1741266459809856
      0.1762259259180062
      0.1783916902667787
       0.180623287136825
      0.1829200470285822
      0.1852812826473083
      0.1877062887160877
      0.1901943417885215
      0.1927447000617443
      0.1953566031904297
      0.1980292721025041
      0.2007619088173118
      0.2035536962670361
      0.2064037981222057
       0.209311358622167
      0.2122755024114468
      0.2152953343829623
      0.2183699395290875
       0.221498382801623
      0.2246797089817529
      0.2279129425611177
      0.2311970876351636
      0.2345311278099679
      0.2379140261237734
      0.2413447249845014
      0.2448221461245245
      0.2483451905740277
      0.2519127386542968
      0.2555236499922781
      0.2591767635577975
      0.2628708977248028
      0.2666048503580234
      0.2703773989264078
      0.2741873006447269
      0.2780332926446762
      0.2819140921768207
      0.2858283968446699
        0.28977488487215
      0.2937522154056715
      0.2977590288519528
      0.3017939472526905
      0.3058555746970742
      0.3099424977730853
      0.3140532860583893
      0.3181864926515655
      0.3223406547442554
      0.3265142942347121
      0.3307059183830982
      0.3349140205086918
      0.3391370807290469
      0.3433735667409516
      0.3476219346428554
      0.3518806297982501
      0.3561480877392811
      0.3604227351096648
      0.3647029906457726
      0.3689872661944995
      0.3732739677663451
      0.3775614966218606
      0.3818482503894066
      0.3861326242119173
       0.390413011920125
      0.3946878072294751
      0.3989554049577095
      0.4032142022598753
      0.4074625998772927
      0.4116990033968041
      0.4159218245164079
      0.4201294823132211
       0.424320404509491
      0.4284930287322753
      0.4326458037622242
      0.4367771907668135
      0.4408856645132628
      0.4449697145563231
      0.4490278463960896
      0.4530585826009416
      0.4570604638908148
      0.4610320501759871
      0.4649719215467099
      0.4688786792091363
      0.4727509463631498
      0.4765873690179108
        0.48038661674119
       0.484147383338841
      0.4878683874610584
      0.4915483731324667
      0.4951861102034619
      0.4987803947206215
      0.5023300492145274
      0.5058339229037822
       0.509290891814544
      0.5126998588154427
       0.516059753568297
      0.5193695323956522
      0.5226281780667213
      0.5258346995039612
      0.5289881314130489
      0.5320875338397154
       0.535131991657404
      0.5381206139903412
      0.5410525335771988
      0.5439269060809896
      0.5467429093514368
      0.5494997426464563
      0.5521966258198505
      0.5548327984827434
      0.5574075191465253
      0.5599200643554569
      0.5623697278172344
      0.5647558195400254
      0.5670776649845292
      0.5693346042396744
      0.5715259912305289
      0.5736511929668344
      0.5757095888404338
      0.5777005699795911
      0.5796235386678377
      0.5814779078346214
      0.5832631006245592
      0.5849785500515338
      0.5866236987433188
      0.5881979987817592
      0.5897009116428438
      0.5911319082402406
      0.5924904690751305
      0.5937760844943466
      0.5949882550579665
      0.5961264920166977
      0.5971903178985147
      0.5981792672031269
      0.5990928872020286
      0.5999307388410222
      0.6006923977412805
       0.601377455294215
      0.6019855198446752
      0.6025162179562528
      0.6029691957518298
      0.6033441203218621
      0.6036406811923422
      0.6038585918438865
      0.6039975912729735
      0.6040574455859854
      0.6040379496164332
      0.6039389285555244
       0.603760239586106
      0.6035017735099496
      0.6031634563583638
      0.6027452509762236
      0.6022471585696259
      0.6016692202076699
      0.6010115182691284
      0.6002741778251168
      0.5994573679493531
      0.5985613029479977
      0.5975862435016575
      0.5965324977126524
      0.5954004220512632
      0.5941904221953604
      0.5929029537583981
      0.5915385229015082
      0.5900976868261152
      0.5885810541441592
       0.586989285123792
      0.5853230918090607
      0.5835832380128321
      0.5817705391828649
      0.5798858621416506
      0.5779301247012244
      0.5759042951548434
      0.5738093916479583
       0.571646481431485
      0.5694166800009319
       0.567121150125352
      0.5647611007705985
      0.5623377859217444
      0.5598525033098706
      0.5573065930487335
      0.5547014361871504
       0.552038453183099
       0.549319102305764
      0.5465448779718842
      0.5437173090228524
      0.5408379569491032
      0.5379084140683276
      0.5349303016640411
      0.5319052680910101
      0.5288349868539359
      0.5257211546656834
      0.5225654894912318
      0.5193697285833415
      0.5161356265157415
      0.5128649532194547
      0.5095594920276212
      0.5062210377339786
      0.5028513946698754
      0.4994523748044328
      0.4960257958721969
      0.4925734795323422
      0.4890972495632113
      0.4855989300956469
      0.4820803438883344
      0.4785433106480393
      0.4749896453973567
      0.4714211568922905
       0.467839646091717
      0.4642469046804888
      0.4606447136476995
      0.4570348419213296
      0.4534190450602766
       0.449799064004518
      0.4461766238839248
      0.4425534328860145
      0.4389311811827514
      0.4353115399162669
      0.4316961602432104
       0.428086672437275
      0.4244846850492402
      0.4208917841237839
      0.4173095324721093
      0.4137394689993713
      0.4101831080857187
      0.4066419390197019
      0.4031174254826789
      0.3996110050827789
      0.3961240889369241
      0.3926580612993207
      0.3892142792347967
      0.3857940723353286
      0.3823987424780324
      0.3790295636229086
      0.3756877816485745
      0.3723746142242385
        0.36909125071614
      0.3658388521266936
      0.3626185510645867
      0.3594314517440862
       0.356278630011819
       0.353161133399344
      0.3500799811998195
      0.3470361645671422
      0.3440306466359278
      0.3410643626607752
      0.3381382201732714
      0.3352530991552546
       0.332409852226882
      0.3296093048481038
      0.3268522555321883
      0.3241394760700028
      0.3214717117637855
      0.3188496816692062
      0.3162740788445748
       0.313745570606081
      0.3112647987880302
      0.3088323800070711
      0.3064489059294693
      0.3041149435405443
      0.3018310354154183
      0.2995976999902831
      0.2974154318334649
       0.295284701915568
      0.2932059578780786
      0.2911796242998305
      0.2892061029607754
      0.2872857731025728
      0.2854189916855401
      0.2836060936415498
      0.2818473921225174
      0.2801431787441511
      0.2784937238246757
      0.2768992766183037
      0.2753600655432378
      0.2738762984040489
      0.2724481626082988
      0.2710758253773167
      0.2697594339510752
      0.2684991157871407
      0.2672949787537104
      0.2661471113167762
      0.2650555827214861
      0.2640204431678088
       0.263041723980633
      0.2621194377744532
      0.2612535786128302
      0.2604441221628429
      0.2596910258447552
      0.2589942289771694
       0.258353652917943
      0.2577692012011761
      0.2572407596705918
      0.2567681966096709
      0.2563513628688926
      0.2559900919904755
      0.2556842003310328
      0.2554334871825472
      0.2552377348921243
      0.2550967089809709
      0.2550101582630724
      0.2549778149640562
      0.2549993948407448
      0.2550745973019041
       0.255203105530728
      0.2553845866095737
      0.2556186916475121
      0.2559050559112484
      0.2562432989599606
      0.2566330247846463
      0.2570738219525444
      0.2575652637572067
      0.2581069083748152
      0.2586982990273244
      0.2593389641530098
      0.2600284175850153
       0.260766158738465
      0.2615516728067407
      0.2623844309674597
       0.263263890598746
      0.2641894955063168
      0.2651606761619436
      0.2661768499537904
      0.2672374214491458
       0.268341782670023
      0.2694893133821007
      0.2706793813974277
      0.2719113428913151
      0.2731845427337851
      0.2744983148359231
       0.275851982511445
      0.2772448588537547
        0.27867624712871
      0.2801454411832856
       0.281651725870272
      0.2831943774890841
      0.2847726642427161
      0.2863858467108074
      0.2880331783387314
      0.2897139059425468
      0.2914272702295954
      0.2931725063344383
      0.2949488443697754
      0.2967555099918895
       0.298591724980093
      0.3004567078295691
      0.3023496743569092
      0.3042698383175561
       0.306216412034292
      0.3081886070357909
       0.310185634704182
      0.3122067069304729
      0.3142510367765587
      0.3163178391424956
      0.3184063314375682
      0.3205157342536205
      0.3226452720390027
      0.3247941737714049
      0.3269616736277379
       0.329147011649152
      0.3313494343991878
      0.3335681956129516
      0.3358025568351614
       0.338051788044809
      0.3403151682641193
      0.3425919861494361
       0.344881540561593
      0.3471831411132875
      0.3494961086909443
      0.3518197759485055
      0.3541534877705805
       0.356496601702382
      0.3588484883438532
      0.3612085317054408
      0.3635761295229605
      0.3659506935290713
      0.3683316496789121
      0.3707184383275273
      0.3731105143567967
       0.375507347249682
      0.3779084211097102
      0.3803132346237703
       0.382721300966414
       0.385132147644039
      0.3875453162775171
      0.3899603623220144
      0.3923768547229616
      0.3947943755073942
      0.3972125193100819
      0.3996308928341796
      0.4020491142463594
      0.4044668125067174
      0.4068836266340267
      0.4092992049072279
      0.4117132040043874
       0.414125288080669
      0.4165351277872414
      0.4189423992333697
      0.4213467828942905
      0.4237479624678637
      0.4261456236833256
      0.4285394530658297
      0.4309291366608446
      0.4333143587227821
      0.4356948003726243
      0.4380701382296058
      0.4404400430223604
      0.4428041781852179
       0.445162198445633
      0.4475137484089952
       0.449858461147308
      0.4521959567984091
      0.4545258411826392
      0.4568477044439727
      0.4591611197227651
      0.4614656418673594
      0.4637608061917875
      0.4660461272869045
      0.4683210978921499
      0.4705851878351202
      0.4728378430459902
      0.4750784846536424
      0.4773065081701751
      0.4795212827701877
      0.4817221506709247
      0.4839084266190422
      0.4860793974893391
      0.4882343220004094
      0.4903724305516359
      0.4924929251854828
      0.4945949796784889
      0.4966777397637804
      0.4987403234873178
      0.5007818216994493
      0.5028012986826941
      0.5047977929160222
      0.5067703179751829
      0.5087178635679467
      0.5106393967024323
      0.5125338629859921
      0.5144001880514266
      0.5162372791065942
      0.5180440266028744
      0.5198193060172143
       0.521561979741935
      0.5232708990758214
      0.5249449063094994
      0.5265828368975632
      0.5281835217094386
      0.5297457893505242
      0.5312684685447783
      0.5327503905695851
       0.534190391733438
      0.5355873158867747
      0.5369400169561056
      0.5382473614915041
      0.5395082312174408
      0.5407215255769802
      0.5418861642594118
      0.5430010897015329
      0.5440652695529665
       0.545077699096113
      0.5460374036117034
      0.5469434406811631
      0.5477949024174349
      0.5485909176163323
      0.5493306538209517
      0.5500133192921768
      0.5506381648788261
      0.5512044857815961
      0.5517116232054669
      0.5521589658958839
      0.5525459515546457
      0.5528720681319879
      0.5531368549920261
      0.5533399039493432
      0.5534808601750827
      0.5535594229715322
       0.553575346414812
      0.5535284398657981
           0.55341856835
      0.5532456528076642
      0.5530096702158274
      0.5527106535846005
      0.5523486918303347
      0.5519239295288014
      0.5514365665518838
      0.5508868575916103
      0.5502751115757134
      0.5496016909791731
      0.5488670110364039
      0.5480715388590559
      0.5472157924644695
      0.5463003397200442
      0.5453257972088861
      0.5442928290221438
      0.5432021454835262
      0.5420545018115065
      0.5408506967247385
       0.539591570996111
      0.5382780059609057
      0.5369109219843827
      0.5354912768940391
      0.5340200643816716
      0.5324983123802592
       0.530927081420506
      0.5293074629717487
      0.5276405777717518
       0.525927574149747
      0.5241696263468562
      0.5223679328378839
      0.5205237146582354
      0.5186382137395192
      0.5167126912572071
      0.5147484259934751
      0.5127467127182146
      0.5107088605909087
      0.5086361915859425
      0.5065300389436727
      0.5043917456494016
      0.5022226629422033
      0.5000241488553647
      0.4977975667900232
      0.4955442841234025
      0.4932656708528884
      0.4909630982770048
      0.4886379377142249
      0.4862915592603614
      0.4839253305851888
      0.4815406157687633
      0.4791387741778261
      0.4767211593825129
      0.4742891181135189
      0.4718439892597435
      0.4693871029063219
      0.4669197794129068
      0.4644433285319348
      0.4619590485665441
      0.4594682255677622
      0.4569721325704776
      0.4544720288676764
      0.4519691593223624
      0.4494647537165253
      0.4469600261364802
       0.444456174393867
      0.4419543794815481
      0.4394558050636329
      0.4369615969988112
      0.4344728828961659
      0.4319907717026097
       0.429516353321088
      0.4270506982586526
      0.4245948573035241
       0.422149861230252
      0.4197167205320593
      0.4172964251794747
      0.4148899444043569
       0.412498226508406
      0.4101221986952709
      0.4077627669253748
      0.4054208157925744
      0.4030972084218007
      0.4007927863868218
      0.3985083696473002
      0.3962447565043198
      0.3940027235735927
      0.3917830257755484
      0.3895863963415661
      0.3874135468355872
      0.3852651671904109
      0.3831419257579682
       0.381044469372915
      0.3789734234288905
      0.3769293919668259
      0.3749129577747152
      0.3729246824982832
      0.3709651067619954
      0.3690347502999179
      0.3671341120959259
      0.3652636705328038
      0.3634238835498084
      0.3616151888082796
      0.3598380038649209
      0.3580927263523894
      0.3563797341668603
      0.3546993856622701
      0.3530520198509273
      0.3514379566102564
      0.3498574968954083
      0.3483109229575338
      0.3467984985675118
      0.3453204692449535
      0.3438770624923177
      0.3424684880339975
      0.3410949380602407
      0.3397565874758064
      0.3384535941532447
      0.3371860991907296
      0.3359542271743728
      0.3347580864449474
      0.3335977693690031
      0.3324733526143169
      0.3313848974296549
      0.3303324499288472
      0.3293160413791496
      0.3283356884938957
      0.3273913937294544
      0.3264831455864842
      0.3256109189155169
      0.3247746752268738
      0.3239743630049311
      0.3232099180267614
      0.3224812636851611
      0.3217883113160638
      0.3211309605303743
      0.3205090995501996
      0.3199226055494791
       0.319371344999006
      0.3188551740158052
      0.3183739387168242
      0.3179274755768957
      0.3175156117908835
      0.3171381656399468
      0.3167949468617824
      0.3164857570247521
      0.3162103899057065
      0.3159686318713554
      0.3157602622629706
      0.3155850537841889
      0.3154427728916679
      0.3153331801883076
      0.3152560308187167
      0.3152110748665876
      0.3151980577536112
      0.3152167206395273
       0.315266800822869
      0.3153480321419728
      0.3154601453757342
       0.315602868643622
      0.3157759278044122
      0.3159790468530638
      0.3162119483151855
      0.3164743536384598
      0.3167659835804291
      0.3170865585920032
      0.3174357991960222
      0.3178134263602487
      0.3182191618640813
      0.3186527286583439
      0.3191138512174524
