                       0
   1.340772625299045e-05
   5.372086203636693e-05
   0.0001211213610819299
   0.0002157596736161468
   0.0003377548713769832
   0.0004871949596020603
   0.0006641373711586109
   0.0008686096358897871
    0.001100610216367594
    0.001360109499470149
    0.001647050931561836
    0.001961352283569774
    0.002302907030937679
    0.002671585832315661
    0.003067238089926567
    0.003489693573848587
    0.003938764091979731
    0.004414245187209161
    0.004915917843316959
    0.005443550181358191
    0.005996899128755441
    0.006575712044020494
    0.007179728280939084
    0.007808680677169942
    0.008462296953511963
    0.009140301011561963
    0.009842414119095181
     0.01056835597422564
     0.01131784564121507
      0.0120906023526662
     0.01288634617472821
     0.01370479853382539
     0.01454568260526404
     0.01540872356584439
     0.01629364871427536
     0.01720018746473173
     0.01812807122028072
     0.01907703313411819
     0.02004680776757287
     0.02103713065465125
     0.02204773778349304
     0.02307836500548607
     0.02412874738295117
     0.02519861848625576
     0.02628770965096204
      0.0273957492051744
     0.02852246167664075
     0.02966756698840391
     0.03083077965091811
     0.03201180795756543
     0.03321035318945768
       0.034426108834317
     0.03565875982312258
     0.03690798178711579
     0.03817344033670157
     0.03945479036278789
     0.04075167536019521
     0.04206372677195593
     0.04339056335262922
     0.04473179054818934
     0.04608699988961301
     0.04745576839700017
     0.04883765799091096
     0.05023221490758914
     0.05163896911486514
     0.05305743372577641
     0.05448710440730576
     0.05592745878210109
     0.05737795582159133
     0.05883803522953537
     0.06030711681572286
     0.06178459986025942
     0.06326986246961466
     0.06476226092635216
     0.06626112903520491
     0.06776577746886581
     0.06927549311754816
     0.07078953844699415
     0.07230715087018584
     0.07382754213851779
      0.0753498977586276
     0.07687337644144268
     0.07839710959028466
      0.0799202008350829
     0.08144172561987915
      0.0829607308508666
     0.08447623461219667
     0.08598722595671694
      0.0874926647786715
     0.08899148177521585
     0.09048257850337378
     0.09196482753879748
      0.0934370727424006
     0.09489812964061009
     0.09634678592464133
      0.0977818020738437
     0.09920191210779293
      0.1006058244714215
      0.1019922230570943
      0.1033597683671304
      0.1047070988198673
      0.1060328322019452
      0.1073355672690528
      0.1086138854969302
      0.1098663529839542
      0.1110915225061389
      0.1122879357248625
      0.1134541255470833
      0.1145886186372122
      0.1156899380791906
      0.1167566061866519
      0.1177871474583329
      0.1187800916751544
      0.1197339771345937
      0.1206473540171402
       0.121518787878758
      0.1223468632623828
      0.1231301874205618
      0.1238673941404149
      0.1245571476611594
      0.1251981466735171
       0.125789128389423
      0.1263288726695896
      0.1268162061956696
      0.1272500066730298
      0.1276292070494869
        0.12795279973482
      0.1282198408054526
      0.1284294541784114
      0.1285808357385605
      0.1286732574031489
      0.1287060711079645
      0.1286787126998278
      0.1285907057208207
      0.1284416650705326
      0.1282313005337177
      0.1279594201621156
      0.1276259335007663
       0.127230854650984
      0.1267743051641957
      0.1262565167631369
      0.1256778338893675
      0.1250387160787561
      0.1243397401694233
      0.1235816023496305
      0.1227651200562125
      0.1218912337373495
      0.1209610084967105
      0.1199756356392281
      0.1189364341419474
      0.1178448520764264
      0.1167024680120234
      0.1155109924319605
      0.1142722691962173
      0.1129882770869521
      0.1116611314731159
      0.1102930861310361
      0.1088865352567816
      0.1074440157038047
      0.1059682094753692
      0.1044619464952267
       0.102928207671426
      0.1013701282564837
     0.09979100149175582
     0.09819428250398601
     0.09658359239682082
      0.0949627224486493
     0.09333563828946106
     0.09170648388254854
     0.09007958508092735
     0.08845945246265842
     0.08685078307362376
     0.08525846062120825
     0.08368755356934046
     0.08214331048747846
     0.08063115190846996
     0.07915665786036105
     0.07772555016583463
     0.07634366856401592
        0.07501693972018
     0.07375133826935212
     0.07255283921091067
     0.07142736125251899
     0.07038070110698537
     0.06941845927852987
     0.06854595852305083
     0.06776815689715988
     0.06708955806623232
     0.06651412224325892
     0.06604518168274033
     0.06568536495872225
      0.0654365342288043
     0.06529973927529094
     0.06527519131877592
     0.06536225847440527
     0.06555948337728826
     0.06586462209002014
     0.06627470208417453
     0.06678609600541477
     0.06739460719439326
     0.06809556259290855
     0.06888390870858022
     0.06975430668420156
     0.07070122313045787
     0.07171901413093003
      0.0728020006194187
     0.07394453408228698
     0.07514105219713259
     0.07638612455247416
     0.07767448899130605
     0.07900107939031195
      0.0803610458424059
     0.08174976827435242
      0.0831628645259082
      0.0845961938631004
     0.08604585681378435
     0.08750819211278117
     0.08897977143737752
     0.09045739250927021
     0.09193807104102741
     0.09341903191659391
     0.09489769991758132
     0.09637169024027252
     0.09783879899197592
      0.0992969938087163
      0.1007444046981828
      0.1021793151812298
      0.1036001537809293
      0.1050054858891877
      0.1063940060263121
      0.1077645304978594
      0.1091159904449139
      0.1104474252780413
      0.1117579764810673
      0.1130468817681412
      0.1143134695759277
      0.1155571538719852
      0.1167774292602062
      0.1179738663644717
      0.1191461074722591
      0.1202938624207555
      0.1214169047089847
       0.122515067820485
       0.123588241742157
      0.1246363696659715
        0.12565944486129
      0.1266575077065684
       0.127630642870181
      0.1285789766310155
      0.1295026743303282
      0.1304019379471315
       0.131277003790089
      0.1321281402995342
      0.1329556459538011
      0.1337598472745611
      0.1345410969263041
      0.1352997719054899
      0.1360362718152241
      0.1367510172215917
        0.13744444808802
      0.1381170222842272
      0.1387692141664743
      0.1394015132259559
      0.1400144228022695
      0.1406084588589647
      0.1411841488182478
      0.1417420304519469
      0.1422826508258913
      0.1428065652948863
      0.1433143365455001
      0.1438065336839217
      0.1442837313661806
      0.1447465089680836
      0.1451954497922835
      0.1456311403099618
      0.1460541694347072
       0.146465127826261
      0.1468646072219173
       0.147253199793489
      0.1476314975278816
      0.1480000916294606
       0.148359571942541
      0.1487105263924844
      0.1490535404440334
       0.149389196575669
      0.1497180737689216
      0.1500407470117026
      0.1503577868148587
      0.1506697587412688
      0.1509772229469145
      0.1512807337334421
       0.151580839111824
      0.1518780803767845
      0.1521729916917096
       0.152466099683795
       0.152757923049209
      0.1530489721680634
      0.1533397487289805
      0.1536307453630404
      0.1539224452868845
       0.154215321954729
      0.1545098387190329
      0.1548064484995415
      0.1551055934604267
      0.1554077046952244
      0.1557132019192886
      0.1560224931694719
      0.1563359745107818
      0.1566540297497737
      0.1569770301544951
      0.1573053341808336
      0.1576392872051866
      0.1579792212634326
      0.1583254547962551
      0.1586782924009426
      0.1590380245898681
      0.1594049275559236
      0.1597792629452586
      0.1601612776377357
      0.1605512035355754
      0.1609492573607127
      0.1613556404614205
      0.1617705386287794
       0.162194121923583
      0.1626265445142618
      0.1630679445263871
      0.1635184439042799
       0.163978148285207
      0.1644471468865745
      0.1649255124064712
      0.1654133009378241
      0.1659105518963494
      0.1664172879623897
      0.1669335150366439
      0.1674592222097069
      0.1679943817452539
      0.1685389490766353
      0.1690928628165804
      0.1696560447796538
      0.1702284000170794
      0.1708098168635136
      0.1714001669953463
      0.1719993055001141
      0.1726070709566345
       0.173223285525507
      0.1738477550496766
      0.1744802691648244
      0.1751206014194133
      0.1757685094043122
      0.1764237348919982
      0.1770860039854334
      0.1777550272768028
       0.178430500016389
      0.1791121022919524
      0.1797994992190522
       0.180492341142832
      0.1811902638518453
      0.1818928888045541
      0.1825998233691705
      0.1833106610775431
      0.1840249818938043
      0.1847423524984966
      0.1854623265888916
      0.1861844451961955
      0.1869082370202992
      0.1876332187827074
      0.1883588955982219
      0.1890847613659113
      0.1898102991798369
      0.1905349817599534
      0.1912582719035309
       0.191979622957387
      0.1926984793111479
      0.1934142769117004
      0.1941264437989197
      0.1948344006627009
      0.1955375614212525
      0.1962353338205384
      0.1969271200546921
      0.1976123174071418
      0.1982903189121197
      0.1989605140361289
      0.1996222893788606
       0.200275029392943
      0.2009181171217983
      0.2015509349547517
      0.2021728653984014
      0.2027832918631128
        0.20338159946332
      0.2039671758301519
      0.2045394119346936
      0.2050977029199934
      0.2056414489396971
       0.206170056000965
      0.2066829368090863
      0.2071795116109555
      0.2076592090343253
      0.2081214669195151
      0.2085657331399868
      0.2089914664079879
      0.2093981370612263
      0.2097852278263421
      0.2101522345547641
      0.2104986669263827
      0.2108240491163581
      0.2111279204202991
      0.2114098358330164
      0.2116693665760638
      0.2119061005693503
       0.212119642842222
       0.212309615879605
      0.2124756598990393
      0.2126174330547512
      0.2127346115652915
      0.2128268897617173
      0.2128939800538183
      0.2129356128124736
      0.2129515361668879
      0.2129415157161797
      0.2129053341555812
      0.2128427908183533
      0.2127537011354281
      0.2126378960157373
      0.2124952211511721
      0.2123255362511526
      0.2121287142128327
      0.2119046402340291
      0.2116532108770406
      0.2113743330925859
      0.2110679232141345
      0.2107339059339298
      0.2103722132729737
      0.2099827835581653
       0.209565560420643
      0.2091204918301419
      0.2086475291808715
      0.2081466264449756
      0.2076177394101045
       0.207060825017954
      0.2064758408208154
      0.2058627445732312
      0.2052214939757423
      0.2045520465874533
      0.2038543599237179
      0.2031283917546654
      0.2023741006195416
      0.2015914465709378
      0.2007803921619234
       0.199940903687891
      0.1990729526935871
      0.1981765177543206
      0.1972515865387593
      0.1962981581590242
      0.1953162458120082
      0.1943058797139785
      0.1932671103285908
      0.1922000118864684
      0.1911046861924698
      0.1899812667147275
      0.1888299229474689
      0.1876508650375424
       0.186444348662488
      0.1852106801458698
      0.1839502217934726
      0.1826633974317991
      0.1813506981281054
      0.1800126880689331
      0.1786500105717296
      0.1772633942016298
      0.1758536589627991
      0.1744217225308024
      0.1729686064892753
      0.1714954425306088
      0.1700034785763868
      0.1684940847688497
      0.1669687592796115
      0.1654291338761916
      0.1638769791805224
      0.1623142095464398
      0.1607428874751947
      0.1591652274792328
      0.1575835992948939
      0.1560005303343525
       0.154418707256196
       0.152840976522721
      0.1512703438006399
      0.1497099720508567
      0.1481631781428573
      0.1466334278207836
      0.1451243288423092
      0.1436396221090569
      0.1421831706097064
       0.140758946005497
      0.1393710127039684
      0.1380235092919653
      0.1367206272345524
      0.1354665867936977
      0.1342656101801724
      0.1331218920243082
      0.1320395673354936
      0.1310226772150672
      0.1300751326899933
      0.1292006771415181
      0.1284028479089664
      0.1276849377478458
      0.1270499569067388
      0.1265005966519624
      0.1260391951058961
      0.1256677062683862
      0.1253876730566068
      0.1252002051253435
      0.1251059621178004
      0.1251051428506162
      0.1251974807625559
      0.1253822457634873
      0.1256582524196095
      0.1260238742139896
      0.1264770634395394
      0.1270153761244594
      0.1276360012656086
      0.1283357935581794
      0.1291113087624394
      0.1299588408392754
      0.1308744600124219
      0.1318540509712731
      0.1328933505075104
       0.133987983974339
      0.1351335000619237
      0.1363254034902784
      0.1375591853259436
       0.138830350727037
      0.1401344440096234
      0.1414670710049092
      0.1428239187406869
      0.1442007725316618
      0.1455935306024452
      0.1469982163951134
      0.1484109887316767
      0.1498281500120265
      0.1512461526313994
      0.1526616037995448
      0.1540712689378602
      0.1554720738219147
       0.156861105625973
      0.1582356130141254
      0.1595930054100947
      0.1609308515651757
      0.1622468775314672
      0.1635389641358102
      0.1648051440388492
      0.1660435984534462
      0.1672526535874229
      0.1684307768671982
      0.1695765729913918
      0.1706887798567845
      0.1717662643931283
      0.1728080183381225
      0.1738131539793345
      0.1747808998859072
      0.1757105966494538
      0.1766016926505858
      0.1774537398649342
        0.17826638972032
      0.1790393890147939
      0.1797725759036204
      0.1804658759618415
      0.1811192983278001
       0.181732931931944
      0.1823069418142639
      0.1828415655329143
      0.1833371096658333
      0.1837939464065455
      0.1842125102547725
      0.1845932948019778
      0.1849368496115297
      0.1852437771927886
       0.185514730068053
      0.1857504079310223
      0.1859515548951318
      0.1861189568298932
      0.1862534387831495
      0.1863558624869717
      0.1864271239447625
      0.1864681510969845
      0.1864799015628159
      0.1864633604549328
      0.1864195382645302
      0.1863494688136235
      0.1862542072716187
       0.186134828233089
       0.185992423853673
      0.1858281020409782
      0.1856429846973664
      0.1854382060114908
       0.185214910795466
       0.184974252864554
      0.1847173934562863
      0.1844454996859594
      0.1841597430354951
      0.1838612978726962
      0.1835513399980049
      0.1832310452159405
      0.1829015879284885
      0.1825641397478268
      0.1822198681258972
      0.1818699349984897
      0.1815154954416671
       0.181157696338571
      0.1807976750548531
      0.1804365581212415
      0.1800754599220159
      0.1797154813884738
      0.1793577086967954
      0.1790032119700733
      0.1786530439846412
      0.1783082388812465
      0.1779698108820113
       0.177638753014566
      0.1773160358451644
      0.1770026062230362
      0.1766993860386536
      0.1764072709990248
      0.1761271294235183
      0.1758598010641119
      0.1756060959543045
      0.1753667932912314
      0.1751426403557946
      0.1749343514758214
      0.1747426070374195
      0.1745680525497794
      0.1744112977686983
      0.1742729158840491
      0.1741534427762922
      0.1740533763469401
      0.1739731759276122
      0.1739132617719923
      0.1738740146345999
      0.1738557754398283
      0.1738588450441985
      0.1738834840942206
      0.1739299129816587
      0.1739983118973867
      0.1740888209843698
       0.174201540589671
      0.1743365316147242
      0.1744938159624869
      0.1746733770794597
      0.1748751605899724
      0.1750990750195757
      0.1753449926038655
      0.1756127501785923
      0.1759021501464893
      0.1762129615158941
      0.1765449210059183
       0.176897734212673
      0.1772710768308609
      0.1776645959248976
      0.1780779112436386
      0.1785106165727488
       0.178962281118749
      0.1794324509188305
      0.1799206502706051
      0.1804263831760811
      0.1809491347942976
      0.1814883728972248
      0.1820435493237256
      0.1826141014265805
      0.1831994535078018
      0.1837990182376862
      0.1844121980532999
      0.1850383865323196
      0.1856769697384111
      0.1863273275345581
      0.1869888348610048
      0.1876608629747211
      0.1883427806475306
      0.1890339553202931
      0.1897337542107553
       0.190441545372922
      0.1911566987060262
      0.1918785869113918
      0.1926065863957105
      0.1933400781194541
       0.194078448389352
      0.1948210895940629
      0.1955674008823514
       0.196316788783262
      0.1970686677679558
      0.1978224607530273
      0.1985775995452689
      0.1993335252279858
      0.2000896884890834
      0.2008455498912644
      0.2016005800847626
      0.2023542599631324
      0.2031060807626793
      0.2038555441061847
      0.2046021619916278
      0.2053454567266483
      0.2060849608095424
      0.2068202167576031
      0.2075507768836662
       0.208276203021737
      0.2089960662026245
      0.2097099462805423
        0.21041743151169
      0.2111181180858906
      0.2118116096124323
      0.2124975165613587
       0.213175455661561
      0.2138450492571497
      0.2145059246237432
      0.2151577132464756
      0.2158000500617278
      0.2164325726647941
      0.2170549204859482
      0.2176667339376185
      0.2182676535356669
      0.2188573189980597
      0.2194353683245229
      0.2200014368610937
      0.2205551563538051
      0.2210961539960656
      0.2216240514746254
      0.2221384640193359
      0.2226389994622271
      0.2231252573117192
      0.2235968278480572
      0.2240532912463291
      0.2244942167336354
       0.224919161787191
      0.2253276713802942
      0.2257192772832309
      0.2260934974262649
      0.2264498353319138
       0.226787779623716
      0.2271068036186435
      0.2274063650102438
      0.2276859056494596
      0.2279448514299019
      0.2281826122841273
      0.2283985822972505
       0.228592139943863
      0.2287626484539708
      0.2289094563132281
      0.2290318979023877
      0.2291292942804335
      0.2292009541154132
      0.2292461747664965
      0.2292642435202885
      0.2292544389838992
       0.229216032636723
      0.2291482905423509
      0.2290504752214384
       0.228921847685815
      0.2287616696335119
      0.2285692058038206
      0.2283437264908901
      0.2280845102137943
      0.2277908465404072
      0.2274620390618343
      0.2270974085135704
       0.226696296038967
      0.2262580665900182
      0.2257821124599101
      0.2252678569411989
      0.2247147581029375
      0.2241223126795098
      0.2234900600633798
       0.222817586393429
      0.2221045287299971
      0.2213505793072221
      0.2205554898527125
      0.2197190759640568
      0.2188412215311046
      0.2179218831924018
      0.2169610948135538
      0.2159589719746916
      0.2149157164535512
      0.2138316206899719
      0.2127070722168664
      0.2115425580418621
      0.2103386689628905
      0.2090961037999574
      0.2078156735241401
      0.2064983052635409
      0.2051450461643935
      0.2037570670838152
      0.2023356660887158
      0.2008822717331698
      0.1993984460840144
      0.1978858874616121
       0.196346432859509
      0.1947820600031649
      0.1931948890040032
      0.1915871835607018
      0.1899613516549638
      0.1883199456839975
      0.1866656619666307
      0.1850013395544984
      0.1833299582741863
      0.1816546359207399
      0.1799786245177986
      0.1783053055550273
      0.1766381841098437
      0.1749808817580831
      0.1733371281776264
      0.1717107513507259
      0.1701056662753112
        0.16852586210362
      0.1669753876386603
       0.165458335135921
      0.1639788223799338
      0.1625409730331924
      0.1611488952888191
      0.1598066588982187
       0.158518270690478
      0.1572876487507339
      0.1561185954789971
      0.1550147698073511
      0.1539796589099232
      0.1530165497940001
       0.152128501209211
      0.1513183163517166
      0.1505885168686752
      0.1499413186819755
      0.1493786101468839
      0.1489019330391278
       0.148512466822257
      0.1482110165862678
      0.1479980049700499
       0.147873468286983
      0.1478370569688808
      0.1478880403330952
        0.14802531556619
      0.1482474207104311
      0.1485525513414618
      0.1489385805412803
      0.1494030817034166
      0.1499433536592527
      0.1505564475867208
       0.151239195154922
      0.1519882373691616
      0.1528000536082763
      0.1536709903870362
      0.1545972894276025
      0.1555751146821405
      0.1566005780105021
      0.1576697632794755
      0.1587787487109453
      0.1599236273634294
      0.1611005256833778
      0.1623056201083695
      0.1635351517434214
      0.1647854391638804
      0.1660528894240295
      0.1673340073699809
       0.168625403369257
      0.1699237995783426
      0.1712260348741284
      0.1725290685762857
      0.1738299830858798
      0.1751259855615777
      0.1764144087491832
      0.1776927110734348
      0.1789584760934191
      0.1802094114149471
      0.1814433471450677
      0.1826582339657704
      0.1838521408960278
      0.1850232528037595
      0.1861698677221429
      0.1872903940180245
      0.1883833474540004
      0.1894473481800682
      0.1904811176856071
      0.1914834757377738
      0.1924533373282291
      0.1933897096463837
      0.1942916890940476
      0.1951584583534606
      0.1959892835181467
      0.1967835112938116
      0.1975405662746211
      0.1982599482985586
      0.1989412298841888
      0.1995840537500047
      0.2001881304165806
      0.2007532358909819
      0.2012792094322597
      0.2017659513963765
      0.2022134211585406
      0.2026216351106587
      0.2029906647314333
      0.2033206347265081
      0.2036117212360149
      0.2038641501068403
      0.2040781952269575
      0.2042541769191881
      0.2043924603918154
      0.2044934542435132
       0.204557609020108
      0.2045854158207323
      0.2045774049509672
      0.2045341446205812
      0.2044562396834914
      0.2043443304175549
      0.2041990913417794
      0.2040212300685031
        0.20381148618805
      0.2035706301833041
      0.2032994623715833
      0.2029988118711398
      0.2026695355895276
      0.2023125172310456
      0.2019286663203885
      0.2015189172396179
        0.20108422827553
       0.200625580674498
      0.2001439777018692
       0.199640443703045
      0.1991160231634114
      0.1985717797643704
      0.1980087954328197
      0.1974281693815383
      0.1968310171380654
       0.196218469559806
      0.1955916718332473
      0.1949517824553271
      0.1942999721951603
       0.193637423034478
      0.1929653270852961
       0.192284885483456
      0.1915973072568239
      0.1909038081670255
      0.1902056095237027
       0.189503936970341
      0.1888000192407757
      0.1880950868855206
      0.1873903709670895
       0.186687101723499
      0.1859865071991424
      0.1852898118422533
      0.1845982350681954
      0.1839129897878624
      0.1832352809005495
       0.182566303750778
      0.1819072425487088
      0.1812592687540215
      0.1806235394234089
      0.1800011955222187
      0.1793933602012123
       0.178801137039944
      0.1782256082588783
      0.1776678329030605
      0.1771288450009305
      0.1766096517027159
      0.1761112314037352
      0.1756345318588877
      0.1751804682955688
      0.1747499215332108
      0.1743437361185896
      0.1739627184869286
      0.1736076351596357
      0.1732792109902185
      0.1729781274704879
      0.1727050211095698
      0.1724604818984696
      0.1722450518729503
      0.1720592237872812
      0.1719034399109795
      0.1717780909599966
       0.171683515172879
      0.1716199975413032
      0.1715877692030292
      0.1715870070037613
      0.1716178332327004
      0.1716803155347237
      0.1717744670001826
      0.1719002464313264
       0.172057558782348
      0.1722462557680872
      0.1724661366345463
      0.1727169490825996
      0.1729983903347012
      0.1733101083329821
      0.1736517030559719
      0.1740227279402717
       0.174422691392851
      0.1748510583793073
      0.1753072520733274
      0.1757906555528131
      0.1763006135285936
       0.176836434092368
      0.1773973904714565
      0.1779827227790693
      0.1785916397500988
      0.1792233204538318
      0.1798769159764855
      0.1805515510679991
