                       0
   1.340772625299037e-05
   5.372086203636682e-05
   0.0001211213610819302
   0.0002157596736161464
   0.0003377548713769832
   0.0004871949596020593
    0.000664137371158606
   0.0008686096358897761
    0.001100610216367581
    0.001360109499470134
    0.001647050931561819
    0.001961352283569747
     0.00230290703093764
    0.002671585832315616
    0.003067238089926504
    0.003489693573848504
    0.003938764091979649
    0.004414245187209104
    0.004915917843317073
    0.005443550181358504
    0.005996899128756191
     0.00657571204402196
    0.007179728280941895
    0.007808680677175082
    0.008462296953521076
    0.009140301011577756
    0.009842414119121977
     0.01056835597427008
     0.01131784564128736
     0.01209060235278165
      0.0128863461749099
      0.0137047985341068
     0.01454568260569416
     0.01540872356649283
     0.01629364871524105
     0.01720018746615272
      0.0181280712223486
     0.01907703313709532
     0.02004680777181636
     0.02103713066064302
      0.0220477377918773
     0.02307836501711716
     0.02412874739895423
     0.02519861850810171
     0.02628770968056098
     0.02739574924499088
     0.02852246172983352
      0.0296675670589984
     0.03083077974401454
     0.03201180807958941
     0.03321035334846051
     0.03442610904033605
      0.0356587600886067
     0.03690798212743163
     0.03817344077072541
      0.0394547909136022
     0.04075167605590037
     0.04206372764661137
     0.04339056444734093
     0.04473179191236209
     0.04608700158238276
     0.04745577048886818
     0.04883766056559383
      0.0502322180641114
     0.05163897296990747
     0.05305743841629792
     0.05448711009346006
     0.05592746565046098
     0.05737796408868483
     0.05883804514571257
     0.06030712866933928
     0.06178461398218409
     0.06326987923803226
     0.06476228077184393
     0.06626115244605105
      0.0677658049965254
     0.06927552538222848
      0.0707895761432086
     0.07230719477216543
     0.07382759310531976
     0.07534995673873668
     0.07687344447662223
     0.07839718781838968
     0.07992029049148641
      0.0814418280371077
     0.08296084745597293
     0.08447636692131734
     0.08598737556618667
     0.08749283335196771
     0.08899167102492093
     0.09048279016721779
     0.09196506334875816
     0.09343733438568586
     0.09489841871124254
     0.09634710386423416
     0.09778215009999928
     0.09920229112844124
      0.1006062349832687
      0.1019926650261935
      0.1033602410894781
      0.1047076007598001
      0.1060333608059742
      0.1073361187526955
      0.1086144546020018
      0.1098669327037403
      0.1110921037758287
      0.1122885070746579
      0.1134546727154184
       0.114589124141666
      0.1156903807428166
      0.1167569606176751
      0.1177873834814941
      0.1187801737133475
      0.1197338635399348
      0.1206469963511723
      0.1215181301421826
      0.1223458410755065
      0.1231287271565507
      0.1238654120144861
      0.1245545487799895
      0.1251948240504484
      0.1257849619324307
      0.1263237281505277
      0.1268099342109672
      0.1272424416077335
      0.1276201660584377
        0.12794208175667
      0.1282072256272455
      0.1284147015704849
      0.1285636846815871
      0.1286534254312204
      0.1286832537936032
      0.1286525833087548
      0.1285609150661469
      0.1284078415976735
      0.1281930506688335
       0.127916328958075
       0.127577565615592
      0.1271767556943075
      0.1267140034475246
      0.1261895254894966
       0.125603653817249
      0.1249568386941514
      0.1242496513980147
      0.1234827868389509
      0.1226570660547669
      0.1217734385941761
      0.1208329848007717
      0.1198369180132712
      0.1187865867000106
      0.1176834765480723
      0.1165292125295458
       0.115325560969234
      0.1140744316395647
      0.1127778799092413
      0.1114381089722518
      0.1100574721830287
      0.1086384755213737
      0.1071837802072198
      0.1056962054797737
      0.1041787315476899
      0.1026345027062501
      0.1010668306032643
     0.09947919761700909
     0.09787526028615658
     0.09625885270234633
     0.09463398974010778
     0.09300486995516759
     0.09137587793016086
      0.0897515857857077
      0.0881367535047483
     0.08653632763935847
     0.08495543788364845
     0.08339939090672191
      0.0818736607507996
     0.08038387501874911
     0.07893579601225803
     0.07753529594976823
     0.07618832540791282
     0.07490087420981797
     0.07367892414737953
     0.07252839319005629
     0.07145507121245676
     0.07046454777005985
     0.06956213305549408
     0.06875277384672498
     0.06804096696174651
     0.06743067338991586
     0.06692523679106163
      0.0665273103493601
     0.06623879596082452
     0.06606079937122267
     0.06599360415963905
     0.06603666642848159
     0.06618863081077349
     0.06644736707468739
     0.06681002534312309
     0.06727310689138501
     0.06783254674285391
     0.06848380390531413
     0.06922195507972301
     0.07004178798207226
     0.07093789096837322
     0.07190473634889925
     0.07293675552859659
     0.07402840483835529
     0.07517422157006941
     0.07636887026316089
     0.07760717969822516
     0.07888417133718674
     0.08019508012203039
       0.081535368624977
     0.08290073555272165
     0.08428711956620329
     0.08569069930285937
     0.08710789039482629
     0.08853534017503459
     0.08996992066142603
     0.09140872031303406
     0.09284903496335402
     0.09428835825815526
     0.09572437185692793
     0.09715493559948285
     0.09857807779091816
     0.09999198571850598
      0.1013949964817648
      0.1027855881911947
      0.1041623715707517
       0.105524081983226
       0.106869571885549
      0.1081978037118566
      0.1095078431753946
      0.1107988529755529
      0.1120700868930108
      0.1133208842538349
      0.1145506647422342
      0.1157589235411185
      0.1169452267796599
      0.1181092072674429
      0.1192505604955085
      0.1203690408854094
      0.1214644582684419
      0.1225366745782844
      0.1235856007413385
      0.1246111937502467
      0.1256134539071088
      0.1265924222239777
      0.1275481779693028
      0.1284808363498558
      0.1293905463186656
       0.130277488500296
      0.1311418732255684
      0.1319839386685851
      0.1328039490795298
      0.1336021931072974
       0.134378982206582
       0.135134649124446
      0.1358695464618538
      0.1365840453059933
      0.1372785339295087
       0.137953416553031
      0.1386091121676331
      0.1392460534139863
      0.1398646855151861
       0.140465465260334
      0.1410488600360336
       0.141615346903133
      0.1421654117160286
      0.1426995482819735
      0.1432182575579195
      0.1437220468823837
      0.1442114292400651
      0.1446869225568505
          0.145149049023
      0.1455983344424328
      0.1460353076060257
      0.1464604996870377
      0.1468744436568568
      0.1472776737193707
      0.1476707247624045
      0.1480541318248476
      0.1484284295781474
      0.1487941518210834
       0.149151830986803
      0.1495019976612775
      0.1498451801124403
      0.1501819038294462
       0.150512691071541
      0.1508380604261699
      0.1511585263760321
      0.1514745988748831
      0.1517867829319266
       0.152095578204666
      0.1524014786001727
      0.1527049718846946
      0.1530065393015565
      0.1533066551972781
      0.1536057866558426
      0.1539043931410046
      0.1542029261465075
      0.1545018288540402
      0.1548015357987339
      0.1551024725419813
      0.1554050553512858
      0.1557096908869214
      0.1560167758950724
      0.1563266969071711
      0.1566398299451673
      0.1569565402324573
      0.1572771819102203
      0.1576020977590271
      0.1579316189255155
       0.158266064654081
      0.1586057420235686
      0.1589509456889991
      0.1593019576284815
      0.1596590468954838
      0.1600224693767373
      0.1603924675561071
       0.160769270284836
       0.161153092558586
      0.1615441353017404
      0.1619425851595092
      0.1623486142983511
      0.1627623802151842
      0.1631840255559342
      0.1636136779438702
      0.1640514498181351
      0.1644974382828849
      0.1649517249672986
      0.1654143758967058
      0.1658854413749856
      0.1663649558782881
      0.1668529379600775
      0.1673493901673768
      0.1678542989680555
      0.1683676346888842
       0.168889351464054
       0.169419387193803
       0.169957663512737
       0.170504085767424
      0.1710585430028019
      0.1716209079570255
      0.1721910370642731
      0.1727687704651796
       0.173353932024576
      0.1739463293562122
      0.1745457538543618
       0.175151980732084
      0.1757647690661953
      0.1763838618489444
      0.1770089860465688
      0.1776398526649702
      0.1782761568227662
      0.1789175778322002
      0.1795637792883197
      0.1802144091669802
      0.1808690999322512
      0.1815274686538871
       0.182189117135502
      0.1828536320541919
      0.1835205851122643
      0.1841895332018512
      0.1848600185830631
      0.1855315690764728
       0.186203698270566
       0.186875905744858
      0.1875476773093407
      0.1882184852609413
      0.1888877886575508
      0.1895550336102874
       0.190219653594578
      0.1908810697806699
      0.1915386913841295
      0.1921919160369944
      0.1928401301801162
      0.1934827094773968
       0.194119019252557
      0.1947484149490914
      0.1953702426141962
      0.1959838394073802
       0.196588534134561
      0.1971836478085341
      0.1977684942365961
      0.1983423806363165
      0.1989046082802938
      0.1994544731709416
       0.199991266746153
      0.2005142766168601
      0.2010227873374049
      0.2015160812096276
      0.2019934391215575
      0.2024541414214782
      0.2028974688281801
      0.2033227033779798
      0.2037291294091338
      0.2041160345840879
      0.2044827109498403
      0.2048284560366779
      0.2051525739953023
      0.2054543767722072
      0.2057331853230709
      0.2059883308636854
      0.2062191561577959
      0.2064250168410327
      0.2066052827799215
      0.2067593394647647
       0.206886589434999
      0.2069864537353876
      0.2070583734012686
       0.207101810970802
      0.2071162520219822
      0.2071012067319339
      0.2070562114558149
      0.2069808303224022
       0.206874656843131
      0.2067373155312511
      0.2065684635273427
      0.2063677922272736
      0.2061350289083031
      0.2058699383488788
      0.2055723244371863
      0.2052420317632931
      0.2048789471894256
      0.2044830013924628
      0.2040541703724523
      0.2035924769205723
      0.2030979920395752
      0.2025708363093866
      0.2020111811901809
      0.2014192502548304
      0.2007953203423551
      0.2001397226235783
      0.1994528435699407
       0.198735125816077
      0.1979870689065733
      0.1972092299170617
      0.1964022239396994
      0.1955667244229281
      0.1947034633554348
       0.193813231284256
      0.1928968771570791
      0.1919553079791112
      0.1909894882750593
       0.190000439347373
      0.1889892383223212
      0.1879570169762171
      0.1869049603349046
      0.1858343050405598
       0.184746337480903
      0.1836423916772387
      0.1825238469290011
      0.1813921252140833
      0.1802486883458575
      0.1790950348895869
      0.1779326968429517
       0.176763236087346
      0.1755882406189644
      0.1744093205708536
        0.17322810403959
      0.1720462327326462
      0.1708653574550216
       0.169687133456274
      0.1685132156614856
      0.1673452538122579
      0.1661848875460548
       0.165033741444534
      0.1638934200833928
      0.1627655031181318
      0.1616515404415118
      0.1605530474496765
      0.1594715004545866
      0.1584083322806634
      0.1573649280833325
      0.1563426214263383
      0.1553426906533382
      0.1543663555873427
      0.1534147745889682
      0.1524890420012603
      0.1515901860051161
      0.1507191669049014
      0.1498768758590773
      0.1490641340652607
      0.1482816924035026
      0.1475302315355858
      0.1468103624520275
      0.1461226274522751
       0.145467501537515
      0.1448453941895795
      0.1442566515039008
      0.1437015586393389
        0.14318034254319
       0.142693174905817
       0.142240175296274
      0.1418214144280389
      0.1414369175026562
      0.1410866675786546
      0.1407706089136465
      0.1404886502289922
      0.1402406678487371
      0.1400265086678006
      0.1398459929083033
      0.1396989166276863
      0.1395850539474728
      0.1395041589773278
      0.1394559674151744
      0.1394401978104974
      0.1394565524844364
      0.1395047181067698
      0.1395843659362314
      0.1396951517367017
      0.1398367153875982
      0.1400086802121001
      0.1402106520515595
      0.1404422181187243
      0.1407029456657243
      0.1409923805056863
      0.1413100454287426
      0.1416554385544448
      0.1420280316630706
      0.1424272685479602
      0.1428525634300007
      0.1433032994735852
      0.1437788274410471
      0.1442784645195536
      0.1448014933510343
      0.1453471612918122
      0.1459146799244393
       0.146503224839782
      0.1471119357028679
      0.1477399166113533
      0.1483862367509073
      0.1490499313473786
      0.1497300029112948
      0.1504254227663513
      0.1511351328497626
      0.1518580477691555
       0.152593057097748
      0.1533390278870989
      0.1540948073747143
      0.1548592258622171
       0.155631099738672
      0.1564092346229877
      0.1571924285989805
       0.157979475516828
      0.1587691683350422
      0.1595603024778924
      0.1603516791841589
      0.1611421088244313
       0.161930414165514
      0.1627154335622416
      0.1634960240585411
      0.1642710643814982
      0.1650394578139626
      0.1658001349330805
      0.1665520562039679
      0.1672942144195235
      0.1680256369791473
      0.1687453880007341
      0.1694525702619531
      0.1701463269682033
      0.1708258433460943
      0.1714903480624344
      0.1721391144699969
      0.1727714616821603
      0.1733867554795853
      0.1739844090527642
      0.1745638835850452
      0.1751246886812108
      0.1756663826472628
      0.1761885726273761
      0.1766909146043468
      0.1771731132700268
      0.1776349217724204
      0.1780761413462368
      0.1784966208336516
      0.1788962561021281
      0.1792749893659676
      0.1796328084182748
      0.1799697457798468
      0.1802858777713331
      0.1805813235149203
      0.1808562438714729
      0.1811108403189848
      0.1813453537779352
      0.1815600633888662
      0.1817552852473572
      0.1819313711012441
      0.1820887070147457
       0.182227712003909
      0.1823488366474798
      0.1824525616771137
      0.1825393965505783
      0.1826098780113067
      0.1826645686374406
       0.182704055383266
      0.1827289481156368
      0.1827398781477914
       0.182737496772703
      0.1827224737978588
      0.1826954960831463
      0.1826572660833162
       0.182608500396266
      0.1825499283181772
      0.1824822904064399
      0.1824063370509775
      0.1823228270546752
      0.1822325262232285
      0.1821362059648456
      0.1820346419000297
      0.1819286124816678
      0.1818188976256427
      0.1817062773521123
      0.1815915304377056
      0.1814754330788962
      0.1813587575668907
      0.1812422709744692
      0.1811267338553351
      0.1810128989566686
      0.1809015099457148
      0.1807933001514377
      0.1806889913223784
      0.1805892924020997
      0.1804948983237432
      0.1804064888253606
      0.1803247272879372
      0.1802502595980998
      0.1801837130376449
      0.1801256952021936
      0.1800767929513375
      0.1800375713927186
      0.1800085729025245
      0.1799903161849393
      0.1799832953730156
      0.1799879791734864
      0.1800048100578661
      0.1800342035021435
      0.1800765472773196
      0.1801322007927259
      0.1802014944940665
      0.1802847293178555
      0.1803821762036974
      0.1804940756657141
      0.1806206374241401
      0.1807620400978911
      0.1809184309587055
      0.1810899257471638
       0.181276608550713
      0.1814785317435983
      0.1816957159883067
      0.1819281502980528
      0.1821757921595142
      0.1824385677148975
      0.1827163720022506
      0.1830090692527461
      0.1833164932435263
        0.18363844770459
      0.1839747067780388
      0.1843250155279038
      0.1846890904987335
      0.1850666203209174
      0.1854572663607716
      0.1858606634132551
      0.1862764204351715
       0.186704121316643
      0.1871433256885926
      0.1875935697639873
       0.188054367210484
      0.1885252100522089
      0.1890055695982818
      0.1894948973958081
      0.1899926262049892
      0.1904981709940442
      0.1910109299517396
      0.1915302855152383
      0.1920556054111739
      0.1925862437078013
      0.1931215418762371
      0.1936608298588635
      0.1942034271430431
      0.1947486438384573
      0.1952957817564197
      0.1958441354896904
      0.1963929934914561
      0.1969416391521893
      0.1974893518732863
      0.1980354081365666
      0.1985790825686486
       0.199119648999583
       0.199656381515015
      0.2001885555013943
      0.2007154486837472
      0.2012363421556701
      0.2017505214012128
      0.2022572773083844
      0.2027559071740821
      0.2032457157002069
      0.2037260159807374
      0.2041961304796105
      0.2046553919990749
      0.2051031446383325
      0.2055387447420464
      0.2059615618384209
      0.2063709795663367
      0.2067663965910952
      0.2071472275081323
      0.2075129037340944
      0.2078628743845224
      0.2081966071373882
      0.2085135890815742
      0.2088133275494613
      0.2090953509325764
      0.2093592094793655
      0.2096044760739808
      0.2098307469950453
      0.2100376426532542
      0.2102248083066881
      0.2103919147527112
      0.2105386589952626
      0.2106647648863314
      0.2107699837404823
      0.2108540949211115
      0.2109169063972037
      0.2109582552693007
       0.210978008263246
      0.2109760621903181
      0.2109523443721648
      0.2109068130289519
      0.2108394576289009
      0.2107502991973174
      0.2106393905829882
      0.2105068166797421
      0.2103526946005981
      0.2101771738018545
      0.2099804361541753
       0.209762695957455
      0.2095241998961153
      0.2092652269311107
      0.2089860881247776
      0.2086871263944448
      0.2083687161904781
      0.2080312630943602
      0.2076752033322002
      0.2073010031991014
      0.2069091583897271
      0.2065001932305268
      0.2060746598092362
      0.2056331369973883
      0.2051762293620878
      0.2047045659635091
        0.20421879903528
      0.2037196025454106
      0.2032076706363038
      0.2026837159431314
      0.2021484677909098
      0.2016026702716409
      0.2010470802041056
      0.2004824649801389
      0.1999096003026166
      0.1993292678217979
      0.1987422526781679
      0.1981493409614576
      0.1975513170970867
      0.1969489611728166
      0.1963430462199346
       0.195734335464792
      0.1951235795678846
      0.1945115138689977
      0.1938988556581145
      0.1932863014927548
      0.1926745245833512
       0.192064172268726
      0.1914558636043096
      0.1908501870857345
      0.1902476985304267
      0.1896489191393284
      0.1890543337602547
      0.1884643893733823
      0.1878794938180457
      0.1873000147785722
      0.1867262790449207
      0.1861585720619023
      0.1855971377783895
      0.1850421788053813
      0.1844938568891512
      0.1839522937027725
      0.1834175719564115
      0.1828897368237576
      0.1823687976788903
      0.1818547301348735
      0.1813474783723608
      0.1808469577436482
      0.1803530576347962
      0.1798656445659028
       0.179384565507154
      0.1789096513860941
      0.1784407207596248
      0.1779775836224777
      0.1775200453225114
      0.1770679105519926
      0.1766209873830771
      0.1761790913151529
      0.1757420493012473
      0.1753097037206563
      0.1748819162650863
      0.1744585717059457
      0.1740395815110665
      0.1736248872799176
       0.173214463967417
      0.1728083228676296
      0.1724065143300321
      0.1720091301825772
      0.1716163058374713
      0.1712282220574577
       0.170845106362429
       0.170467234058268
      0.1700949288722101
      0.1697285631813906
      0.1693685578238495
       0.169015381484023
      0.1686695496475566
      0.1683316231233762
      0.1680022061340587
      0.1676819439788462
      0.1673715202770796
      0.1670716538033248
      0.1667830949291449
      0.1665066216900799
      0.1662430355001822
      0.1659931565401849
      0.1657578188489961
      0.1655378651519219
      0.1653341414623451
      0.1651474914969656
      0.1649787509475704
      0.1648287416550301
      0.1646982657334305
      0.1645880996940579
      0.1644989886201881
      0.1644316404443206
      0.1643867203795938
      0.1643648455564161
      0.1643665799141198
      0.1643924293954038
      0.1644428374886575
      0.1645181811598276
       0.164618767211573
      0.1647448291027791
      0.1648965242564804
      0.1650739318787052
      0.1652770513049232
      0.1655058008847509
      0.1657600174094397
      0.1660394560804982
      0.1663437910119011
      0.1666726162524813
      0.1670254473097768
      0.1674017231516441
      0.1678008086574083
      0.1682219974865688
      0.1686645153297431
      0.1691275235039892
      0.1696101228526954
      0.1701113579089792
       0.170630221280883
      0.1711656582167141
      0.1717165713093236
      0.1722818252992891
      0.1728602519384065
      0.1734506548768439
      0.1740518145394982
      0.1746624929596108
      0.1752814385403057
      0.1759073907175434
      0.1765390845008433
      0.1771752548709356
      0.1778146410164059
       0.178455990394164
      0.1790980626011706
      0.1797396330474917
      0.1803794964230383
      0.1810164699526419
      0.1816493964361703
      0.1822771470722026
        0.18289862406551
      0.1835127630201141
      0.1841185351209665
      0.1847149491085618
      0.1853010530516337
      0.1858759359241321
      0.1864387289931808
      0.1869886070254338
      0.1875247893195674
      0.1880465405730668
      0.1885531715915875
      0.1890440398493307
      0.1895185499088991
      0.1899761537089598
      0.1904163507280353
      0.1908386880323883
      0.1912427602157739
      0.1916282092385699
      0.1919947241732642
      0.1923420408630668
      0.1926699414998073
       0.192978254126971
      0.1932668520731204
      0.1935356533205616
      0.1937846198135702
      0.1940137567100425
      0.1942231115799372
      0.1944127735534687
      0.1945828724215173
      0.1947335776904195
      0.1948650975928024
      0.1949776780559955
      0.1950716016290544
      0.1951471863694056
      0.1952047846897655
      0.1952447821659939
      0.1952675963063521
      0.1952736752826422
      0.1952634966237319
       0.195237565871981
      0.1951964152031963
      0.1951406020108743
      0.1950707074556298
      0.1949873349809122
      0.1948911087962972
      0.1947826723298171
      0.1946626866510881
      0.1945318288671194
      0.1943907904929585
      0.1942402757994743
      0.1940810001408097
      0.1939136882641292
      0.1937390726044714
      0.1935578915676042
      0.1933708878038789
      0.1931788064760828
      0.1929823935244253
      0.1927823939316941
      0.1925795499917017
      0.1923745995840701
      0.1921682744584283
      0.1919612985310327
      0.1917543861968219
      0.1915482406599156
      0.1913435522855823
      0.1911409969767151
      0.1909412345779218
      0.1907449073104596
      0.1905526382413073
      0.1903650297898779
      0.1901826622760451
      0.1900060925133488
      0.1898358524515238
      0.1896724478727213
      0.1895163571460688
      0.1893680300454691
      0.1892278866358068
       0.189096316232916
      0.1889736764428985
      0.1888602922864674
      0.1887564554140904
      0.1886624234176831
      0.1885784192445275
      0.1885046307188302
      0.1884412101761343
      0.1883882742153105
      0.1883459035723117
      0.1883141431192884
      0.1882930019918713
      0.1882824538465782
      0.1882824372493019
       0.188292856194867
      0.1883135807564691
      0.1883444478626658
      0.1883852621984337
       0.188435797225516
      0.1884957963162163
      0.1885649739935106
      0.1886430172693357
      0.1887295870719112
      0.1888243197519347
      0.1889268286568025
      0.1890367057613243
      0.1891535233427991
      0.1892768356881675
      0.1894061808205243
      0.1895410822325398
      0.1896810506142668
      0.1898255855633157
      0.1899741772657938
      0.1901263081370833
      0.1902814544123602
      0.1904390876775654
      0.1905986763327146
      0.1907596869804349
      0.1909215857337925
