                       0
   1.126395978437097e-05
   4.513579712536462e-05
   0.0001017859521617396
   0.0001813759790830787
   0.0002840584947314172
   0.0004099771326804173
   0.0005592665027021234
   0.0007320521554922911
   0.0009284505524885366
    0.001148569040579066
    0.001392505831463543
     0.00166034998539182
    0.001952181398971042
    0.002268070796696874
    0.002608079725830749
    0.002972260554211765
    0.003360656470559641
    0.003773301486793921
    0.004210220441864361
    0.004671429006558445
    0.005156933688724311
    0.005666731838320883
    0.006200811651682207
    0.006759152174359489
    0.007341723301882516
    0.007948485777762372
    0.008579391188038805
     0.00923438195165925
    0.009913391305962364
      0.0106163432865264
     0.01134315270063274
     0.01209372509358681
     0.01286795670713347
     0.01366573442920038
     0.01448693573420302
     0.01533142861314656
     0.01619907149276533
     0.01708971314294843
     0.01800319257171059
     0.01893933890698251
     0.01989797126451124
     0.02087889860118332
     0.02188191955310687
     0.02290682225781836
     0.02395338416001148
     0.02502137180022195
     0.02611054058594381
      0.0272206345446971
     0.02835138605861786
     0.02950251558019532
     0.03067373132884295
     0.03186472896805385
     0.03307519126296293
     0.03430478771821503
     0.03555317419612104
     0.03681999251517246
     0.03810487002908153
      0.0394074191866145
     0.04072723707259522
     0.04206390493057183
     0.04341698766776254
     0.04478603334302483
     0.04617057263873177
     0.04757011831758254
     0.04898416466552614
     0.05041218692213781
     0.05185364069995278
     0.05330796139443745
     0.05477456358645798
     0.05625284043929366
     0.05774216309243783
     0.05924188005462706
     0.06075131659874704
     0.06226977416147171
     0.06379652975070803
     0.06533083536413607
     0.06687191742235449
      0.0684189762203615
     0.06997118540132574
     0.07152769145681764
     0.07308761325789261
     0.07465004162162843
      0.0762140389179263
     0.07777863872158344
     0.07934284551483346
      0.0809056344457267
     0.08246595114788215
     0.08402271162728916
     0.08557480222195754
      0.0871210796403163
     0.08866037108434009
     0.09019147446342442
     0.09171315870505001
     0.09322416416825845
     0.09472320316590499
     0.09620896060155988
     0.09768009472679182
      0.0991352380243847
      0.1005729982228096
        0.10199195944699
      0.1033906835100708
      0.1047677113505154
       0.106121564618411
      0.1074507474143786
      0.1087537481839203
      0.1100290417694426
       0.111275091621534
      0.1124903521703568
      0.1136732713572628
      0.1148222933259295
      0.1159358612714609
      0.1170124204450186
      0.1180504213106158
      0.1190483228497725
       0.120004596008759
      0.1209177272821831
      0.1217862224256986
      0.1226086102896484
      0.1233834467645041
      0.1241093188280488
      0.1247848486833691
      0.1254086979759056
      0.1259795720770491
      0.1264962244210906
      0.1269574608817561
      0.1273621441740587
      0.1277091982668483
      0.1279976127911881
      0.1282264474295945
        0.12839483627122
      0.1285019921182717
        0.12854721072933
      0.1285298749857834
       0.128449458968329
      0.1283055319313994
      0.1280977621644882
       0.127825920730636
      0.1274898850738218
      0.1270896424886801
      0.1266252934478051
      0.1260970547839392
      0.1255052627265293
      0.1248503757944797
      0.1241329775494201
      0.1233537792164052
      0.1225136221816753
      0.1216134803798736
      0.1206544625859424
      0.1196378146297222
      0.1185649215540495
      0.1174373097397977
       0.116256649023771
       0.115024754837552
      0.1137435903971938
      0.1124152689749044
      0.1110420562844116
      0.1096263730112968
      0.1081707975179746
      0.1066780687498372
      0.1051510893639548
      0.1035929290941398
      0.1020068283555199
      0.1003962020773238
     0.09876464373351772
     0.09711592951627067
     0.09545402256590939
     0.09378307713186844
     0.09210744249096219
     0.09043166639095346
     0.08876049771793933
     0.08709888800499842
     0.08545199130704823
      0.0838251618642749
     0.08222394886677864
     0.08065408752144031
     0.07912148551656235
     0.07763220389227141
     0.07619243127067417
     0.07480845039918392
     0.07348659603656843
     0.07223320338932281
     0.07105454660991625
     0.06995676731657698
      0.0689457936930275
     0.06802725146382681
     0.06720636887959673
     0.06648787872041173
     0.06587592114100839
     0.06537395182388767
     0.06498466025659701
     0.06470990290503013
     0.06455065555402613
      0.0645069881299408
     0.06457806397892402
     0.06476216398775195
     0.06505673428524704
     0.06545845474841631
     0.06596332433173534
     0.06656675845981405
     0.06726369342131411
       0.068048692852283
     0.06891605191935822
      0.0698598955923031
     0.07087426830601377
     0.07195321324061967
     0.07309084030562263
     0.07428138264182454
     0.07551924202441949
     0.07679902395786534
     0.07811556351109177
     0.07946394307347275
     0.08083950324512337
     0.08223784803660301
     0.08365484546715687
     0.08508662453712479
     0.08652956942437376
     0.08798031162756707
     0.08943572065810627
     0.09089289377208831
     0.09234914513584778
     0.09380199473428466
     0.09524915725989944
     0.09668853116130818
     0.09811818798172034
     0.09953636207902455
      0.1009414407883502
      0.1023319550639433
      0.1037065706187237
      0.1050640795659559
      0.1064033925571643
      0.1077235314030176
      0.1090236221587841
      0.1103028886525877
       0.111560646432693
      0.1127962971090619
      0.1140093230642081
      0.1151992825087078
      0.1163658048574602
      0.1175085864037857
       0.118627386269624
      0.1197220226113628
      0.1207923690621466
      0.1218383513928326
      0.1228599443750605
      0.1238571688311531
      0.1248300888567604
      0.1257788092032881
      0.1267034728082082
      0.1276042584623313
      0.1284813786040333
      0.1293350772312695
      0.1301656279229769
      0.1309733319621718
      0.1317585165536972
      0.1325215331301587
      0.1332627557401196
      0.1339825795131153
       0.134681419196482
      0.1353597077593928
        0.13601789505986
      0.1366564465707807
      0.1372758421614048
      0.1378765749308684
      0.1384591500906809
      0.1390240838932716
      0.1395719026039043
      0.1401031415134494
      0.1406183439896695
      0.1411180605648301
      0.1416028480575819
      0.1420732687271985
      0.1425298894583634
      0.1429732809748233
      0.1434040170803185
      0.1438226739253101
      0.1442298292981042
      0.1446260619390735
      0.1450119508767528
      0.1453880747846686
      0.1457550113578388
      0.1461133367079516
      0.1464636247763103
      0.1468064467636931
      0.1471423705763519
      0.1474719602874294
      0.1477957756131529
      0.1481143714032093
      0.1484282971447771
      0.1487380964797467
      0.1490443067347076
      0.1493474584633553
      0.1496480750009996
      0.1499466720309193
      0.1502437571623553
      0.1505398295199732
      0.1508353793446674
      0.1511308876056239
      0.1514268256235894
      0.1517236547053259
      0.1520218257892594
      0.1523217791023599
      0.1526239438283043
       0.152928737786997
      0.1532365671255328
      0.1535478260207005
      0.1538628963931266
      0.1541821476331647
       0.154505936338633
       0.154834606064496
       0.155168487084578
      0.1555078961653849
      0.1558531363520948
      0.1562044967667553
       0.156562252418715
      0.1569266640272735
      0.1572979778565351
      0.1576764255623963
      0.1580622240515895
      0.1584555753526604
      0.1588566664987361
      0.1592656694219025
      0.1596827408589827
      0.1601080222684751
      0.1605416397583826
      0.1609837040246305
      0.1614343102997532
      0.1618935383114934
       0.162361452250944
      0.1628381007498396
      0.1633235168665859
      0.1638177180806047
      0.1643207062945576
      0.1648324678440129
      0.1653529735141029
      0.1658821785627375
      0.1664200227499275
      0.1669664303727942
      0.1675213103058472
      0.1680845560461272
      0.1686560457628402
      0.1692356423511271
      0.1698231934896439
      0.1704185317016622
      0.1710214744194281
      0.1716318240515689
      0.1722493680533675
       0.172873878999775
      0.1735051146610802
      0.1741428180812006
      0.1747867176586172
      0.1754365272300216
       0.176091946156805
      0.1767526594145713
      0.1774183376859143
      0.1780886374567568
      0.1787632011166055
      0.1794416570631322
      0.1801236198115518
      0.1808086901093185
      0.1814964550567219
      0.1821864882340157
      0.1828783498357573
       0.183571586813103
      0.1842657330248339
      0.1849603093979389
      0.1856548240986345
      0.1863487727147218
      0.1870416384502347
      0.1877328923333612
      0.1884219934386475
      0.1891083891245251
      0.1897915152872236
      0.1904707966321518
       0.191145646963844
      0.1918154694955781
      0.1924796571797859
      0.1931375930603708
      0.1937886506480521
      0.1944321943198472
      0.1950675797437948
      0.1956941543300045
      0.1963112577091013
      0.1969182222391105
      0.1975143735417957
      0.1980990310694389
      0.1986715087030002
      0.1992311153825678
      0.1997771557709523
      0.2003089309512295
      0.2008257391589846
      0.2013268765499424
      0.2018116380036107
      0.2022793179634857
      0.2027292113142981
      0.2031606142967006
      0.2035728254597004
      0.2039651466510638
       0.204336884045811
        0.20468734921283
      0.2050158602195126
       0.205321742774218
      0.2056043314062364
      0.2058629706828037
      0.2060970164625742
       0.206305837184823
      0.2064888151934877
      0.2066453480950085
      0.2067748501487423
      0.2068767536885559
       0.206950510574006
      0.2069955936693098
      0.2070114983481048
      0.2069977440217577
      0.2069538756887526
      0.2068794655024396
      0.2067741143541504
      0.2066374534684226
      0.2064691460067812
      0.2062688886762216
      0.2060364133382282
      0.2057714886138353
      0.2054739214799088
      0.2051435588514692
      0.2047802891445395
       0.204384043813632
      0.2039547988576327
      0.2034925762874748
      0.2029974455486329
      0.2024695248911085
      0.2019089826792359
      0.2013160386332844
      0.2006909649945299
      0.2000340876051491
      0.1993457868940289
      0.1986264987593308
      0.1978767153384384
      0.1970969856557644
      0.1962879161387528
      0.1954501709923763
      0.1945844724223993
       0.193691600697764
      0.1927723940425889
      0.1918277483484908
      0.1908586166982533
      0.1898660086922744
      0.1888509895697258
      0.1878146791169786
      0.1867582503565761
      0.1856829280108847
      0.1845899867355293
      0.1834807491188171
      0.1823565834445929
      0.1812189012173395
       0.180069154449834
      0.1789088327153154
      0.1777394599678902
       0.176562591136797
      0.1753798085021699
      0.1741927178620767
      0.1730029445028201
      0.1718121289868107
      0.1706219227746774
      0.1694339837006873
      0.1682499713229582
      0.1670715421723244
      0.1659003449260453
      0.1647380155347534
      0.1635861723331103
      0.1624464111664982
      0.1613203005676963
      0.1602093770187923
      0.1591151403345417
      0.1580390492039236
      0.1569825169267218
      0.1559469073815399
      0.1549335312606865
      0.1539436426058179
      0.1529784356760875
      0.1520390421778027
      0.1511265288812468
      0.1502418956464019
      0.1493860738748497
      0.1485599254001861
      0.1477642418239237
      0.1469997442981766
      0.1462670837505004
      0.1455668415402424
      0.1448995305297221
      0.1442655965476757
      0.1436654202167657
      0.1430993191117061
      0.1425675502098237
      0.1420703125917566
      0.1416077503465928
      0.1411799556331602
      0.1407869718474478
      0.1404287968453187
      0.1401053861697858
      0.1398166562331581
      0.1395624874063141
      0.1393427269701603
      0.1391571918879427
      0.1390056713613972
      0.1388879291386646
      0.1388037055473587
      0.1387527192320183
      0.1387346685813028
      0.1387492328365643
       0.138796072879716
      0.1388748317045168
      0.1389851345813591
      0.1391265889312943
      0.1392987839302469
      0.1395012898690659
      0.1397336572991678
      0.1399954159969763
      0.1402860737831111
      0.1406051152342964
      0.1409520003272192
      0.1413261630540901
      0.1417270100494369
      0.1421539192667332
      0.1426062387418817
        0.14308328547837
      0.1435843444861764
      0.1441086680032929
        0.14465547492513
      0.1452239504631629
      0.1458132460500548
      0.1464224795042422
      0.1470507354626685
      0.1476970660860963
      0.1483604920372874
      0.1490400037283817
      0.1497345628300927
      0.1504431040319323
      0.1511645370395958
      0.1518977487929476
      0.1526416058857386
      0.1533949571662915
         0.1541566364969
      0.1549254656486066
      0.1557002573073327
       0.156479818167008
      0.1572629520853795
       0.158048463278517
      0.1588351595306608
      0.1596218553969379
      0.1604073753775588
      0.1611905570433805
      0.1619702540941364
      0.1627453393321576
      0.1635147075360064
      0.1642772782201005
      0.1650319982680744
      0.1657778444292916
      0.1665138256695674
      0.1672389853687626
      0.1679524033594503
      0.1686531978023308
      0.1693405268954589
      0.1700135904156488
       0.170671631091629
      0.1713139358096223
      0.1719398366530403
      0.1725487117788791
      0.1731399861342193
      0.1737131320169325
      0.1742676694853177
      0.1748031666219106
      0.1753192396571494
      0.1758155529589314
       0.176291818894379
      0.1767477975703373
      0.1771832964592669
      0.1775981699172835
      0.1779923186011144
      0.1783656887907226
      0.1787182716242811
      0.1790501022520716
      0.1793612589157421
      0.1796518619591806
      0.1799220727770676
      0.1801720927069445
      0.1804021618704008
       0.180612557968725
      0.1808035950381028
      0.1809756221691653
      0.1811290221954189
      0.1812642103548017
       0.181381632928328
      0.1814817658595036
      0.1815651133579158
      0.1816322064901321
       0.181683601760774
      0.1817198796863786
      0.1817416433644153
      0.1817495170395884
      0.1817441446693396
      0.1817261884902465
        0.18169632758683
      0.1816552564640995
      0.1816036836249975
      0.1815423301537647
      0.1814719283061149
      0.1813932201069867
      0.1813069559565598
      0.1812138932451225
      0.1811147949773342
      0.1810104284063698
      0.1809015636784055
      0.1807889724878994
       0.180673426744117
      0.1805556972493746
      0.1804365523895058
      0.1803167568371015
      0.1801970702681377
      0.1800782460926719
      0.1799610302003721
      0.1798461597217318
      0.1797343618059208
      0.1796263524163274
      0.1795228351449468
      0.1794245000468892
      0.1793320224963807
      0.1792460620657427
       0.179167261428938
      0.1790962452913655
      0.1790336193476821
      0.1789799692695078
      0.1789358597249391
      0.1789018334318498
      0.1788784102470087
       0.178866086293061
      0.1788653331254322
      0.1788765969412067
      0.1789002978319976
      0.1789368290827851
      0.1789865565186282
      0.1790498179010654
      0.1791269223759203
      0.1792181499740949
      0.1793237511667945
      0.1794439464764693
      0.1795789261445793
      0.1797288498571027
      0.1798938465285097
      0.1800740141447117
      0.1802694196652807
      0.1804800989850119
      0.1807060569546824
      0.1809472674606303
      0.1812036735625621
      0.1814751876887782
      0.1817616918877994
      0.1820630381351787
      0.1823790486940948
       0.182709516528144
       0.183054205764606
      0.1834128522062869
      0.1837851638899483
      0.1841708216891983
      0.1845694799596475
      0.1849807672240502
      0.1854042868951118
      0.1858396180335948
      0.1862863161393541
      0.1867439139729229
      0.1872119224052933
      0.1876898312935656
      0.1881771103801864
      0.1886732102135533
      0.1891775630878303
      0.1896895839999004
       0.190208671621461
      0.1907342092843636
      0.1912655659773899
      0.1918020973527577
      0.1923431467407518
      0.1928880461709651
      0.1934361173987463
      0.1939866729355368
       0.194539017081877
      0.1950924469619473
      0.1956462535585993
      0.1961997227479013
      0.1967521363323034
      0.1973027730715875
      0.1978509097108305
      0.1983958220046619
       0.198936785737141
      0.1994730777366213
      0.2000039768850093
      0.2005287651208436
      0.2010467284356509
      0.2015571578630614
      0.2020593504601638
      0.2025526102806087
      0.2030362493389702
      0.2035095885658811
      0.2039719587534659
      0.2044227014905903
      0.2048611700874585
      0.2052867304890809
      0.2056987621771404
      0.2060966590597787
      0.2064798303488407
      0.2068477014240861
      0.2071997146839085
      0.2075353303820791
       0.207854027450032
      0.2081553043042143
      0.2084386796380117
      0.2087036931977406
      0.2089499065422089
      0.2091769037853047
      0.2093842923210573
      0.2095717035305938
       0.209738793470354
      0.2098852435409007
       0.210010761135578
      0.2101150802682252
      0.2101979621790439
      0.2102591959176372
      0.2102985989021126
      0.2103160174530219
      0.2103113273007552
       0.210284434064857
      0.2102352737035404
      0.2101638129314998
      0.2100700496038943
      0.2099540130641711
      0.2098157644531501
       0.209655396976554
      0.2094730361279182
       0.209268839863555
      0.2090429987260009
      0.2087957359121139
       0.208527307281761
      0.2082380013027937
      0.2079281389278209
      0.2075980733980946
      0.2072481899696912
      0.2068789055570544
      0.2064906682889236
      0.2060839569716639
      0.2056592804550731
      0.2052171768958844
      0.2047582129143932
      0.2042829826399269
       0.203792106641273
      0.2032862307386671
      0.2027660246945202
      0.2022321807807664
      0.2016854122215109
       0.201126451510556
      0.2005560486044167
       0.199974968992532
      0.1993839916476192
      0.1987839068604096
      0.1981755139644045
      0.1975596189577535
      0.1969370320308617
      0.1963085650099039
      0.1956750287279818
      0.1950372303372413
      0.1943959705768081
      0.1937520410128907
      0.1931062212688161
      0.1924592762640643
      0.1918119534825508
      0.1911649802913985
      0.1905190613322688
      0.1898748760079142
      0.1892330760869761
      0.1885942834501373
      0.1879590880005607
      0.1873280457610488
      0.1867016771795826
      0.1860804656637829
      0.1854648563634413
      0.1848552552185471
      0.1842520282882422
      0.1836555013738539
      0.1830659599466483
      0.1824836493881964
      0.1819087755483324
      0.1813415056226134
      0.1807819693480138
      0.1802302605123671
      0.1796864387698017
      0.1791505317512188
      0.1786225374557029
       0.178102426905736
      0.1775901470462168
      0.1770856238646122
      0.1765887657071302
      0.1760994667636012
      0.1756176106918606
      0.1751430743507979
      0.1746757316099437
      0.1742154572024702
      0.1737621305878162
      0.1733156397897846
      0.1728758851759251
      0.1724427831442544
      0.1720162696839144
      0.1715963037771731
      0.1711828706112368
      0.1707759845696474
      0.1703756919745541
      0.1699820735528857
      0.1695952466013543
      0.1692153668273212
      0.1688426298448015
      0.1684772723072922
      0.1681195726616462
       0.167769851509902
      0.1674284715687717
      0.1670958372194202
      0.1667723936432039
      0.1664586255421749
      0.1661550554464039
      0.1658622416135039
      0.1655807755291351
       0.165311279020752
      0.1650544010003477
      0.1648108138554844
       0.164581209511407
      0.1643662951905089
      0.1641667888987944
      0.1639834146722441
      0.1638168976190585
      0.1636679587966042
        0.16353730996445
      0.1634256482570997
      0.1633336508218489
      0.1632619694685693
      0.1632112253790904
      0.1631820039241733
      0.1631748496358061
      0.1631902613816858
      0.1632286877872447
       0.163290522948462
      0.1633761024759517
      0.1634856999074865
      0.1636195235222327
      0.1637777135856003
      0.1639603400487975
      0.1641674007220524
      0.1643988199350463
       0.164654447692563
      0.1649340593277436
      0.1652373556497755
      0.1655639635774445
      0.1659134372448078
       0.166285259560436
      0.1666788441972524
      0.1670935379860867
      0.1675286236826619
      0.1679833230749297
      0.1684568003954461
      0.1689481660018799
      0.1694564802877275
      0.1699807577848897
      0.1705199714198838
      0.1710730568860923
      0.1716389170955508
      0.1722164266752618
      0.1728044364748684
      0.1734017780546476
      0.1740072681251324
      0.1746197129121807
      0.1752379124239344
      0.1758606645987786
      0.1764867693160936
       0.177115032254229
      0.1777442685826971
      0.1783733064780404
      0.1790009904551563
      0.1796261845080368
      0.1802477750558966
      0.1808646736924949
      0.1814758197381149
      0.1820801825951381
       0.182676763909446
        0.18326459954101
      0.1838427613479703
      0.1844103587893213
      0.1849665403519456
      0.1855104948082738
      0.1860414523112168
      0.1865586853332954
      0.1870615094570676
      0.1875492840240323
      0.1880214126491889
      0.1884773436083729
      0.1889165701053633
      0.1893386304255847
      0.1897431079830204
      0.1901296312667029
      0.1904978736928905
      0.1908475533687435
      0.1911784327730168
      0.1914903183589826
      0.1917830600844761
      0.1920565508736594
      0.1923107260147739
      0.1925455624978685
      0.1927610782961745
      0.1929573315945398
      0.1931344199680347
      0.1932924795136034
      0.1934316839373762
      0.1935522436000299
      0.1936544045223612
      0.1937384473530462
      0.1938046863003555
      0.1938534680294431
      0.1938851705266526
      0.1939002019321605
      0.1938989993421439
      0.1938820275815552
      0.1938497779484996
      0.1938027669311247
      0.1937415348978893
      0.1936666447620201
      0.1935786806209502
      0.1934782463715154
      0.1933659643016968
      0.1932424736597151
      0.1931084292013305
      0.1929644997162419
      0.1928113665345663
       0.192649722014459
      0.1924802680120383
      0.1923037143348963
      0.1921207771806165
      0.1919321775618556
      0.1917386397197173
      0.1915408895273097
      0.1913396528855696
      0.1911356541136212
      0.1909296143361444
      0.1907222498704319
      0.1905142706160233
      0.1903063784500221
      0.1900992656314061
      0.1898936132178588
      0.1896900894988418
      0.1894893484488281
      0.1892920282047969
      0.1890987495722465
      0.1889101145641419
      0.1887267049773255
      0.1885490810110273
      0.1883777799321742
      0.1882133147922515
      0.1880561732004595
      0.1879068161578973
      0.1877656769574272
      0.1876331601537727
      0.1875096406082634
      0.1873954626124423
      0.1872909390945385
      0.1871963509125299
      0.1871119462372239
      0.1870379400284331
      0.1869745136069514
      0.1869218143246177
      0.1868799553343224
      0.1868490154613348
        0.18682903917685
      0.1868200366741447
      0.1868219840472148
      0.1868348235712367
       0.186858464083678
      0.1868927814643417
      0.1869376192121228
      0.1869927891157407
      0.1870580720152303
       0.187133218650492
      0.1872179505927828
      0.1873119612545886
      0.1874149169729609
      0.1875264581610424
      0.1876462005222055
      0.1877737363209559
      0.1879086357045271
      0.1880504480689126
      0.1881987034629324
      0.1883529140238383
      0.1885125754378991
      0.1886771684193987
      0.1888461602014992
      0.1890190060324888
      0.1891951506710375
      0.1893740298742232
      0.1895550718722628
      0.1897376988240927
