                       0
   1.126395978437102e-05
   4.513579712537282e-05
    0.000101785952161961
   0.0001813759790853216
   0.0002840584947448895
   0.0004099771327386988
   0.0005592665029032617
   0.0007320521560807091
   0.0009284505540058474
    0.001148569044120942
    0.001392505839091534
    0.001660350000762526
    0.001952181428260206
    0.002268070849912947
    0.002608079818631051
    0.002972260710354763
    0.003360656725148873
    0.003773301890492692
    0.004210221066285584
     0.00467142995106075
    0.005156935088873678
    0.005666733876306665
    0.006200814569007129
    0.006759156287155238
    0.007341729019235606
    0.007948493623468686
    0.008579401826239952
    0.009234396216849187
    0.009913410237888175
     0.01061636817054302
     0.01134318511410704
     0.01209376695898208
     0.01286801035243998
     0.01366580265641198
     0.01448702189657223
     0.01533153670198212
     0.01619920623456543
     0.01708988010768955
     0.01800339829313648
      0.0189395910157579
     0.01989827863512247
     0.02087927151347986
     0.02188236986938548
     0.02290736361635268
     0.02395403218592489
     0.02502214433458926
      0.0261114579339862
     0.02722171974390544
     0.02835266516759889
     0.02950401798898511
     0.03067549009136736
     0.03186678115733985
     0.03307757834961288
     0.03430755597254862
      0.0355563751142648
     0.03682368326923376
     0.03810911394137991
     0.03941228622775871
     0.04073280438298627
     0.04207025736467947
     0.04342421836026347
     0.04479424429560556
     0.04617987532604252
     0.04758063431048277
     0.04899602626938462
      0.0504255378275382
     0.05186863664271057
     0.05332477082135242
     0.05479336832270894
     0.05627383635282832
     0.05776556075011792
     0.05926790536426063
     0.06078021143047247
     0.06230179694125594
     0.06383195601798296
     0.06536995828482468
     0.06691504824773427
     0.06846644468138058
     0.07002334002712675
     0.07158489980534602
     0.07315026204556756
     0.07471853673814725
     0.07628880531135988
     0.07786012013801084
     0.07943150407586512
     0.08100195004638737
     0.08257042065647924
     0.08413584786808598
     0.08569713272072343
     0.08725314511214592
     0.08880272364253404
     0.09034467552772846
     0.09187777658716542
     0.09340077131228597
     0.09491237302128501
     0.09641126410614159
     0.09789609637792253
     0.09936549151637612
      0.1008180416298311
      0.1022523099313811
      0.1036668315372696
      0.1050601143932893
      0.1064306403348716
      0.1077768662863623
      0.1090972256047647
      0.1103901295729642
      0.1116539690471475
      0.1128871162627726
      0.1140879268030498
      0.1152547417334473
      0.1163858899052403
      0.1174796904305825
      0.1185344553309926
       0.119548492360514
      0.1205201080041336
       0.121447610651328
      0.1223293139438553
      0.1231635402961227
      0.1239486245856511
      0.1246829180103206
      0.1253647921082318
      0.1259926429351616
      0.1265648953937351
      0.1270800077075922
      0.1275364760330044
      0.1279328391996061
      0.1282676835711676
      0.1285396480166501
       0.128747428981183
      0.1288897856460878
      0.1289655451666724
      0.1289736079762478
      0.1289129531446929
      0.1287826437799434
      0.1285818324610191
      0.1283097666916659
      0.1279657943643887
      0.1275493692256283
      0.1270600563341082
      0.1264975375059864
       0.125861616742417
      0.1251522256375026
      0.1243694287674275
      0.1235134290648565
      0.1225845731864984
      0.1215833568861169
      0.1205104304102765
      0.1193666039397797
      0.1181528531061449
       0.116870324619635
      0.1155203420533268
      0.1141044118365515
      0.1126242295207584
      0.1110816863914671
      0.1094788765114418
      0.1078181042924643
      0.1061018927059268
      0.1043329922556351
      0.1025143908492573
      0.1006493247170838
     0.09874129053717498
     0.09679405893309341
     0.09481168951217298
      0.0927985476057601
      0.0907593228540781
     0.08869904974189556
     0.08662313012980377
     0.08453735773017974
     0.08244794433474395
     0.08036154739699324
     0.07828529828972776
     0.07622683017504553
     0.07419430392045305
     0.07219642985161101
     0.07024248233967453
     0.06834230328712522
     0.06650628954013484
     0.06474535820752186
     0.06307088296660944
     0.06149459393382152
     0.06002843391560065
     0.05868436524662651
     0.05747412438046821
     0.05640892620326171
     0.05549912665380465
     0.05475386009308269
     0.05418067577037156
     0.05378520391517537
     0.05357088447940133
     0.05353878882542561
      0.0536875562806912
     0.05401345456912802
     0.05451055819424769
     0.05517102507177311
     0.05598544191400145
     0.05694320464125146
     0.05803290144852858
     0.05924267178816622
     0.06056052248088669
     0.06197459050749417
     0.06347334933144813
     0.06504576109706937
     0.06668138056970051
     0.06837041846016459
     0.07010377222315232
     0.07187303198592733
     0.07367046833738905
     0.07548900757803156
     0.07732219889045193
     0.07916417684841982
      0.0810096217918758
     0.08285371986904917
     0.08469212397648936
     0.08652091639361745
     0.08833657358715509
     0.09013593342961702
     0.09191616491458422
     0.09367474034258842
     0.09540940988133928
     0.09711817836192407
     0.09879928415027193
      0.1004511799244427
      0.1020725151886472
      0.1036621203610614
      0.1052189922821415
      0.1067422810016593
      0.1082312777149533
      0.1096854037312092
      0.1111042003684578
      0.1124873196811591
      0.1138345159365451
      0.1151456377652905
       0.116420620920535
      0.1176594815868476
      0.1188623101874448
      0.1200292656439114
      0.1211605700479097
      0.1222565037089549
      0.1233174005463587
      0.1243436437969647
      0.1253356620133695
      0.1262939253300064
      0.1272189419768065
      0.1281112550221871
      0.1289714393289013
       0.129800098707825
      0.1305978632561177
      0.1313653868673754
      0.1321033449024271
      0.1328124320103405
      0.1334933600899968
      0.1341468563833036
      0.1347736616917343
      0.1353745287084389
      0.1359502204586623
      0.1365015088416496
      0.1370291732676132
      0.1375339993836996
      0.1380167778832176
      0.1384783033926916
      0.1389193734315793
      0.1393407874397494
      0.1397433458680535
      0.1401278493275506
      0.1404950977931568
      0.1408458898576911
      0.1411810220324852
      0.1415012880909076
      0.1418074784513323
      0.1421003795962582
      0.1423807735244515
      0.1426494372331524
      0.1429071422275481
      0.1431546540548736
      0.1433927318606615
      0.1436221279648151
      0.1438435874553328
      0.1440578477976669
      0.1442656384578457
      0.1444676805376386
      0.1446646864201931
      0.1448573594247132
       0.145046393468896
       0.145232472737984
      0.1454162713594276
      0.1455984530822923
      0.1457796709606755
      0.1459605670405309
      0.1461417720494241
      0.1463239050888654
      0.1465075733289871
      0.1466933717054427
       0.146881882618516
      0.1470736756345307
      0.1472693071897472
      0.1474693202970206
      0.1476742442555821
       0.147884594364374
      0.1481008716394404
      0.1483235625359327
       0.148553138675337
      0.1487900565785749
      0.1490347574056574
      0.1492876667025961
      0.1495491941562871
      0.1498197333580879
      0.1500996615767999
      0.1503893395417549
      0.1506891112366779
      0.1509993037049683
      0.1513202268669954
      0.1516521733499592
      0.1519954183308072
      0.1523502193926357
       0.152716816394935
      0.1530954313579606
      0.1534862683614362
      0.1538895134577077
      0.1543053345993849
      0.1547338815814174
      0.1551752859974633
      0.1556296612103218
       0.156097102336111
       0.156577686241789
      0.1570714715555296
      0.1575784986893899
      0.1580987898736249
      0.1586323492019407
      0.1591791626869084
      0.1597391983247061
      0.1603124061683028
      0.1608987184081554
      0.1614980494594535
      0.1621102960549171
       0.162735337342134
        0.16337303498441
      0.1640232332641012
      0.1646857591874046
      0.1653604225895916
      0.1660470162396948
      0.1667453159436811
      0.1674550806451856
      0.1681760525229197
      0.1689079570839186
      0.1696505032518488
      0.1704033834496587
      0.1711662736759241
      0.1719388335743096
      0.1727207064956508
      0.1735115195522366
      0.1743108836639615
      0.1751183935961052
      0.1759336279885864
      0.1767561493766353
      0.1775855042029215
      0.1784212228212756
      0.1792628194922391
      0.1801097923707786
       0.180961623486602
      0.1818177787176136
      0.1826777077571487
      0.1835408440757283
      0.1844066048781769
      0.1852743910570462
      0.1861435871433866
      0.1870135612560108
      0.1878836650504883
      0.1887532336692079
      0.1896215856939426
      0.1904880231024418
      0.1913518312306721
      0.1922122787424153
      0.1930686176080235
      0.1939200830942156
       0.194765893766886
      0.1956052515089751
      0.1964373415555331
      0.1972613325481832
      0.1980763766112617
      0.1988816094519859
      0.1996761504870603
      0.2004591029982002
      0.2012295543191011
      0.2019865760564428
      0.2027292243475561
      0.2034565401574297
      0.2041675496177645
      0.2048612644108156
      0.2055366822007846
      0.2061927871155395
      0.2068285502814495
      0.2074429304141205
        0.20803487446781
      0.2086033183462821
      0.2091471876778389
      0.2096653986572252
      0.2101568589570625
      0.2106204687114054
       0.211055121573954
      0.2114597058533723
      0.2118331057280776
      0.2121742025427647
      0.2124818761888188
      0.2127550065706494
      0.2129924751598437
      0.2131931666388991
      0.2133559706361362
      0.2134797835532362
      0.2135635104866732
      0.2136060672441333
       0.213606382456827
      0.2135633997884104
      0.2134760802410329
      0.2133434045588341
      0.2131643757290094
      0.2129380215803686
      0.2126633974791143
      0.2123395891213793
      0.2119657154218778
       0.211540931497858
      0.2110644317473855
      0.2105354530208444
      0.2099532778844295
      0.2093172379743009
      0.2086267174400078
      0.2078811564757476
      0.2070800549380231
      0.2062229760482951
       0.205309550179299
      0.2043394787238133
      0.2033125380448314
      0.2022285835062974
      0.2010875535838271
      0.1998894740551443
      0.1986344622703158
      0.1973227315022678
      0.1959545953785027
      0.1945304723954023
      0.1930508905169836
       0.191516491860462
      0.1899280374714384
      0.1882864121919426
      0.1865926296248975
      0.1848478371987701
      0.1830533213361877
      0.1812105127300561
      0.1793209917301269
      0.1773864938419189
      0.1754089153382783
      0.1733903189815004
      0.1713329398506503
      0.1692391912642889
      0.1671116707829697
      0.1649531662683217
       0.162766661965919
      0.1605553445670695
      0.1583226091896839
      0.1560720652000377
      0.1538075417749988
      0.1515330930776511
      0.1492530028877069
      0.1469717884912507
      0.1446942035919188
      0.1424252399575385
      0.1401701274628435
      0.1379343321309299
      0.1357235517151201
      0.1335437083012151
      0.1314009373512179
      0.1293015725583144
      0.1272521258454916
      0.1252592618245467
      0.1233297660477663
      0.1214705064417562
      0.1196883874228071
      0.1179902963661843
      0.1163830423460837
      0.1148732873827905
      0.1134674708264834
      0.1121717279621376
      0.1109918044155837
      0.1099329684441947
      0.1089999236636916
      0.1081967251445326
      0.1075267020544221
      0.1069923900798002
      0.1065954766940776
      0.1063367619400652
      0.1062161367710071
      0.1062325801891991
      0.1063841754983768
      0.1066681450276437
      0.1070809017780378
      0.1076181156683604
      0.1082747914771582
      0.1090453552297419
      0.1099237456714532
      0.1109035075832355
      0.1119778839945245
      0.1131399047805741
      0.1143824696414394
      0.1156984239959598
      0.1170806268426064
      0.1185220101075825
      0.1200156293985789
      0.1215547064004783
      0.1231326633863025
      0.1247431504784889
      0.1263800663918513
      0.1280375734319756
      0.1297101075233215
      0.1313923840112259
      0.1330793999311874
      0.1347664333754545
      0.1364490405174677
      0.1381230507839557
      0.1397845605958569
      0.1414299260349922
      0.1430557547348769
      0.1446588972418751
      0.1462364380472129
      0.1477856864509799
      0.1493041673857502
       0.150789612299314
      0.1522399501726307
       0.153653298729902
      0.1550279558820404
      0.1563623914322396
      0.1576552390623485
      0.1589052886108949
      0.1601114786475032
      0.1612728893438046
      0.1623887356374521
      0.1634583606833122
      0.1644812295841129
      0.1654569233916184
      0.1663851333686554
      0.1672656555019189
      0.1680983852553542
      0.1688833125539751
      0.1696205169881845
      0.1703101632289646
      0.1709524966446676
      0.1715478391105399
      0.1720965850025249
      0.1725991973673106
      0.1730562042609884
      0.1734681952490812
      0.1738358180610542
      0.1741597753927618
      0.1744408218505826
      0.1746797610312671
      0.1748774427317645
      0.1750347602835032
      0.1751526480057791
      0.1752320787730577
      0.1752740616911207
      0.1752796398770862
      0.1752498883384094
      0.1751859119460235
        0.17508884349682
      0.1749598418606816
      0.1748000902072892
      0.1746107943079085
      0.1743931809073465
      0.1741484961612317
      0.1738780041337378
      0.1735829853508241
      0.1732647354040216
      0.1729245635997437
      0.1725637916490571
      0.1721837523928033
      0.1717857885569262
      0.1713712515328349
      0.1709415001776139
      0.1704978996288924
      0.1700418201292035
      0.1695746358546985
      0.1690977237431483
      0.1686124623162497
      0.1681202304913798
      0.1676224063780935
      0.1671203660548579
      0.1666154823217479
      0.1661091234251126
      0.1656026517505449
      0.1650974224808684
      0.1645947822162831
       0.164096067554294
      0.1636026036275889
      0.1631157025986153
      0.1626366621102595
      0.1621667636927209
      0.1617072711274207
      0.1612594287695691
      0.1608244598318392
      0.1604035646324481
      0.1599979188118189
      0.1596086715228807
      0.1592369436009458
      0.1588838257199702
      0.1585503765428423
      0.1582376208741408
      0.1579465478245367
      0.1576781089966768
      0.1574332167029562
      0.1572127422260498
       0.157017514133418
      0.1568483166572112
      0.1567058881510624
      0.1565909196351695
      0.1565040534408233
      0.1564458819651218
      0.1564169465460417
      0.1564177364673032
      0.1564486881015776
        0.15651018419956
      0.1566025533312757
      0.1567260694847162
      0.1568809518255508
      0.1570673646202238
       0.157285417323282
      0.1575351648282799
      0.1578166078801237
      0.1581296936452582
      0.1584743164346993
      0.1588503185735889
      0.1592574914097258
      0.1596955764524197
      0.1601642666320367
      0.1606632076697827
      0.1611919995465885
      0.1617501980594519
      0.1623373164532315
      0.1629528271156981
       0.163596163323606
       0.164266721027656
      0.1649638606644696
      0.1656869089840625
      0.1664351608817936
      0.1672078812243452
       0.168004306659957
      0.1688236474038678
      0.1696650889907012
      0.1705277939863542
      0.1714109036527881
      0.1723135395599713
      0.1732348051400751
      0.1741737871798519
      0.1751295572479417
      0.1761011730546232
      0.1770876797422737
      0.1780881111054912
      0.1791014907404842
      0.1801268331239317
      0.1811631446220597
      0.1822094244311757
      0.1832646654513417
      0.1843278550952538
      0.1853979760347373
      0.1864740068875552
       0.187554922847473
      0.1886396962607285
      0.1897272971522142
      0.1908166937048109
      0.1919068526954025
       0.192996739891167
      0.1940853204097748
      0.1951715590471379
       0.196254420576349
      0.1973328700214166
      0.1984058729093678
      0.1994723955042276
      0.2005314050263218
      0.2015818698602715
      0.2026227597549625
      0.2036530460186851
      0.2046717017125417
      0.2056777018451233
      0.2066700235713527
      0.2076476463982908
      0.2086095524005973
      0.2095547264482337
      0.2104821564488915
      0.2113908336075263
      0.2122797527052745
      0.2131479123999307
      0.2139943155500592
      0.2148179695647221
      0.2156178867807015
       0.216393084869006
      0.2171425872723541
      0.2178654236752366
      0.2185606305080736
      0.2192272514868892
      0.2198643381898465
      0.2204709506718988
        0.22104615811873
      0.2215890395410819
      0.2220986845104805
      0.2225741939373062
      0.2230146808920701
      0.2234192714706923
      0.2237871057045064
      0.2241173385156459
       0.224409140718404
      0.2246617000670966
      0.2248742223508956
      0.2250459325360443
       0.225176075955813
      0.2252639195485003
      0.2253087531437371
      0.2253098907973104
      0.2252666721746763
      0.2251784639833006
        0.22504466145393
      0.2248646898708663
      0.2246380061512937
      0.2243641004736857
       0.224042497955303
      0.2236727603787798
      0.2232544879677866
      0.2227873212117526
      0.2222709427396283
      0.2217050792426691
      0.2210895034462237
       0.220424036130514
      0.2197085482003996
      0.2189429628041202
      0.2181272575010137
      0.2172614664781989
      0.2163456828162069
       0.215380060803518
      0.2143648182999329
      0.2133002391486503
      0.2121866756368499
      0.2110245510044777
      0.2098143620007879
      0.2085566814880127
       0.207252161091291
      0.2059015338936817
      0.2045056171746961
      0.2030653151903049
      0.2015816219917655
      0.2000556242798827
      0.1984885042904042
      0.1968815427051568
      0.1952361215822004
      0.1935537272966864
      0.1918359534822028
      0.1900845039601322
      0.1883011956418813
      0.1864879613857037
      0.1846468527861728
      0.1827800428701008
      0.1808898286677725
      0.1789786336227049
      0.1770490097966866
      0.1751036398195373
      0.1731453385248115
        0.17117705420352
      0.1692018693978704
       0.167223001146057
      0.1652438005773684
      0.1632677517444795
      0.1612984695670001
      0.1593396967475185
       0.157395299508974
      0.1554692619908477
      0.1535656791321499
      0.1516887478624685
      0.1498427564195657
      0.1480320716144745
      0.1462611238741971
      0.1445343899094936
      0.1428563728824039
      0.1412315799865222
      0.1396644974038149
      0.1381595626656975
      0.1367211345232555
      0.1353534605211615
      0.1340606425701673
      0.1328466009209968
      0.1317150370536655
      0.1306693961050829
      0.1297128295575297
      0.1288481589938182
      0.1280778417839966
      0.1274039395962149
      0.1268280906149277
      0.1263514862991293
      0.1259748534206054
      0.1256984419892316
      0.1255220195044186
      0.1254448717771896
       0.125465810356882
      0.1255831863823814
      0.1257949104728506
      0.1260984780890544
      0.1264909996436672
        0.12696923452474
      0.1275296281249224
      0.1281683509408442
      0.1288813388199288
      0.1296643334809173
      0.1305129225127617
      0.1314225781565316
      0.1323886942885119
      0.1334066211421546
      0.1344716974252915
      0.1355792796015843
      0.1367247682075383
       0.137903631165875
      0.1391114241312465
      0.1403438079648461
      0.1415965634809282
      0.1428656036417043
      0.1441469833990104
      0.1454369073932474
      0.1467317357241011
       0.148027988005147
      0.1493223459071606
      0.1506116543841694
      0.1518929217631398
      0.1531633188636667
      0.1544201772988809
      0.1556609870936049
      0.1568833937410117
      0.1580851948049831
      0.1592643361622222
      0.1604189079660781
      0.1615471404030346
      0.1626473993029091
      0.1637181816549692
      0.1647581110743493
      0.1657659332562675
      0.1667405114495238
      0.1676808219755236
      0.1685859498145321
      0.1694550842769477
      0.1702875147740061
      0.1710826266994365
      0.1718398974310998
      0.1725588924595199
      0.1732392616483969
       0.173880735630637
      0.1744831223421024
      0.1750463036941488
      0.1755702323850391
      0.1760549288494883
      0.1765004783448728
      0.1769070281720206
      0.1772747850279633
       0.177604012487571
      0.1778950286105905
      0.1781482036702621
      0.1783639579993893
      0.1785427599494748
       0.178685123958308
      0.1787916087211933
       0.178862815460835
      0.1788993862907442
      0.1789020026669058
      0.1788713839223272
      0.1788082858789914
      0.1787134995316551
      0.1785878497978515
      0.1784321943283961
      0.1782474223726339
      0.1780344536926162
      0.1777942375203486
      0.1775277515522141
      0.1772360009746364
      0.1769200175150198
      0.1765808585119723
      0.1762196059987955
      0.1758373657942086
      0.1754352665942565
      0.1750144590593499
      0.1745761148903842
      0.1741214258878992
      0.1736516029882639
      0.1731678752709141
      0.1726714889307273
       0.172163706209705
      0.1716458042822368
      0.1711190740883643
      0.1705848191096356
      0.1700443540823596
      0.1694990036433305
      0.1689501009034093
       0.168398985944719
       0.167847004237645
      0.1672955049743343
      0.1667458393159597
      0.1661993585516646
      0.1656574121678316
      0.1651213458271288
      0.1645924992576728
      0.1640722040536231
      0.1635617813895628
      0.1630625396521443
      0.1625757719936586
      0.1621027538134266
      0.1616447401741924
      0.1612029631620043
      0.1607786291993948
      0.1603729163229749
      0.1599869714378423
      0.1596219075624241
      0.1592788010785191
      0.1589586890023429
      0.1586625662932777
       0.158391383217775
      0.1581460427864136
       0.157927398282465
      0.1577362509004354
      0.1575733475129256
      0.1574393785837673
      0.1573349762447362
      0.1572607125522291
      0.1572170979391031
      0.1572045798754465
      0.1572235417503739
      0.1572743019850636
      0.1573571133851836
      0.1574721627386444
      0.1576195706622894
      0.1577993916987404
      0.1580116146621971
      0.1582561632295852
      0.1585328967711101
       0.158841611412033
      0.1591820413153928
      0.1595538601734798
      0.1599566828941535
      0.1603900674666217
      0.1608535169900648
      0.1613464818475245
      0.1618683620067755
       0.162418509429467
      0.1629962305696512
      0.1636007889428911
      0.1642314077474562
      0.1648872725196367
      0.1655675338059245
      0.1662713098356888
       0.166997689178995
      0.1677457333753457
      0.1685144795203375
      0.1693029427985043
      0.1701101189519218
      0.1709349866754691
      0.1717765099309523
      0.1726336401735743
       0.173505318485473
      0.1743904776122278
      0.1752880438993483
      0.1761969391267919
      0.1771160822405127
       0.178044390980908
      0.1789807834088142
      0.1799241793303904
       0.180873501622837
      0.1818276774634181
       0.182785639464697
      0.1837463267192605
      0.1847086857575016
      0.1856716714222594
      0.1866342476642814
      0.1875953882625905
      0.1885540774739001
      0.1895093106152435
      0.1904600945839681
      0.1914054483191929
      0.1923444032087517
      0.1932760034455414
      0.1941993063370757
      0.1951133825719058
      0.1960173164464216
      0.1969102060553908
      0.1977911634494257
      0.1986593147624035
      0.1995138003116945
      0.2003537746738825
      0.2011784067384997
      0.2019868797421285
      0.2027783912850699
      0.2035521533326216
      0.2043073922028652
      0.2050433485427217
      0.2057592772939039
      0.2064544476502735
      0.2071281430079963
      0.2077796609097831
      0.2084083129844132
      0.2090134248826464
      0.2095943362105593
      0.2101504004612707
      0.2106809849459669
