                       0
   1.366907387843965e-05
   5.476529344346887e-05
   0.0001234633220460657
   0.0002198950355894344
   0.0003441500882842194
   0.0004962769279596989
   0.0006762842368826892
   0.0008841427653567996
    0.001119787517817344
    0.001383120244559638
    0.001674012186797328
     0.00199230701857346
     0.00233782392624114
    0.002710360764859691
    0.003109697230947222
    0.003535597992582486
    0.003987815720809468
     0.00446609397057892
    0.004970169864932158
     0.00549977654263153
    0.006054645336769441
    0.006634507659821444
    0.007239096578903708
    0.007868148073396253
    0.008521401975341928
    0.009198602600876531
    0.009899499088151468
     0.01062384546356962
     0.01137140046348965
     0.01214192714273012
     0.01293519230413302
     0.01375096578508578
     0.01458901963725865
     0.01544912723495125
     0.01633106234545402
     0.01723459819186068
     0.01815950653498672
     0.01910555679664823
     0.02007251524174822
     0.02106014423160891
     0.02206820155599151
     0.02309643984645029
     0.02414460606924933
     0.02521244109217285
       0.026299679316299
     0.02740604836126232
      0.0285312687907438
     0.02967505386391155
      0.0308371092982642
     0.03201713302974975
     0.03321481495706444
     0.03442983665858224
     0.03566187107231041
     0.03691058213148994
     0.03817562435082923
     0.03945664236077159
     0.04075327038951472
     0.04206513169464626
     0.04339183794813491
     0.04473298857996608
     0.04608817008688639
      0.0474569553135058
     0.04883890271339367
     0.05023355559781888
     0.05164044137945831
     0.05305907081778422
      0.0544889372719993
     0.05592951596639023
     0.05738026327188508
     0.05884061600650319
     0.06030999075633872
     0.06178778321779426
     0.06327336756101151
     0.06476609581389235
     0.06626529726577389
     0.06777027788973763
     0.06928031978269568
     0.07079468062278893
     0.07231259314422474
     0.07383326463046348
     0.07535587642755023
     0.07687958348039235
     0.07840351389579857
     0.07992676853712208
      0.0814484206563079
     0.08296751557002034
     0.08448307038726341
     0.08599407379650008
     0.08749948592068645
     0.08899823824887645
     0.09048923365309879
     0.09197134649909075
     0.09344342285918736
     0.09490428083524313
     0.09635271099892673
     0.09778747695610239
     0.09920731604132461
      0.1006109401477608
      0.1019970366971227
      0.1033642697534886
      0.1047112812842058
      0.1060366925704478
       0.107339105769403
      0.1086171056295454
      0.1098692613599601
      0.1110941286542398
      0.1122902518690555
       0.113456166357083
      0.1145904009535438
      0.1156914806151626
      0.1167579292098367
       0.117788272454748
      0.1187810409999915
      0.1197347736540667
      0.1206480207467458
      0.1215193476239051
      0.1223473382679096
      0.1231305990360394
      0.1238677625083188
      0.1245574914349076
      0.1251984827720326
      0.1257894717942418
      0.1263292362696244
      0.1268166006835842
       0.127250440495781
      0.1276296864140503
      0.1279533286684362
      0.1282204212680315
      0.1284300862230434
      0.1285815177145053
      0.1286739861942637
      0.1287068423983621
      0.1286795212576708
       0.128591545690613
      0.1284425302640863
      0.1282321847101615
        0.12796031728788
      0.1276268379813952
      0.1272317615278561
      0.1267752102707453
      0.1262574168368629
      0.1256787266377692
      0.1250396001992219
      0.1243406153249846
      0.1235824691042566
      0.1227659797749231
       0.121892088457775
      0.1209618607797765
      0.1199764884073581
      0.1189372905135078
      0.1178457152050962
       0.116703340939343
      0.1155118779605336
      0.1142731697899259
      0.1129891948031743
      0.1116620679303398
      0.1102940425135325
      0.1088875123561956
      0.1074450139957434
      0.1059692292273521
      0.1044629879008282
      0.1029292710041086
      0.1013712140355774
     0.09979211065230303
     0.09819541656178109
     0.09658475359994122
     0.09496391390708635
     0.09333686407512126
     0.09170774909284565
     0.09008089586042162
      0.0884608159786421
      0.0868522074431647
     0.08525995478889259
     0.08368912713673544
     0.08214497349713429
     0.08063291458703685
     0.07915853032708683
     0.07772754211429013
     0.07634578892634612
     0.07501919632446359
     0.07375373750173239
      0.0725553856949885
     0.07143005755899344
     0.07038354750660251
     0.06942145355094015
     0.06854909583305341
     0.06777142974793356
     0.06709295633643694
     0.06651763331136862
     0.06604879063775788
     0.06568905489176929
     0.06544028659537426
     0.06530353431364098
     0.06527900850650407
     0.06536607700312298
     0.06556328262473662
     0.06586838207003648
     0.06627840385744285
      0.0667897220375753
     0.06739814165234682
     0.06809899157453264
     0.06888722040509913
     0.06975749147779473
     0.07070427363213777
     0.07172192516526761
     0.07280476916339042
     0.07394715916555718
     0.07514353477066103
     0.07638846733165068
     0.07767669627905588
     0.07900315688489228
     0.08036300043404002
     0.08175160783444088
     0.08316459769233039
     0.08459782982503873
     0.08604740509953727
     0.08750966238410604
     0.08898117329398204
     0.09045873530708957
     0.09193936372784378
     0.09342028288834134
     0.09489891689831305
      0.0963728801882526
     0.09783996803368297
     0.09929814720174891
      0.1007455468231635
       0.102180449561842
       0.103601283130256
      0.1050066121795714
      0.1063951305791034
      0.1077656540886778
      0.1091171134194803
       0.110448547673258
      0.1117590981458783
      0.1130480024787791
      0.1143145891404734
       0.115558272219706
      0.1167785465118829
      0.1179749828808406
      0.1191472238787464
       0.120294979607807
      0.1214180238084572
        0.12251619015971
      0.1235893687783458
      0.1246375029045713
      0.1256605857626686
      0.1266586575859668
      0.1276318027961999
      0.1285801473279907
      0.1295038560897692
      0.1304031305530003
      0.1312782064620483
      0.1321293516574861
      0.1329568640060468
      0.1337610694308488
      0.1345423200358874
      0.1353009923191993
      0.1360374854694684
      0.1367522197412424
      0.1374456349042939
      0.1381181887630547
      0.1387703557423956
       0.139402625536392
      0.1400155018170394
       0.140609501000173
      0.1411851510661303
      0.1417429904329038
      0.1422835668797312
      0.1428074365192009
       0.143315162816052
      0.1438073156508952
       0.144284470427101
      0.1447472072190684
      0.1451961099600671
      0.1456317656677405
      0.1460547637053269
      0.1464656950765413
      0.1468651517520262
      0.1472537260252055
      0.1476320098953743
       0.148000594475834
      0.1483600694249552
      0.1487110223980873
      0.1490540385183672
      0.1493896998646108
      0.1497185849746317
      0.1500412683625252
      0.1503583200486586
      0.1506703051013087
      0.1509777831891028
       0.151281308143599
      0.1515814275315356
       0.151878682236412
      0.1521736060491978
      0.1524667252680515
      0.1527585583069815
      0.1530496153134162
      0.1533403977946272
      0.1536313982529337
      0.1539230998295543
       0.154215975956912
      0.1545104900191345
      0.1548070950204219
      0.1551062332609135
      0.1554083360196258
      0.1557138232440577
       0.156023103246035
      0.1563365724034378
      0.1566546148675039
      0.1569776022755191
      0.1573058934687938
       0.157639834215993
      0.1579797569420022
      0.1583259804626788
      0.1586788097259608
      0.1590385355599468
      0.1594054344286532
      0.1597797681962433
      0.1601617839005618
       0.160551713536823
      0.1609497738522816
      0.1613561661526535
      0.1617710761209645
      0.1621946736493964
      0.1626271126845572
      0.1630685310864631
      0.1635190505013595
      0.1639787762483631
       0.164447797219769
      0.1649261857947465
      0.1654139977660498
      0.1659112722793041
      0.1664180317843904
      0.1669342819984426
      0.1674600118800054
      0.1679951936139394
      0.1685397826067533
      0.1690937174921172
      0.1696569201464259
      0.1702292957143891
      0.1708107326447199
      0.1714011027360976
       0.172000261193652
      0.1726080466962829
      0.1732242814751605
       0.173848771403767
      0.1744813060998349
      0.1751216590394948
       0.175769587683911
      0.1764248336186085
      0.1770871227056396
      0.1777561652486485
      0.1784316561708441
      0.1791132752058335
      0.1798006871012172
      0.1804935418348431
      0.1811914748436153
      0.1818941072647798
      0.1826010461896716
      0.1833118849299723
      0.1840262032966302
       0.184743567891711
      0.1854635324135435
       0.186185637975683
      0.1869094134402964
      0.1876343757667117
       0.188360030375945
      0.1890858715321001
      0.1898113827415744
      0.1905360371710204
      0.1912592980849927
      0.1919806193041624
      0.1926994456848991
      0.1934152136209191
      0.1941273515675525
      0.1948352805890508
      0.1955384149291658
      0.1962361626050718
      0.1969279260245122
      0.1976131026258773
      0.1982910855407349
      0.1989612642781754
      0.1996230254301716
      0.2002757533970029
       0.200918831131654
      0.2015516409019843
      0.2021735650693158
      0.2027839868819963
      0.2033822912823559
      0.2039678657253586
      0.2045401010071183
      0.2050983921012987
      0.2056421390012636
      0.2061707475656553
      0.2066836303648976
      0.2071802075258881
      0.2076599075719311
      0.2081221682547095
      0.2085664373748458
      0.2089921735873518
      0.2093988471880168
      0.2097859408765468
      0.2101529504920595
      0.2104993857163446
      0.2108247707401561
      0.2111286448877078
      0.2114105631944795
      0.2116700969334583
      0.2119068340850217
      0.2121203797457935
      0.2123103564720297
      0.2124764045533758
      0.2126181822131866
      0.2127353657320365
      0.2128276494915373
      0.2128947459361573
      0.2129363854513345
      0.2129523161568878
      0.2129423036154448
       0.212906130456397
      0.2128435959167066
      0.2127545153007765
      0.2126387193624692
      0.2124960536132995
       0.212326377561769
      0.2121295638897971
      0.2119054975731602
      0.2116540749538672
      0.2113752027733805
      0.2110687971765841
      0.2107347826973675
       0.210373091237666
      0.2099836610526852
      0.2095664357559409
      0.2091213633585365
      0.2086483953578579
      0.2081474858915107
      0.2076185909728884
       0.207061667825188
      0.2064766743310054
      0.2058635686147943
        0.20522230877549
      0.2045528527864137
      0.2038551585792588
      0.2031291843284106
      0.2023748889511599
      0.2015922328384673
      0.2007811788298624
      0.1999416934448162
       0.199073748381496
      0.1981773222922679
      0.1972524028435963
      0.1962989890661737
      0.1953170939992046
      0.1943067476307652
      0.1932680001341147
      0.1922009253977335
      0.1911056248447609
      0.1899822315353794
      0.1888309145435716
      0.1876518835975942
      0.1864453939714133
      0.1852117516122697
      0.1839513184875045
      0.1826645181316747
      0.1813518413728991
      0.1800138522152127
        0.17865119385146
      0.1772645947788505
      0.1758548749867457
       0.174422952183426
      0.1729698480254567
      0.1714966943097998
      0.1700047390848749
      0.1684953526323256
      0.1669700332662099
      0.1654304128906129
      0.1638782622502523
      0.1623154958014136
      0.1607441761224996
      0.1591665177746021
      0.1575848905128044
      0.1560018217385062
      0.1544199980720467
       0.152842265913507
      0.1512716308481248
       0.149711255741677
      0.1481644573610419
      0.1466347013466778
      0.1451255953578113
      0.1436408802087863
      0.1421844188174738
      0.1407601827952659
      0.1393722365243643
      0.1380247185933365
      0.1367218204975846
      0.1354677625586433
       0.134266767075855
       0.133123028796188
      0.1320406828722204
      0.1310237705730793
       0.130076203115829
      0.1292017240915913
      0.1284038710665857
      0.1276859370372529
      0.1270509325038884
      0.1265015489916869
      0.1260401248849956
      0.1256686144440936
      0.1253885608398028
       0.125201073967876
      0.1251068136932967
      0.1251059790283066
      0.1251983035738148
      0.1253830573610979
      0.1256590550301034
      0.1260246700838235
      0.1264778547762982
      0.1270161650346953
      0.1276367896913072
      0.1283365832141528
      0.1291121010771472
      0.1299596369016664
      0.1308752605273358
      0.1318548562257496
      0.1328941603500333
      0.1339887978085872
      0.1351343168560604
      0.1363262218021815
      0.1375600033441111
      0.1388311663262289
      0.1401352548196296
      0.1414678744902568
       0.142824712288554
      0.1442015535448848
      0.1455942965942066
        0.14699896508178
      0.1484117181202655
      0.1498288584789454
      0.1512468389894199
      0.1526622673504055
      0.1540719095084522
      0.1554726917826402
      0.1568617018905655
      0.1582361890209522
      0.1595935630856842
      0.1609313932714086
      0.1622474059984969
      0.1635394823833188
      0.1648056552886712
      0.1660441060368902
      0.1672531608507831
      0.1684312870789448
      0.1695770892544098
      0.1706893050287502
      0.1717668010177198
      0.1728085685892653
      0.1738137196201041
      0.1747814822430737
      0.1757111966040087
      0.1766023106439265
       0.177454375919773
      0.1782670434748169
      0.1790400597679436
      0.1797732626695447
      0.1804665775303698
      0.1811200133286052
      0.1817336588994615
      0.1823076792507445
       0.182842311967186
      0.1833378637056412
      0.1837947067827658
      0.1842132758562141
      0.1845940646999917
      0.1849376230741354
      0.1852445536884908
      0.1855155092599813
      0.1857511896623922
      0.1859523391673528
      0.1861197437748636
      0.1862542286314297
      0.1863566555335703
      0.1864279205142288
      0.1864689515093951
      0.1864807061020498
      0.1864641693403979
      0.1864203516272366
      0.1863502866772056
      0.1862550295386261
      0.1861356546765973
      0.1859932541140209
       0.185828935627247
      0.1856438209930708
      0.1854390442838575
      0.1852157502076396
      0.1849750924900833
      0.1847182322952961
      0.1844463366825042
      0.1841605770956911
       0.183862127883353
      0.1835521648455707
      0.1832318638056765
      0.1829023992038407
      0.1825649427099862
      0.1822206618535311
      0.1818707186675573
      0.1815162683451462
      0.1811584579058038
       0.180798424870063
      0.1804372959406396
       0.180076185688771
      0.1797161952447121
      0.1793584109917112
      0.1790039032632302
      0.1786537250435716
      0.1783089106725774
      0.1779704745555246
      0.1776394098798594
      0.1773166873408827
      0.1770032538790104
      0.1767000314316651
      0.1764079157033082
      0.1761277749574926
      0.1758604488351732
      0.1756067472037739
      0.1753674490417462
      0.1751433013635105
      0.1749350181897552
      0.1747432795681011
      0.1745687306491039
      0.1744119808224662
      0.1742736029181776
      0.1741541324771143
      0.1740540670953589
      0.1739738658462418
      0.1739139487837662
      0.1738746965307432
      0.1738564499545805
       0.173859509933275
      0.1738841372137444
      0.1739305523641865
      0.1739989358217169
      0.1740894280360436
      0.1742021297094624
      0.1743371021329411
      0.1744943676175454
      0.1746739100199178
      0.1748756753599836
      0.1750995725285003
      0.1753454740815255
      0.1756132171183283
      0.1759026042387478
      0.1762134045754965
      0.1765453548964397
       0.176898160771453
      0.1772714977980895
      0.1776650128799672
      0.1780783255515509
      0.1785110293428162
      0.1789626931771921
       0.179432862796157
      0.1799210622039124
      0.1804267951256914
      0.1809495464734428
      0.1814887838128975
      0.1820439588263107
       0.182614508765525
       0.183199857890369
      0.1837994188877752
      0.1844125942674143
      0.1850387777300099
      0.1856773555048727
      0.1863277076535382
      0.1869892093367187
      0.1876612320420495
      0.1883431447703744
      0.1890343151785327
      0.1897341106767795
      0.1904418994791555
      0.1911570516052156
      0.1918789398316882
      0.1926069405926946
      0.1933404348272832
      0.1940788087731188
      0.1948214547052712
      0.1955677716191463
      0.1963171658567417
      0.1970690516755284
      0.1978228517593976
      0.1985779976712891
       0.199333930247256
      0.2000900999319014
      0.2008459670552877
      0.2016010020515722
      0.2023546856197819
      0.2031065088272799
       0.203855973156586
      0.2046025904963321
      0.2053458830771898
       0.206085383353696
      0.2068206338329187
      0.2075511868509341
      0.2082766042981181
      0.2089964572942224
      0.2097103258142542
       0.210417798266147
      0.2111184710212682
      0.2118119478988236
      0.2124978396053034
      0.2131757631302016
       0.213845341099373
      0.2145062010875591
      0.2151579748918107
      0.2158002977677801
      0.2164328076311167
      0.2170551442265088
      0.2176669482672351
      0.2182678605484192
       0.218857521037557
      0.2194355679462113
      0.2200016367871463
      0.2205553594214985
        0.22109636310091
      0.2216242695098466
      0.2221386938136032
      0.2226392437177348
      0.2231255185448683
      0.2235971083350236
      0.2240535929757256
      0.2244945413683041
      0.2249195106368653
       0.225328045386486
      0.2257196770172186
      0.2260939231005311
      0.2264502868247914
      0.2267882565164243
      0.2271073052433109
       0.227406890506998
      0.2276864540302023
      0.2279454216460425
      0.2281832032953061
      0.2283991931379918
      0.2285927697851296
      0.2287632966567917
      0.2289101224718819
      0.2290325818750859
      0.2291299962059876
      0.2292016744150111
      0.2292469141303894
      0.2292650028798857
      0.2292552194704516
      0.2292168355283976
      0.2291491172020564
      0.2290513270281882
      0.2289227259627329
      0.2287625755757473
      0.2285701404096435
      0.2283446904991068
      0.2280855040503244
      0.2277918702764495
      0.2274630923855149
       0.227098490716356
      0.2266974060174553
      0.2262592028630303
      0.2257832732001224
      0.2252690400199366
       0.224715961146175
      0.2241235331326677
        0.22349129526217
      0.2228188336377823
      0.2221057853580463
      0.2213518427663754
      0.2205567577650601
      0.2197203461836679
      0.2188424921912011
       0.217923152740874
      0.2169623620358533
      0.2159602360036756
      0.2149169767664309
       0.213832877093033
      0.2127083248191002
      0.2115438072190265
      0.2103399153138262
      0.2090973480971624
      0.2078169166607066
      0.2064995481985221
       0.205146289868577
      0.2037583124876608
      0.2023369140339768
      0.2008835229293937
      0.1993997010708132
      0.1978871465772402
      0.1963476962159996
      0.1947833274680001
      0.1931961601880732
      0.1915884578121653
      0.1899626280585334
      0.1883212230651589
      0.1866669389003506
      0.1850026143780769
      0.1833312291040326
      0.1816559006730055
      0.1799798809329363
      0.1783065512264634
        0.17663941651701
      0.1749820983040657
      0.1733383262315994
      0.1717119282951785
      0.1701068195578254
      0.1685269892926224
      0.1669764864821806
      0.1654594036219527
      0.1639798587965489
      0.1625419760261492
      0.1611498639140503
      0.1598075926663474
      0.1585191696004172
      0.1572885133095073
      0.1561194267052182
      0.1550155692162977
      0.1539804284788638
      0.1530172919073449
      0.1521292185841164
      0.1513190119459353
      0.1505891937736318
      0.1499419800051732
       0.149379258888743
      0.1489025719701202
      0.1485130983666611
      0.1482116427189759
       0.147998627132563
      0.1478740873280321
      0.1478376731140354
      0.1478886531863039
      0.1480259241445344
       0.148248023511562
      0.1485531464413291
          0.148939165718
      0.1494036545815435
      0.1499439118674555
      0.1505569889209643
      0.1512397177388144
      0.1519887398031297
      0.1528005350997116
      0.1536714508544605
      0.1545977295731774
      0.1555755360284206
      0.1566009828991118
      0.1576701548312693
      0.1587791307491036
      0.1599240043027238
      0.1611009023904493
      0.1623060017392084
      0.1635355435652518
      0.1647858463693249
      0.1660533169456908
      0.1673344597034734
      0.1686258844122373
      0.1699243124922629
      0.1712265819743333
      0.1725296512547275
      0.1738306017692366
      0.1751266397059656
      0.1764150968710664
      0.1776934308148012
      0.1789592243178842
      0.1802101843302494
      0.1814441404464347
      0.1826590429939489
      0.1838529608033671
      0.1850240787216504
      0.1861706949233106
      0.1872912180676596
      0.1883841643444316
      0.1894481544446024
      0.1904819104882295
      0.1914842529365591
      0.1924540975115114
      0.1933904521418871
      0.1942924139522762
      0.1951591663076009
      0.1959899759235246
      0.1967841900505606
      0.1975412337375926
       0.198260607178691
      0.1989418831455127
      0.1995847045062406
      0.2001887818308913
      0.2007538910819323
      0.2012798713884197
      0.2017666229013544
      0.2022141047275717
      0.2026223329392522
      0.2029913786560253
       0.203321366196612
      0.2036124712970297
      0.2038649193924638
      0.2040789839600722
      0.2042549849201341
      0.2043932870930903
      0.2044942987101689
      0.2045584699753627
      0.2045862916765895
        0.20457829384386
      0.2045350444522665
      0.2044571481674841
       0.204345245131396
      0.2042000097852818
      0.2040221497278666
      0.2038124046053418
       0.203571545030337
      0.2033003715266667
      0.2029997134966073
      0.2026704282073808
      0.2023133997935453
      0.2019295382720467
      0.2015197785668008
      0.2010850795398615
      0.2006264230264331
      0.2001448128712801
      0.1996412739643385
      0.1991168512736577
      0.1985726088740878
      0.1980096289703812
      0.1974290109136226
      0.1968318702100571
      0.1962193375215035
      0.1955925576565419
      0.1949526885516371
      0.1943009002411936
      0.1936383738153412
      0.1929663003639618
      0.1922858799051399
      0.1915983202958633
      0.1909048361224172
      0.1902066475675895
      0.1895049792514819
      0.1888010590424877
      0.1880961168348741
      0.1873913832893704
      0.1866880885332755
       0.185987460816859
       0.185290725123237
      0.1845991017294199
      0.1839138047169723
      0.1832360404314573
      0.1825670058907893
      0.1819078871435642
      0.1812598575794209
      0.1806240761945249
      0.1800016858161933
      0.1793938112916139
      0.1788015576463938
      0.1782260082193735
      0.1776682227806792
      0.1771292356403963
      0.1766100537555004
      0.1761116548427886
      0.1756349855055617
      0.1751809593816901
      0.1747504553205178
      0.1743443155958535
      0.1739633441620774
      0.1736083049602058
      0.1732799202806278
      0.1729788691892031
      0.1727057860234419
      0.1724612589656832
      0.1722458287004059
      0.1720599871631898
      0.1719041763891815
      0.1717787874693457
      0.1716841596231244
      0.1716205793963666
      0.1715882799935206
      0.1715874407529568
      0.1716181867739407
       0.171680588703114
        0.17177466268735
       0.171900370498543
      0.1720576198341999
      0.1722462647957526
       0.172466106544241
      0.1727168941305555
      0.1729983254948192
       0.173310048626824
      0.1736516628768182
      0.1740227204034542
      0.1744227277434621
      0.1748511474857177
       0.175307400030858
      0.1757908654166091
      0.1763008851885086
      0.1768367642957912
      0.1773977729928726
       0.177983148728073
      0.1785920980029502
      0.1792237981877751
      0.1798773992812343
      0.1805520256052537
