                       0
   2.732075120887716e-05
   0.0001094611311735955
   0.0002467712164394971
   0.0004395165131261254
   0.0006878790340498529
   0.0009919592445837889
    0.001351778832052381
     0.00176728423703344
    0.002238350870599919
    0.002764787928989676
    0.003346343706735274
    0.003982711301161263
    0.004673534595556569
    0.005418414405383851
    0.006216914671664508
    0.007068568588171851
    0.007972884554198598
    0.008929351852291635
    0.009937445960240545
     0.01099663341848149
     0.01210637618758253
     0.01326613544520771
     0.01447537478747811
     0.01573356281548538
     0.01704017510340069
     0.01839469555967907
     0.01979661720685793
     0.02124544241796789
     0.02274068265828935
     0.02428185778981076
     0.02586849500208131
     0.02750012743710934
     0.02917629257749713
     0.03089653046621911
     0.03266038182348661
     0.03446738612123515
     0.03631707966920777
     0.03820899375874901
      0.0401426529016182
     0.04211757319180313
     0.04413326080881645
     0.04618921067170263
     0.04828490524426177
     0.05041981348416595
     0.05259338992187658
     0.05480507384981148
     0.05705428859813485
     0.05934044087090835
     0.06166292011516628
     0.06402109789563956
     0.06641432724928809
     0.06884194199630181
      0.0713032559876248
     0.07379756227311601
     0.07632413217896174
     0.07888221428765882
     0.08147103331858213
     0.08408978891162613
     0.08673765432049699
     0.08941377502579029
     0.09211726728088022
     0.09484721660585045
     0.09760267624614534
      0.1003826656133431
      0.1031861687254537
      0.1060121326635914
      0.1088594660607002
      0.1117270376365476
      0.1146136747913723
      0.1175181622686414
      0.1204392408954361
      0.1233756064071266
      0.1263259083613943
      0.1292887491453329
      0.1322626830784255
      0.1352462156136584
      0.1382378026389657
       0.141235849881493
      0.1442387124179318
      0.1472446942952252
      0.1502520482672715
       0.153258975654826
      0.1562636263373912
      0.1592640988875207
      0.1622584408595478
      0.1652446492460648
      0.1682206711166179
      0.1711844044538527
      0.1741336992027513
      0.1770663585485754
      0.1799801404387072
      0.1828727593626725
      0.1857418884033314
      0.1885851615705554
      0.1914001764266245
      0.1941844970103118
      0.1969356570640277
      0.1996511635656701
      0.2023285005640889
      0.2049651333141576
      0.2075585127047285
      0.2101060799700178
      0.2126052716724302
      0.2150535249425195
      0.2174482829595915
      0.2197870006546493
      0.2220671506156794
      0.2242862291739692
      0.2264417626490186
      0.2285313137287064
      0.2305524879608051
      0.2325029403314362
      0.2343803819058855
       0.236182586507069
      0.2379073974070727
      0.2395527340073669
      0.2411165984836255
      0.2425970823715535
      0.2439923730706058
      0.2453007602431506
      0.2465206420872886
      0.2476505314624444
      0.2486890618476048
      0.2496349931131787
      0.2504872170884285
      0.2512447629076392
       0.251906802119327
      0.2524726535441409
      0.2529417878684075
       0.253313831961526
      0.2535885729068957
      0.2537659617372377
      0.2538461168664404
      0.2538293272111818
      0.2537160549965476
       0.253506938240651
      0.2532027929138569
      0.2528046147685195
      0.2523135808351999
       0.251731050581099
      0.2510585667258214
      0.2502978557087829
       0.249450827801296
      0.2485195768549039
      0.2475063796756862
      0.2464136950122442
      0.2452441621427533
      0.2440005990439908
      0.2426860001226828
      0.2413035334867954
      0.2398565377317253
      0.2383485182137161
      0.2367831427802329
      0.2351642369248182
      0.2334957783317179
      0.2317818907739976
      0.2300268373274512
       0.228235012861866
        0.22641093577105
      0.2245592389035454
      0.2226846596573608
      0.2207920292044266
      0.2188862608139136
       0.216972337248335
       0.215055297212492
      0.2131402208430976
      0.2112322142364353
      0.2093363930228678
      0.2074578650104887
      0.2056017119358796
      0.2037729703776959
      0.2019766119087898
      0.2002175225844461
      0.1985004818879257
      0.1968301412793975
      0.1952110025199462
      0.1936473959678743
      0.1921434590692103
      0.1907031152868846
      0.1893300537326464
      0.1880277097808531
      0.1867992469528522
      0.1856475403634305
      0.1845751620158337
      0.1835843682183674
      0.1826770893731929
      0.1818549223565094
      0.1811191256694395
      0.1804706174913617
        0.17990997671365
      0.1794374469734082
      0.1790529436460126
      0.1787560636943733
      0.1785460982140252
      0.1784220474589106
      0.1783826380849803
       0.178426342309168
      0.1785513986513702
      0.1787558339073239
       0.179037485991172
       0.179394027287709
       0.179822988165067
      0.1803217803179953
       0.180887719638364
        0.18151804834167
      0.1822099561144815
      0.1829606000862863
      0.1837671234686967
      0.1846266727439133
      0.1855364133218126
      0.1864935436198848
      0.1874953075519575
      0.1885390054396531
      0.1896220033846297
      0.1907417411597198
      0.1918957386931777
      0.1930816012326247
      0.1942970232840883
      0.1955397914272272
      0.1968077861106948
      0.1980989825320583
      0.1994114507051323
      0.2007433548143689
      0.2020929519514092
      0.2034585903234789
      0.2048387070170904
      0.2062318253939945
      0.2076365521895302
      0.2090515743767888
      0.2104756558533784
      0.2119076340012654
      0.2133464161642126
      0.2147909760818005
      0.2162403503140014
      0.2176936346856759
      0.2191499807763528
      0.2206085924769932
      0.2220687226322993
      0.2235296697843805
      0.2249907750310865
       0.226451419010253
        0.22791101901913
      0.2293690262765866
      0.2308249233340655
      0.2322782216398236
      0.2337284592595133
      0.2351751987548551
       0.236618025220743
      0.2380565444798839
      0.2394903814326817
      0.2409191785589455
      0.2423425945667066
      0.2437603031823734
      0.2451719920754134
      0.2465773619098781
      0.2479761255142963
      0.2493680071609515
      0.2507527419450801
      0.2521300752543431
      0.2534997623188893
      0.2548615678324783
      0.2562152656354237
      0.2575606384506172
       0.258897477664457
      0.2602255831451985
      0.2615447630919941
       0.262854833908688
      0.2641556200971549
      0.2654469541658059
      0.2667286765494623
      0.2680006355375364
      0.2692626872078238
      0.2705146953637658
      0.2717565314731986
       0.272988074606937
      0.2742092113754827
      0.2754198358623642
      0.2766198495523751
      0.2778091612530973
      0.2789876870078875
      0.2801553499985355
      0.2813120804357133
      0.2824578154354301
        0.28359249887976
      0.2847160812603659
       0.285828519503553
      0.2869297767759698
      0.2880198222705508
      0.2890986309726716
      0.2901661834071715
      0.2912224653672825
      0.2922674676271902
      0.2933011856403503
      0.2943236192261771
      0.2953347722480953
      0.2963346522861614
      0.2973232703076533
      0.2983006403390223
      0.2992667791424961
      0.3002217059004154
      0.3011654419099959
      0.3020980102908394
      0.3030194357069284
      0.3039297441043396
      0.3048289624652838
      0.3057171185785297
      0.3065942408257126
      0.3074603579825539
      0.3083154990335987
      0.3091596929988056
      0.3099929687701124
      0.3108153549560695
      0.3116268797326213
      0.3124275706983193
      0.3132174547325209
      0.3139965578553751
      0.3147649050888965
      0.3155225203187428
       0.316269426156827
      0.3170056438052179
      0.3177311929222064
      0.3184460914916579
      0.3191503556970273
      0.3198439998015176
      0.3205270360358712
      0.3211994744952769
       0.321861323046653
      0.3225125872474248
      0.3231532702765648
      0.3237833728784158
      0.3244028933194719
      0.3250118273579995
       0.325610168226145
      0.3261979066239212
      0.3267750307244185
      0.3273415261895026
      0.3278973761953159
      0.3284425614671476
      0.3289770603233775
      0.3295008487285948
      0.3300139003563933
      0.3305161866626963
      0.3310076769709925
      0.3314883385711825
       0.331958136834147
      0.3324170353444801
      0.3328649960538193
      0.3333019794575463
      0.3337279447972868
      0.3341428502915362
       0.334546653396307
      0.3349393110971606
      0.3353207802333426
      0.3356910178538791
      0.3360499816046998
      0.3363976301447977
      0.3367339235886029
      0.3370588239705976
      0.3373722957274004
      0.3376743061915979
      0.3379648260907657
      0.3382438300446207
      0.3385112970524671
      0.3387672109628971
      0.3390115609173678
       0.339244341759188
      0.3394655543994992
       0.339675206131989
      0.3398733108883693
      0.3400598894270416
      0.3402349694477932
       0.340398585625892
      0.3405507795595441
      0.3406915996252431
      0.3408211007361333
      0.3409393439992184
      0.3410463962678437
      0.3411423295866787
      0.3412272205270776
      0.3413011494116476
      0.3413641994276723
       0.341416455630168
      0.3414580038364137
      0.3414889294152411
      0.3415093159757679
      0.3415192439619704
      0.3415187891612986
      0.3415080211375474
      0.3414870016003699
      0.3414557827259884
      0.3414144054460359
       0.341362897723807
      0.3413012728393611
      0.3412295277072946
      0.3411476412527558
      0.3410555728732327
      0.3409532610149199
      0.3408406218935146
      0.3407175483899094
      0.3405839091513183
       0.340439547927843
      0.3402842831735517
      0.3401179079394967
      0.3399401900839273
      0.3397508728223589
      0.3395496756368008
      0.3393362955599504
      0.3391104088460024
      0.3388716730354851
      0.3386197294167272
      0.3383542058820503
      0.3380747201717229
      0.3377808834938988
      0.3374723045040456
      0.3371485936225908
      0.3368093676650831
      0.3364542547548919
      0.3360828994844529
      0.3356949682873561
      0.3352901549801375
        0.33486818642954
      0.3344288282980936
      0.3339718908184686
      0.3334972345446573
      0.3330047760262223
      0.3324944933500439
      0.3319664314926937
      0.3314207074253966
      0.3308575149128316
      0.3302771289465206
      0.3296799097535696
      0.3290663063218934
      0.3284368593839863
      0.3277922038027065
      0.3271330703046813
      0.3264602865096882
       0.325774777207892
      0.3250775638412133
      0.3243697631502601
      0.3236525849543744
      0.3229273290393596
      0.3221953811353516
      0.3214582079760234
      0.3207173514399771
      0.3199744217853728
      0.3192310899998355
      0.3184890792990787
      0.3177501558193264
      0.3170161185605702
      0.3162887886493878
       0.315569998001609
      0.3148615774760585
      0.3141653446208981
       0.313483091123319
      0.3128165700814959
       0.312167483224326
       0.311537468209727
      0.3109280861356301
      0.3103408093994008
      0.3097770100410671
      0.3092379487035288
      0.3087247643385586
       0.308238464781327
      0.3077799183081615
      0.3073498462825735
      0.3069488169833148
      0.3065772406956875
      0.3062353661335319
      0.3059232782447492
      0.3056408974377981
      0.3053879802509805
      0.3051641214702797
      0.3049687576857334
      0.3048011722606073
      0.3046605016725377
      0.3045457431712224
      0.3044557636835251
      0.3043893098840216
      0.3043450193371739
       0.304321432606702
      0.3043170062181187
      0.3043301263521636
      0.3043591231398211
      0.3044022854238877
      0.3044578758476118
      0.3045241461278299
      0.3045993523682209
      0.3046817702678374
       0.304769710080929
      0.3048615311861648
      0.3049556561269134
      0.3050505839888114
      0.3051449029869612
      0.3052373021421451
       0.305326581933845
      0.3054116638272817
      0.3054915985821656
      0.3055655732622772
      0.3056329168773639
      0.3056931046018316
