                       0
   2.060146099946713e-05
   8.254812801775405e-05
   0.0001861358513722689
   0.0003316282865857052
   0.0005192568155733842
   0.0007492205512577413
    0.001021686424943977
    0.001336789355340979
    0.001694632497715358
    0.002095287571277346
    0.002538795262517117
     0.00302516570184069
     0.00355437901049763
    0.004126385914450081
    0.004741108421505861
    0.005398440557729047
    0.006098249158851361
       0.006840374712138
    0.007624632243914014
    0.008450812247733095
    0.009318681647970966
      0.0102279847934516
     0.01117844447556743
     0.01216976296523498
     0.01320162306293649
     0.01427368915603581
      0.0153856082775246
     0.01653701116035222
     0.01772751328152002
     0.01895671589017858
     0.02022420701405379
     0.02152956243864466
     0.02287234665378195
     0.02425211376231096
     0.02566840834586388
     0.02712076628291478
     0.02860871551456415
     0.03013177675377617
     0.03168946413409097
     0.03328128579415295
     0.03490674439473377
     0.03656533756528193
     0.03825655827739775
     0.03997989514301274
     0.04173483263543947
     0.04352085123185381
     0.04533742747617019
       0.047184033961672
     0.04906013923315882
     0.05096520760876867
     0.05289869892202459
     0.05486006818503747
     0.05684876517416756
     0.05886423393980762
     0.06090591224229439
      0.0629732309162821
     0.06506561316622249
     0.06718247379588425
     0.06932321837511463
     0.07148724234729352
     0.07367393008115412
     0.07588265387084743
     0.07811277288830711
     0.08036363209212681
     0.08263456109729747
     0.08492487301026451
     0.08723386323385554
     0.08956080824670397
     0.09190496436184581
     0.09426556646920647
     0.09664182676671636
     0.09903293348480419
      0.1014380496090165
      0.1038563116055014
      0.1062868281540774
      0.1087286788935895
      0.1111809131842276
      0.1136425488914599
      0.1161125711962119
      0.1185899314359007
      0.1210735459809215
      0.1235622951511733
      0.1260550221772162
      0.1285505322106549
      0.1310475913883695
      0.1335449259552393
      0.1360412214500495
      0.1385351219593208
      0.1410252294438636
      0.1435101031429321
      0.1459882590609348
      0.1484581695417458
      0.1509182629357586
      0.1533669233649234
      0.1558024905911136
      0.1582232599932671
       0.160627482658853
      0.1630133655953069
      0.1653790720671675
      0.1677227220647229
      0.1700423929100367
      0.1723361200062682
      0.1746018977362235
      0.1768376805160707
      0.1790413840101216
      0.1812108865125193
      0.1833440305015712
      0.1854386243723304
      0.1874924443528481
      0.1895032366092974
      0.1914687195448955
      0.1933865862972317
      0.1952545074382381
      0.1970701338806138
      0.1988310999940358
      0.2005350269339586
      0.2021795261852201
      0.2037622033220301
      0.2052806619852341
      0.2067325080770008
      0.2081153541723054
       0.209426824145751
      0.2106645580114128
      0.2118262169724953
       0.212909488676681
      0.2139120926721139
      0.2148317860580255
      0.2156663693230752
      0.2164136923635536
      0.2170716606727046
       0.217638241691565
      0.2181114713109156
      0.2184894605132093
      0.2187704021426888
      0.2189525777913677
      0.2190343647881222
      0.2190142432778657
      0.2188908033776617
      0.2186627523966995
      0.2183289221073408
       0.217888276054957
      0.2173399168950529
      0.2166830937472349
      0.2159172095569575
      0.2150418284577065
      0.2140566831283739
      0.2129616821430862
       0.211756917313693
       0.210442671028545
      0.2090194235951167
      0.2074878605985031
      0.2058488802928653
      0.2041036010485555
      0.2022533688839455
      0.2002997651179274
      0.1982446141866789
      0.1960899916765744
      0.1938382326340579
       0.191491940222831
      0.1890539948087457
      0.1865275635631851
      0.1839161106862294
      0.1812234083612088
      0.1784535485618481
      0.1756109558414303
      0.1727004012393107
      0.1697270174424186
      0.1666963153363495
       0.163614202070003
      0.1604870007364093
      0.1573214717365088
      0.1541248358371513
      0.1509047988531413
      0.1476695777679278
      0.1444279279490689
      0.1411891709018822
       0.137963221725411
      0.1347606150762339
      0.1315925279959368
      0.1284707974090684
       0.125407929449452
      0.1224170970365735
      0.1195121213342752
      0.1167074319457804
      0.1140180000377045
      0.1114592381960855
      0.1090468609061237
       0.106796700362174
      0.1047244741144535
       0.102845504056774
      0.1011743905376962
     0.09972465078629666
     0.09850833691138966
     0.09753565462940508
     0.09681460848047967
     0.09635070139484175
     0.09614671509057512
     0.09620259251531843
     0.09651543481044278
     0.09707961434332715
     0.09788699406907926
     0.09892723379962837
      0.1001881574144222
      0.1016561524014666
      0.1033165742516746
      0.1051541323190352
      0.1071532396061311
      0.1092983153193513
      0.1115740349789594
      0.1139655277442279
      0.1164585241599262
       0.119039459764274
      0.1216955411106022
      0.1244147810123655
      0.1271860094962833
      0.1299988662775103
      0.1328437797366573
      0.1357119365092222
      0.1385952449743407
      0.1414862951960437
       0.144378317244983
      0.1472651393138296
      0.1501411466275082
      0.1530012418275941
      0.1558408072643863
      0.1586556694465054
      0.1614420657637634
      0.1641966135036582
      0.1669162811161326
       0.169598361637887
      0.1722404481607609
      0.1748404112139603
      0.1773963779237585
      0.1799067128141044
      0.1823700001153708
       0.184785027454839
      0.1871507708103773
      0.1894663806174054
       0.191731168928106
      0.1939445975305986
      0.1961062669442113
      0.1982159062149006
      0.2002733634422333
      0.2022785969760966
      0.2042316672274495
      0.2061327290429914
      0.2079820245986157
      0.2097798767709985
      0.2115266829506595
      0.2132229092633903
      0.2148690851700971
      0.2164657984179063
      0.2180136903178618
      0.2195134513267339
      0.2209658169124111
      0.2223715636840614
      0.2237315057697867
      0.2250464914258405
      0.2263173998626938
      0.2275451382743072
      0.2287306390579283
       0.229874857212599
        0.23097876790533
      0.2320433641946059
      0.2330696549015158
      0.2340586626193872
      0.2350114218533323
      0.2359289772816002
       0.236812382131084
      0.2376626966597474
      0.2384809867391264
      0.2392683225304254
      0.2400257772480734
      0.2407544260049242
       0.241455344733592
      0.2421296091787042
      0.2427782939551243
      0.2434024716674593
      0.2440032120864168
      0.2445815813778066
      0.2451386413802124
      0.2456754489275694
      0.2461930552130872
      0.2466925051911527
       0.247174837014029
      0.2476410815003445
      0.2480922616325297
      0.2485293920805182
      0.2489534787491792
      0.2493655183470888
      0.2497664979743859
      0.2501573947275824
      0.2505391753193276
      0.2509127957112341
      0.2512792007579939
      0.2516393238611149
      0.2519940866307172
      0.2523443985539225
      0.2526911566684787
       0.253035245240348
      0.2533775354440889
      0.2537188850449567
      0.2540601380817347
      0.2544021245494137
       0.254745660080923
      0.2550915456272155
      0.2554405671351072
      0.2557934952223693
      0.2561510848496676
      0.2565140749890489
      0.2568831882887724
      0.2572591307343882
      0.2576425913060655
      0.2580342416322807
      0.2584347356400701
      0.2588447092021603
      0.2592647797813824
      0.2596955460728747
      0.2601375876446717
      0.2605914645773588
      0.2610577171035632
      0.2615368652481195
       0.262029408469818
       0.262535825305709
      0.2630565730189764
      0.2635920872514479
      0.2641427816818256
       0.264709047690751
       0.265291254033818
       0.265889746523646
      0.2665048477221054
      0.2671368566437623
      0.2677860484715618
      0.2684526742857176
      0.2691369608067108
      0.2698391101532225
      0.2705592996157364
      0.2712976814464538
      0.2720543826660557
      0.2728295048877336
      0.2736231241587962
      0.2744352908200306
      0.2752660293828723
      0.2761153384243132
      0.2769831904993433
      0.2778695320705963
      0.2787742834547496
      0.2796973387851029
      0.2806385659896503
      0.2815978067838538
      0.2825748766772272
      0.2835695649927527
      0.2845816348980749
       0.285610823447353
      0.2866568416325972
      0.2877193744432804
       0.288798080932986
      0.2898925942918473
      0.2910025219235324
      0.2921274455255488
      0.2932669211716747
       0.294420479395368
      0.2955876252730624
      0.2967678385063378
      0.2979605735020309
      0.2991652594494487
      0.3003813003939604
      0.3016080753063506
      0.3028449381474487
      0.3040912179276798
      0.3053462187613198
      0.3066092199153864
      0.3078794758532412
      0.3091562162731354
      0.3104386461420841
      0.3117259457256089
      0.3130172706140462
      0.3143117517462732
      0.3156084954318586
      0.3169065833727926
       0.318205072686106
      0.3195029959288264
      0.3207993611268638
      0.3220931518095538
      0.3233833270517154
      0.3246688215252085
      0.3259485455620949
      0.3272213852316183
      0.3284862024333326
      0.3297418350088017
      0.3309870968743982
      0.3322207781778099
      0.3334416454809537
      0.3346484419720677
      0.3358398877098303
      0.3370146799024137
      0.3381714932244456
      0.3393089801749014
      0.3404257714790029
      0.3415204765372386
      0.3425916839246578
      0.3436379619436263
      0.3446578592332522
      0.3456499054387148
      0.3466126119437407
      0.3475444726694815
      0.3484439649430491
      0.3493095504389596
      0.3501396761967253
      0.3509327757178184
      0.3516872701452009
      0.3524015695285851
       0.353074074178547
      0.3537031761125627
      0.3542872605959848
      0.3548247077809028
      0.3553138944457586
      0.3557531958385001
      0.3561409876259597
      0.3564756479520415
      0.3567555596071778
      0.3569791123113983
      0.3571447051132136
      0.3572507489063715
      0.3572956690663891
      0.3572779082086032
      0.3571959290693076
      0.3570482175113704
      0.3568332856555397
      0.3565496751384605
      0.3561959604982303
      0.3557707526881326
      0.3552727027189939
      0.3547005054304217
       0.354052903390994
      0.3533286909273006
      0.3525267182815631
      0.3516458958974141
      0.3506851988332762
      0.3496436713026664
      0.3485204313406554
      0.3473146755956472
      0.3460256842456018
      0.3446528260378186
      0.3431955634514304
      0.3416534579818164
      0.3400261755462577
       0.338313492010297
      0.3365152988344532
      0.3346316088411717
      0.3326625621021441
      0.3306084319464371
      0.3284696310901764
      0.3262467178888729
      0.3239404027138061
       0.321551554454189
      0.3190812071471111
      0.3165305667374426
      0.3139010179699619
      0.3111941314158732
      0.3084116706355693
       0.305555599478874
      0.3026280895229812
      0.2996315276468003
      0.2965685237382595
      0.2934419185281741
      0.2902547915403663
      0.2870104691425953
      0.2837125326762863
      0.2803648266347246
      0.2769714668489837
      0.2735368486280094
      0.2700656547835543
      0.2665628634516289
      0.2630337555992955
      0.2594839220785288
      0.2559192700570035
       0.252346028618656
      0.2487707532843697
      0.2452003291550181
      0.2416419723254999
      0.2381032291597767
      0.2345919729543286
       0.231116397452503
      0.2276850066075229
      0.2243065999309725
      0.2209902527111945
      0.2177452903483278
      0.2145812560372089
      0.2115078710449041
      0.2085349868860894
      0.2056725288072104
      0.2029304301593132
      0.2003185574779612
      0.1978466264018994
      0.1955241089501443
      0.1933601331330739
      0.1913633763812064
      0.1895419548102699
      0.1879033108675272
      0.1864541023783823
      0.1852000963850571
      0.1841460713912681
      0.1832957316551418
      0.1826516369767278
      0.1822151509952823
      0.1819864103573887
      0.1819643162770963
      0.1821465490429223
      0.1825296050090898
      0.1831088546218798
      0.1838786191551337
      0.1848322631271004
      0.1859622988886081
      0.1872604996298901
      0.1887180170454707
      0.1903255000971643
        0.19207321168286
      0.1939511405032883
       0.195949105968779
      0.1980568545555355
        0.20026414656667
      0.2025608327477287
      0.2049369206307759
      0.2073826308259964
      0.2098884437438706
       0.212445137418836
      0.2150438172254709
      0.2176759383411719
      0.2203333218263459
      0.2230081651751661
      0.2256930481468566
      0.2283809346277002
       0.231065171204477
      0.2337394830562455
       0.236397967697361
      0.2390350870332565
      0.2416456581237245
      0.2442248429873691
      0.2467681377261085
      0.2492713612002314
      0.2517306434423797
      0.2541424139625728
      0.2565033900655259
      0.2588105652755129
      0.2610611979423111
      0.2632528000838102
      0.2653831265061463
      0.2674501642302707
      0.2694521222442453
      0.2713874215929072
      0.2732546858105242
      0.2750527316973949
      0.2767805604377805
      0.2784373490538861
      0.2800224421886607
      0.2815353442088278
      0.2829757116186308
      0.2843433457742366
      0.2856381858884489
      0.2868603023153173
       0.288009890104303
       0.289087262813858
      0.2900928465745382
      0.2910271743920894
      0.2918908806812888
       0.292684696021681
      0.2934094421266972
      0.2940660270179987
      0.2946554403972048
      0.2951787492074772
      0.2956370933777102
      0.2960316817423358
      0.2963637881299764
      0.2966347476143827
      0.2968459529212684
      0.2969988509848033
      0.2970949396476494
      0.2971357644985313
      0.2971229158414094
      0.2970580257903885
      0.2969427654845377
      0.2967788424168232
      0.2965679978713753
      0.2963120044633015
      0.2960126637752596
      0.2956718040849764
      0.2952912781778783
      0.2948729612389659
      0.2944187488180324
      0.2939305548622904
      0.2934103098104376
      0.2928599587421609
      0.2922814595770533
      0.2916767813169024
      0.2910479023252994
      0.2903968086385271
       0.289725492301707
      0.2890359497242277
      0.2883301800485408
      0.2876101835264994
      0.2868779598975347
      0.2861355067631126
      0.2853848179521001
      0.2846278818718952
      0.2838666798404353
      0.2831031843945141
      0.2823393575701891
      0.2815771491514696
      0.2808184948839312
       0.280065314650415
      0.2793195106065267
      0.2785829652742726
       0.277857539592833
      0.2771450709261916
      0.2764473710281055
      0.2757662239657042
       0.275103384003857
      0.2744605734533161
      0.2738394804865465
      0.2732417569260659
      0.2726690160110314
      0.2721228301487196
      0.2716047286584333
      0.2711161955162217
      0.2706586671096098
      0.2702335300122677
      0.2698421187892283
      0.2694857138438269
      0.2691655393180141
      0.2688827610580402
      0.2686384846577323
      0.2684337535916702
      0.2682695474504969
      0.2681467802903814
      0.2680662991082712
      0.2680288824540392
      0.2680352391899304
      0.2680860074068784
      0.2681817535062706
      0.2683229714546238
      0.2685100822174041
      0.2687434333768834
      0.2690232989375139
      0.2693498793208215
      0.2697233015503089
      0.2701436196253182
      0.2706108150812878
      0.2711247977323331
      0.2716854065906487
      0.2722924109558495
      0.2729455116660983
      0.2736443425016984
      0.2743884717307885
      0.2751774037858669
      0.2760105810591218
      0.2768873858039296
      0.2778071421294355
      0.2787691180748367
      0.2797725277498468
       0.280816533527828
      0.2819002482782288
      0.2830227376252488
      0.2841830222200533
      0.2853800800143813
      0.2866128485239948
      0.2878802270711187
      0.2891810789957756
      0.2905142338267466
      0.2918784894037389
      0.2932726139432354
      0.2946953480413947
      0.2961454066082871
      0.2976214807286343
      0.2991222394451173
      0.3006463314611649
      0.3021923867609592
      0.3037590181451859
      0.3053448226817967
      0.3069483830717452
      0.3085682689303108
      0.3102030379852129
      0.3118512371932668
      0.3135114037778177
      0.3151820661896333
      0.3168617449943156
      0.3185489536896384
      0.3202421994565014
      0.3219399838474399
      0.3236408034168337
      0.3253431502971166
      0.3270455127254218
      0.3287463755251838
      0.3304442205472807
      0.3321375270753363
      0.3338247721998028
      0.3355044311654362
       0.337174977696735
      0.3388348843058629
      0.3404826225875077
      0.3421166635050464
      0.3437354776722947
      0.3453375356350176
      0.3469213081562685
      0.3484852665095118
      0.3500278827833611
      0.3515476302016474
       0.353042983462405
      0.3545124190992371
       0.355954415868399
      0.3573674551648098
      0.3587500214700818
      0.3601006028355279
      0.3614176914029933
      0.3626997839662313
      0.3639453825754267
      0.3651529951873587
      0.3663211363635723
      0.3674483280188254
      0.3685331002219543
      0.3695739920512078
      0.3705695525059716
      0.3715183414767179
      0.3724189307748861
      0.3732699052243122
      0.3740698638157023
      0.3748174209255458
      0.3755112076007476
      0.3761498729101546
        0.37673208536403
      0.3772565344024234
      0.3777219319532579
      0.3781270140608459
      0.3784705425854099
      0.3787513069740754
      0.3789681261036579
      0.3791198501954502
      0.3792053628020722
      0.3792235828663174
      0.3791734668517855
      0.3790540109449549
      0.3788642533282076
      0.3786032765231742
      0.3782702098036236
      0.3778642316769822
      0.3773845724334194
      0.3768305167613023
      0.3762014064276731
      0.3754966430222744
      0.3747156907635077
      0.3738580793645823
      0.3729234069579827
      0.3719113430762597
      0.3708216316870355
      0.3696540942799908
      0.3684086330035005
      0.3670852338484657
      0.3656839698767953
      0.3642050044918707
      0.3626485947482316
      0.3610150946975988
      0.3593049587682257
      0.3575187451744442
      0.3556571193530972
      0.3537208574233834
      0.3517108496664075
      0.3496281040204699
      0.3474737495878053
      0.3452490401480802
      0.3429553576734757
      0.3405942158395847
      0.3381672635256263
      0.3356762882965919
      0.3331232198588712
      0.3305101334796096
      0.3278392533585021
      0.3251129559388783
      0.3223337731427485
      0.3195043955118846
      0.3166276752339898
      0.3137066290294612
        0.31074444087016
       0.307744464496869
      0.3047102256967132
      0.3016454242956639
      0.2985539358143022
      0.2954398127272458
      0.2923072852580034
      0.2891607616315382
      0.2860048276965075
      0.2828442458180736
      0.2796839529304874
      0.2765290576265086
      0.2733848361484118
      0.2702567271332258
      0.2671503249533924
      0.2640713714838637
      0.2610257461184733
       0.258019453853113
      0.2550586112518455
      0.2521494301157161
      0.2492981986839647
      0.2465112602148839
      0.2437949888200509
       0.241155762462293
      0.2385999330755649
      0.2361337938246125
       0.233763543594076
      0.2314952488800993
      0.2293348033513221
      0.2272878854481275
      0.2253599144960072
      0.2235560059165972
      0.2218809262231282
       0.220339048579704
      0.2189343097795178
      0.2176701695493567
      0.2165495731105478
      0.2155749179149762
      0.2147480254257297
      0.2140701187242266
       0.213541806600805
      0.2131630746277717
      0.2129332835294196
      0.2128511749612519
      0.2129148846008106
      0.2131219622460087
      0.2134693984244239
      0.2139536568482595
      0.2145707119124244
      0.2153160903328773
      0.2161849159617709
      0.2171719567951281
      0.2182716732053936
      0.2194782664808478
      0.2207857268306943
      0.2221878801119214
      0.2236784326448445
      0.2252510136018693
      0.2268992145724565
      0.2286166260214627
      0.2303968704640234
      0.2322336322751105
      0.2341206841341002
      0.2360519101733471
      0.2380213259548795
      0.2400230954415369
       0.242051545159231
      0.2441011757668557
      0.2461666712612047
       0.248242906047567
      0.2503249501039597
      0.2524080724595528
       0.254487743196979
      0.2565596341749471
      0.2586196186527832
      0.2606637699829316
      0.2626883595216417
      0.2646898538924957
      0.2666649117224169
      0.2686103799555797
      0.2705232898373829
      0.2724008526484107
      0.2742404552571597
      0.2760396555502397
       0.277796177789728
      0.2795079079393408
      0.2811728889940074
      0.2827893163412234
      0.2843555331771571
      0.2858700259958013
      0.2873314201654372
      0.2887384756032377
      0.2900900825559163
      0.2913852574918658
      0.2926231391081751
      0.2938029844542042
      0.2949241651720024
      0.2959861638527236
      0.2969885705072818
      0.2979310791487938
      0.2988134844838057
      0.2996356787089072
      0.3003976484090536
      0.3010994715537381
      0.3017413145870508
      0.3023234296076336
      0.3028461516345514
      0.3033098959551639
        0.30371515555117
      0.3040624985991056
       0.304352566041703
      0.3045860692266496
      0.3047637876094173
      0.3048865665169588
      0.3049553149691919
      0.3049710035552964
      0.3049346623619414
      0.3048473789506375
      0.3047102963814599
       0.304524611280423
      0.3042915719478002
      0.3040124765046615
      0.3036886710748759
      0.3033215479997563
       0.302912544082443
      0.3024631388590191
      0.3019748528932173
       0.301449246091438
      0.3008879160346238
      0.3002924963233683
      0.2996646549324292
      0.2990060925706275
       0.298318541041899
       0.297603761603056
       0.296863543313613
      0.2960997013728297
      0.2953140754389386
      0.2945085279253569
      0.2936849422685398
      0.2928452211620204
      0.2919912847511049
      0.2911250687826609
      0.2902485227044599
      0.2893636077086073
      0.2884722947137411
      0.2875765622808942
      0.2866783944582023
      0.2857797785500275
      0.2848827028065218
       0.283989154030224
      0.2831011150969398
      0.2822205623889107
       0.281349463139143
      0.2804897726867233
        0.27964343164401
      0.2788123629777388
      0.2779984690073226
      0.2772036283249395
      0.2764296926433856
      0.2756784835791044
      0.2749517893792693
      0.2742513616032818
       0.273578911770525
      0.2729361079876547
       0.272324571570107
       0.271745873673804
       0.271201531954239
      0.2706930072711782
      0.2702217004581106
      0.2697889491762687
      0.2693960248735289
      0.2690441298687316
      0.2687343945819429
      0.2684678749308809
      0.2682455499131512
      0.2680683193930624
      0.2679370021106395
      0.2678523339290093
       0.267814966334633
      0.2678254652029048
      0.2678843098394678
      0.2679918923052301
      0.2681485170305536
      0.2683544007214544
      0.2686096725579522
      0.2689143746819831
      0.2692684629695787
      0.2696718080793732
      0.2701241967669709
      0.2706253334523215
      0.2711748420250555
      0.2717722678707623
      0.2724170800994712
      0.2731086739561373
      0.2738463733917788
      0.2746294337730403
      0.2754570447073927
      0.2763283329609141
      0.2772423654456196
      0.2781981522536104
       0.279194649715877
      0.2802307634643845
      0.2813053514770921
      0.2824172270867574
      0.2835651619357369
      0.2847478888604911
      0.2859641046910944
      0.2872124729527195
      0.2884916264577804
      0.2898001697791503
      0.2911366815966051
      0.2924997169103435
      0.2938878091170994
      0.2952994719459566
      0.2967332012525004
      0.2981874766713755
      0.2996607631286483
      0.3011515122166139
      0.3026581634347967
