                       0
   1.126395978437102e-05
   4.513579712537287e-05
   0.0001017859521619611
   0.0001813759790853218
   0.0002840584947448898
   0.0004099771327386993
   0.0005592665029032623
     0.00073205215608071
   0.0009284505540058485
    0.001148569044120943
    0.001392505839091536
    0.001660350000762528
    0.001952181428260208
    0.002268070849912949
    0.002608079818631054
    0.002972260710354765
    0.003360656725148876
    0.003773301890492696
    0.004210221066285589
    0.004671429951060755
    0.005156935088873683
    0.005666733876306672
    0.006200814569007137
    0.006759156287155245
    0.007341729019235612
    0.007948493623468693
    0.008579401826239959
    0.009234396216849195
    0.009913410237888186
     0.01061636817054303
     0.01134318511410705
     0.01209376695898209
     0.01286801035243999
       0.013665802656412
     0.01448702189657224
     0.01533153670198213
     0.01619920623456544
     0.01708988010768957
      0.0180033982931365
     0.01893959101575791
     0.01989827863512249
     0.02087927151347988
      0.0218823698693855
      0.0229073636163527
     0.02395403218592492
     0.02502214433458928
     0.02611145793398623
     0.02722171974390546
     0.02835266516759892
     0.02950401798898514
     0.03067549009136739
     0.03186678115733989
     0.03307757834961291
     0.03430755597254866
     0.03555637511426483
     0.03682368326923379
     0.03810911394137995
     0.03941228622775876
     0.04073280438298631
     0.04207025736467952
     0.04342421836026352
     0.04479424429560562
     0.04617987532604256
     0.04758063431048281
     0.04899602626938467
     0.05042553782753825
     0.05186863664271062
     0.05332477082135246
     0.05479336832270897
     0.05627383635282836
     0.05776556075011796
     0.05926790536426068
     0.06078021143047251
     0.06230179694125598
       0.063831956017983
     0.06536995828482473
     0.06691504824773431
     0.06846644468138061
     0.07002334002712678
     0.07158489980534603
     0.07315026204556757
      0.0747185367381473
     0.07628880531135994
     0.07786012013801087
     0.07943150407586515
     0.08100195004638741
     0.08257042065647927
     0.08413584786808601
     0.08569713272072348
     0.08725314511214594
     0.08880272364253408
     0.09034467552772847
     0.09187777658716544
       0.093400771312286
     0.09491237302128501
     0.09641126410614162
     0.09789609637792253
     0.09936549151637612
      0.1008180416298311
      0.1022523099313811
      0.1036668315372696
      0.1050601143932893
      0.1064306403348716
      0.1077768662863623
      0.1090972256047646
      0.1103901295729641
      0.1116539690471474
      0.1128871162627725
      0.1140879268030497
      0.1152547417334472
      0.1163858899052402
      0.1174796904305824
      0.1185344553309925
      0.1195484923605139
      0.1205201080041335
      0.1214476106513279
      0.1223293139438552
      0.1231635402961225
      0.1239486245856509
      0.1246829180103204
      0.1253647921082316
      0.1259926429351614
      0.1265648953937348
       0.127080007707592
      0.1275364760330041
      0.1279328391996058
      0.1282676835711673
      0.1285396480166498
      0.1287474289811827
      0.1288897856460874
       0.128965545166672
      0.1289736079762474
      0.1289129531446925
       0.128782643779943
      0.1285818324610187
      0.1283097666916654
      0.1279657943643882
      0.1275493692256277
      0.1270600563341076
      0.1264975375059857
      0.1258616167424164
      0.1251522256375019
      0.1243694287674268
      0.1235134290648558
      0.1225845731864977
      0.1215833568861161
      0.1205104304102757
      0.1193666039397788
      0.1181528531061441
      0.1168703246196342
      0.1155203420533259
      0.1141044118365505
      0.1126242295207575
      0.1110816863914662
      0.1094788765114408
      0.1078181042924632
      0.1061018927059257
       0.104332992255634
      0.1025143908492562
      0.1006493247170827
      0.0987412905371738
     0.09679405893309222
     0.09481168951217175
      0.0927985476057589
     0.09075932285407687
      0.0886990497418943
     0.08662313012980249
     0.08453735773017847
     0.08244794433474265
     0.08036154739699194
     0.07828529828972645
     0.07622683017504424
     0.07419430392045176
     0.07219642985160973
     0.07024248233967327
     0.06834230328712398
     0.06650628954013361
     0.06474535820752068
     0.06307088296660829
     0.06149459393382042
      0.0600284339155996
     0.05868436524662551
     0.05747412438046727
     0.05640892620326084
     0.05549912665380385
     0.05475386009308198
     0.05418067577037095
     0.05378520391517485
     0.05357088447940091
     0.05353878882542528
     0.05368755628069098
     0.05401345456912789
     0.05451055819424765
     0.05517102507177318
     0.05598544191400161
     0.05694320464125169
     0.05803290144852891
     0.05924267178816661
     0.06056052248088713
     0.06197459050749468
      0.0634733493314487
     0.06504576109706997
     0.06668138056970115
     0.06837041846016528
     0.07010377222315305
     0.07187303198592807
     0.07367046833738981
     0.07548900757803234
     0.07732219889045271
     0.07916417684842063
      0.0810096217918766
     0.08285371986904996
     0.08469212397649015
     0.08652091639361824
     0.08833657358715585
     0.09013593342961779
     0.09191616491458497
     0.09367474034258917
     0.09540940988133999
      0.0971181783619248
      0.0987992841502726
      0.1004511799244434
      0.1020725151886478
       0.103662120361062
      0.1052189922821421
      0.1067422810016598
      0.1082312777149538
      0.1096854037312097
      0.1111042003684583
      0.1124873196811595
      0.1138345159365455
      0.1151456377652909
      0.1164206209205354
       0.117659481586848
      0.1188623101874451
      0.1200292656439116
      0.1211605700479099
       0.122256503708955
      0.1233174005463588
      0.1243436437969648
      0.1253356620133695
      0.1262939253300064
      0.1272189419768064
       0.128111255022187
      0.1289714393289012
      0.1298000987078248
      0.1305978632561175
      0.1313653868673751
      0.1321033449024268
      0.1328124320103402
      0.1334933600899964
      0.1341468563833032
      0.1347736616917338
      0.1353745287084384
      0.1359502204586618
      0.1365015088416491
      0.1370291732676126
       0.137533999383699
       0.138016777883217
      0.1384783033926909
      0.1389193734315785
      0.1393407874397485
      0.1397433458680526
      0.1401278493275498
      0.1404950977931559
      0.1408458898576901
      0.1411810220324842
      0.1415012880909066
      0.1418074784513313
      0.1421003795962571
      0.1423807735244504
      0.1426494372331513
      0.1429071422275469
      0.1431546540548724
      0.1433927318606603
      0.1436221279648138
      0.1438435874553315
      0.1440578477976656
      0.1442656384578443
      0.1444676805376372
      0.1446646864201918
      0.1448573594247118
      0.1450463934688946
      0.1452324727379826
      0.1454162713594261
      0.1455984530822908
       0.145779670960674
      0.1459605670405294
      0.1461417720494226
      0.1463239050888638
      0.1465075733289855
      0.1466933717054411
      0.1468818826185143
      0.1470736756345292
      0.1472693071897456
       0.147469320297019
      0.1476742442555805
      0.1478845943643723
      0.1481008716394387
       0.148323562535931
      0.1485531386753353
      0.1487900565785732
      0.1490347574056557
      0.1492876667025944
      0.1495491941562854
      0.1498197333580862
      0.1500996615767983
      0.1503893395417532
      0.1506891112366762
      0.1509993037049666
      0.1513202268669937
      0.1516521733499575
      0.1519954183308055
       0.152350219392634
      0.1527168163949333
       0.153095431357959
      0.1534862683614346
      0.1538895134577061
      0.1543053345993833
      0.1547338815814158
      0.1551752859974617
      0.1556296612103202
      0.1560971023361095
      0.1565776862417874
       0.157071471555528
      0.1575784986893883
      0.1580987898736233
      0.1586323492019392
      0.1591791626869069
      0.1597391983247046
      0.1603124061683013
       0.160898718408154
       0.161498049459452
      0.1621102960549157
      0.1627353373421326
      0.1633730349844086
      0.1640232332640999
      0.1646857591874032
      0.1653604225895903
      0.1660470162396936
      0.1667453159436799
      0.1674550806451844
      0.1681760525229185
      0.1689079570839175
      0.1696505032518476
      0.1704033834496577
       0.171166273675923
      0.1719388335743086
      0.1727207064956498
      0.1735115195522356
      0.1743108836639605
      0.1751183935961042
      0.1759336279885855
      0.1767561493766344
      0.1775855042029207
      0.1784212228212748
      0.1792628194922382
      0.1801097923707778
      0.1809616234866012
      0.1818177787176128
       0.182677707757148
      0.1835408440757275
      0.1844066048781763
      0.1852743910570455
       0.186143587143386
      0.1870135612560102
      0.1878836650504876
      0.1887532336692073
       0.189621585693942
      0.1904880231024413
      0.1913518312306716
      0.1922122787424148
       0.193068617608023
      0.1939200830942152
      0.1947658937668856
      0.1956052515089746
      0.1964373415555327
      0.1972613325481828
      0.1980763766112614
      0.1988816094519855
        0.19967615048706
      0.2004591029981999
      0.2012295543191009
      0.2019865760564425
      0.2027292243475559
      0.2034565401574294
      0.2041675496177643
      0.2048612644108155
      0.2055366822007844
      0.2061927871155393
      0.2068285502814493
      0.2074429304141204
      0.2080348744678099
       0.208603318346282
      0.2091471876778387
      0.2096653986572251
      0.2101568589570624
      0.2106204687114054
       0.211055121573954
      0.2114597058533722
      0.2118331057280775
      0.2121742025427645
      0.2124818761888187
      0.2127550065706492
      0.2129924751598436
       0.213193166638899
      0.2133559706361361
      0.2134797835532361
       0.213563510486673
      0.2136060672441331
      0.2136063824568268
      0.2135633997884102
      0.2134760802410328
      0.2133434045588339
      0.2131643757290092
      0.2129380215803683
      0.2126633974791141
       0.212339589121379
      0.2119657154218775
      0.2115409314978577
      0.2110644317473852
       0.210535453020844
      0.2099532778844291
      0.2093172379743005
      0.2086267174400074
      0.2078811564757472
      0.2070800549380226
      0.2062229760482946
      0.2053095501792984
      0.2043394787238127
      0.2033125380448308
      0.2022285835062968
      0.2010875535838265
      0.1998894740551437
      0.1986344622703151
      0.1973227315022671
       0.195954595378502
      0.1945304723954015
      0.1930508905169828
      0.1915164918604612
      0.1899280374714376
      0.1882864121919416
      0.1865926296248966
      0.1848478371987691
      0.1830533213361866
       0.181210512730055
      0.1793209917301258
      0.1773864938419177
      0.1754089153382771
      0.1733903189814992
      0.1713329398506491
      0.1692391912642876
      0.1671116707829684
      0.1649531662683204
      0.1627666619659177
      0.1605553445670682
      0.1583226091896825
      0.1560720652000362
      0.1538075417749974
      0.1515330930776497
      0.1492530028877054
      0.1469717884912492
      0.1446942035919173
      0.1424252399575369
       0.140170127462842
      0.1379343321309283
      0.1357235517151186
      0.1335437083012135
      0.1314009373512163
      0.1293015725583128
      0.1272521258454901
      0.1252592618245452
      0.1233297660477648
      0.1214705064417547
      0.1196883874228057
      0.1179902963661829
      0.1163830423460823
      0.1148732873827892
      0.1134674708264822
      0.1121717279621364
      0.1109918044155826
      0.1099329684441937
      0.1089999236636906
      0.1081967251445317
      0.1075267020544212
      0.1069923900797995
      0.1065954766940769
      0.1063367619400647
      0.1062161367710066
      0.1062325801891987
      0.1063841754983765
      0.1066681450276435
      0.1070809017780377
      0.1076181156683604
      0.1082747914771583
       0.109045355229742
      0.1099237456714534
      0.1109035075832358
      0.1119778839945249
      0.1131399047805745
      0.1143824696414399
      0.1156984239959603
      0.1170806268426071
      0.1185220101075832
      0.1200156293985797
      0.1215547064004791
      0.1231326633863033
      0.1247431504784897
      0.1263800663918522
      0.1280375734319765
      0.1297101075233225
      0.1313923840112268
      0.1330793999311884
      0.1347664333754555
      0.1364490405174687
      0.1381230507839567
      0.1397845605958579
      0.1414299260349932
      0.1430557547348779
       0.144658897241876
      0.1462364380472139
      0.1477856864509809
      0.1493041673857511
      0.1507896122993149
      0.1522399501726316
      0.1536532987299029
      0.1550279558820412
      0.1563623914322404
      0.1576552390623494
      0.1589052886108956
      0.1601114786475039
      0.1612728893438053
      0.1623887356374527
      0.1634583606833127
      0.1644812295841134
      0.1654569233916189
      0.1663851333686558
      0.1672656555019193
      0.1680983852553545
      0.1688833125539754
      0.1696205169881848
      0.1703101632289647
      0.1709524966446677
      0.1715478391105399
      0.1720965850025249
      0.1725991973673105
      0.1730562042609883
      0.1734681952490811
       0.173835818061054
      0.1741597753927616
      0.1744408218505823
      0.1746797610312667
      0.1748774427317641
      0.1750347602835027
      0.1751526480057786
      0.1752320787730571
        0.17527406169112
      0.1752796398770856
      0.1752498883384087
      0.1751859119460228
      0.1750888434968191
      0.1749598418606807
      0.1748000902072882
      0.1746107943079075
      0.1743931809073454
      0.1741484961612306
      0.1738780041337366
      0.1735829853508229
      0.1732647354040203
      0.1729245635997424
      0.1725637916490558
      0.1721837523928019
      0.1717857885569247
      0.1713712515328334
      0.1709415001776124
      0.1704978996288909
      0.1700418201292019
      0.1695746358546969
      0.1690977237431467
      0.1686124623162481
      0.1681202304913781
      0.1676224063780918
      0.1671203660548561
       0.166615482321746
      0.1661091234251107
       0.165602651750543
      0.1650974224808666
      0.1645947822162811
      0.1640960675542921
       0.163602603627587
      0.1631157025986134
      0.1626366621102575
      0.1621667636927189
      0.1617072711274187
       0.161259428769567
      0.1608244598318371
       0.160403564632446
      0.1599979188118168
      0.1596086715228787
      0.1592369436009438
      0.1588838257199681
      0.1585503765428402
      0.1582376208741388
      0.1579465478245347
      0.1576781089966748
      0.1574332167029542
      0.1572127422260478
       0.157017514133416
      0.1568483166572093
      0.1567058881510604
      0.1565909196351675
      0.1565040534408214
      0.1564458819651199
      0.1564169465460398
      0.1564177364673014
      0.1564486881015758
      0.1565101841995582
      0.1566025533312739
      0.1567260694847145
      0.1568809518255491
      0.1570673646202222
      0.1572854173232804
      0.1575351648282784
      0.1578166078801222
      0.1581296936452568
      0.1584743164346979
      0.1588503185735875
      0.1592574914097245
      0.1596955764524184
      0.1601642666320355
      0.1606632076697815
      0.1611919995465874
      0.1617501980594508
      0.1623373164532305
      0.1629528271156972
      0.1635961633236051
      0.1642667210276552
      0.1649638606644688
      0.1656869089840618
      0.1664351608817929
      0.1672078812243445
      0.1680043066599564
      0.1688236474038672
      0.1696650889907007
      0.1705277939863538
      0.1714109036527877
       0.172313539559971
      0.1732348051400747
      0.1741737871798517
      0.1751295572479415
      0.1761011730546231
      0.1770876797422736
      0.1780881111054911
      0.1791014907404842
      0.1801268331239318
      0.1811631446220598
      0.1822094244311759
      0.1832646654513418
       0.184327855095254
      0.1853979760347375
      0.1864740068875554
      0.1875549228474734
      0.1886396962607289
      0.1897272971522146
      0.1908166937048113
      0.1919068526954029
      0.1929967398911675
      0.1940853204097752
      0.1951715590471384
      0.1962544205763495
      0.1973328700214172
      0.1984058729093683
      0.1994723955042282
      0.2005314050263224
      0.2015818698602721
      0.2026227597549631
      0.2036530460186857
      0.2046717017125424
      0.2056777018451239
      0.2066700235713534
      0.2076476463982915
       0.208609552400598
      0.2095547264482344
      0.2104821564488922
       0.211390833607527
      0.2122797527052752
      0.2131479123999313
      0.2139943155500599
      0.2148179695647227
      0.2156178867807021
      0.2163930848690066
      0.2171425872723546
      0.2178654236752372
      0.2185606305080742
      0.2192272514868897
       0.219864338189847
      0.2204709506718993
      0.2210461581187305
      0.2215890395410823
      0.2220986845104809
      0.2225741939373066
      0.2230146808920705
      0.2234192714706927
      0.2237871057045067
      0.2241173385156461
      0.2244091407184042
      0.2246617000670968
      0.2248742223508958
      0.2250459325360444
      0.2251760759558131
      0.2252639195485003
      0.2253087531437371
      0.2253098907973104
      0.2252666721746762
      0.2251784639833005
      0.2250446614539298
      0.2248646898708661
      0.2246380061512935
      0.2243641004736854
      0.2240424979553027
      0.2236727603787794
      0.2232544879677862
      0.2227873212117521
      0.2222709427396277
      0.2217050792426685
      0.2210895034462231
      0.2204240361305133
      0.2197085482003988
      0.2189429628041194
      0.2181272575010128
       0.217261466478198
      0.2163456828162059
      0.2153800608035169
      0.2143648182999318
      0.2133002391486492
      0.2121866756368487
      0.2110245510044764
      0.2098143620007865
      0.2085566814880113
      0.2072521610912895
      0.2059015338936802
      0.2045056171746946
      0.2030653151903033
      0.2015816219917638
       0.200055624279881
      0.1984885042904025
      0.1968815427051549
      0.1952361215821985
      0.1935537272966845
      0.1918359534822008
      0.1900845039601302
      0.1883011956418792
      0.1864879613857016
      0.1846468527861706
      0.1827800428700987
      0.1808898286677704
      0.1789786336227027
      0.1770490097966844
      0.1751036398195351
      0.1731453385248093
      0.1711770542035178
      0.1692018693978682
      0.1672230011460548
      0.1652438005773662
      0.1632677517444772
      0.1612984695669979
      0.1593396967475164
      0.1573952995089718
      0.1554692619908455
      0.1535656791321478
      0.1516887478624664
      0.1498427564195636
      0.1480320716144724
      0.1462611238741951
      0.1445343899094916
       0.142856372882402
      0.1412315799865203
      0.1396644974038131
      0.1381595626656958
      0.1367211345232539
        0.13535346052116
      0.1340606425701659
      0.1328466009209954
      0.1317150370536642
      0.1306693961050817
      0.1297128295575287
      0.1288481589938172
      0.1280778417839958
      0.1274039395962142
      0.1268280906149271
      0.1263514862991289
       0.125974853420605
      0.1256984419892313
      0.1255220195044185
      0.1254448717771895
      0.1254658103568821
      0.1255831863823816
      0.1257949104728509
      0.1260984780890549
      0.1264909996436677
      0.1269692345247406
      0.1275296281249231
      0.1281683509408449
      0.1288813388199297
      0.1296643334809183
      0.1305129225127628
      0.1314225781565327
       0.132388694288513
      0.1334066211421557
      0.1344716974252927
      0.1355792796015856
      0.1367247682075396
      0.1379036311658763
      0.1391114241312479
      0.1403438079648475
      0.1415965634809296
      0.1428656036417057
      0.1441469833990119
      0.1454369073932488
      0.1467317357241025
      0.1480279880051484
       0.149322345907162
      0.1506116543841708
      0.1518929217631411
      0.1531633188636679
      0.1544201772988822
      0.1556609870936062
      0.1568833937410129
      0.1580851948049842
      0.1592643361622233
      0.1604189079660791
      0.1615471404030356
      0.1626473993029101
      0.1637181816549702
      0.1647581110743501
      0.1657659332562683
      0.1667405114495245
      0.1676808219755242
      0.1685859498145328
      0.1694550842769482
      0.1702875147740066
      0.1710826266994369
      0.1718398974311001
      0.1725588924595201
      0.1732392616483971
      0.1738807356306372
      0.1744831223421026
      0.1750463036941489
      0.1755702323850391
      0.1760549288494882
      0.1765004783448726
      0.1769070281720204
       0.177274785027963
      0.1776040124875707
      0.1778950286105901
      0.1781482036702615
      0.1783639579993887
      0.1785427599494741
      0.1786851239583073
      0.1787916087211925
      0.1788628154608341
      0.1788993862907432
      0.1789020026669048
      0.1788713839223262
      0.1788082858789903
       0.178713499531654
      0.1785878497978503
      0.1784321943283949
      0.1782474223726326
      0.1780344536926148
      0.1777942375203471
      0.1775277515522125
      0.1772360009746348
      0.1769200175150182
      0.1765808585119706
      0.1762196059987937
      0.1758373657942068
      0.1754352665942547
       0.175014459059348
      0.1745761148903822
      0.1741214258878972
      0.1736516029882619
       0.173167875270912
      0.1726714889307252
      0.1721637062097029
      0.1716458042822347
      0.1711190740883622
      0.1705848191096335
      0.1700443540823574
      0.1694990036433283
      0.1689501009034071
      0.1683989859447168
      0.1678470042376428
       0.167295504974332
      0.1667458393159574
      0.1661993585516623
      0.1656574121678293
      0.1651213458271265
      0.1645924992576705
      0.1640722040536208
      0.1635617813895605
       0.163062539652142
      0.1625757719936562
      0.1621027538134244
      0.1616447401741901
      0.1612029631620021
      0.1607786291993926
      0.1603729163229727
      0.1599869714378402
      0.1596219075624219
       0.159278801078517
      0.1589586890023409
      0.1586625662932758
       0.158391383217773
      0.1581460427864117
      0.1579273982824632
      0.1577362509004336
      0.1575733475129239
      0.1574393785837656
      0.1573349762447346
      0.1572607125522275
      0.1572170979391017
       0.157204579875445
      0.1572235417503725
      0.1572743019850623
      0.1573571133851823
      0.1574721627386433
      0.1576195706622883
      0.1577993916987394
      0.1580116146621961
      0.1582561632295843
      0.1585328967711093
      0.1588416114120323
      0.1591820413153922
      0.1595538601734793
       0.159956682894153
      0.1603900674666213
      0.1608535169900645
      0.1613464818475243
      0.1618683620067753
      0.1624185094294669
      0.1629962305696512
      0.1636007889428912
      0.1642314077474563
      0.1648872725196369
      0.1655675338059247
      0.1662713098356891
      0.1669976891789955
      0.1677457333753461
       0.168514479520338
      0.1693029427985049
      0.1701101189519224
      0.1709349866754698
       0.171776509930953
      0.1726336401735751
      0.1735053184854739
      0.1743904776122287
      0.1752880438993492
      0.1761969391267929
      0.1771160822405137
       0.178044390980909
      0.1789807834088153
      0.1799241793303915
      0.1808735016228381
      0.1818276774634192
      0.1827856394646981
      0.1837463267192617
      0.1847086857575028
      0.1856716714222606
      0.1866342476642826
      0.1875953882625918
      0.1885540774739013
      0.1895093106152448
      0.1904600945839694
      0.1914054483191942
       0.192344403208753
      0.1932760034455427
       0.194199306337077
      0.1951133825719071
       0.196017316446423
      0.1969102060553921
      0.1977911634494269
      0.1986593147624048
      0.1995138003116957
      0.2003537746738837
      0.2011784067385009
      0.2019868797421297
       0.202778391285071
      0.2035521533326227
      0.2043073922028663
      0.2050433485427228
      0.2057592772939048
      0.2064544476502744
      0.2071281430079971
       0.207779660909784
       0.208408312984414
      0.2090134248826471
      0.2095943362105601
      0.2101504004612714
      0.2106809849459675
