                       0
   2.732075120887721e-05
   0.0001094611311735952
   0.0002467712164394965
   0.0004395165131261231
   0.0006878790340498511
   0.0009919592445837883
    0.001351778832052377
    0.001767284237033439
    0.002238350870599915
    0.002764787928989671
    0.003346343706735251
    0.003982711301161227
    0.004673534595556499
    0.005418414405383661
    0.006216914671664072
    0.007068568588170791
    0.007972884554196129
    0.008929351852286133
    0.009937445960228802
     0.01099663341845749
      0.0121063761875352
     0.01326613544511759
     0.01447537478731142
     0.01573356281518528
     0.01704017510287352
     0.01839469555877424
     0.01979661720533749
     0.02124544241546264
     0.02274068265423634
     0.02428185778336429
     0.02586849499199019
     0.02750012742154734
     0.02917629255383216
     0.03089653043070301
      0.0326603817708421
     0.03446738604411018
     0.03631707955746307
     0.03820899359853257
     0.04014265267417617
     0.04211757287195985
     0.04413326036304991
     0.04618921005571894
     0.04828490439996452
     0.05041981233588729
     0.05259338837172315
     0.05480507177194891
     0.05705428583180657
     0.05934043721195875
     0.06166291530579721
     0.06402109161209892
     0.06641431908714471
     0.06884193145291945
     0.07130324244140167
     0.07379754495900852
     0.07632411015975785
     0.07888218642041774
     0.08147099821559918
     0.08408974489523706
     0.08673759937097969
      0.0894137067215723
     0.09211718273022415
     0.09484711236915391
     0.09760254824796837
      0.1003825090432601
      0.1031859779268496
      0.1060119010095254
      0.1088591858160517
       0.111726699805717
       0.114613268950952
      0.1175176763846477
      0.1204386611249103
      0.1233749168842148
      0.1263250909683674
      0.1292877832694548
       0.132261545356107
      0.1352448796639823
      0.1382362387894009
      0.1412340248895143
      0.1442365891932583
      0.1472422316285648
      0.1502492005727951
      0.1532556927350726
      0.1562598531809982
      0.1592597755120601
      0.1622535022137859
      0.1652390251882554
      0.1682142864878999
      0.1711771792684886
      0.1741255489797974
      0.1770571948126178
      0.1799698714204691
      0.1828612909336299
      0.1857291252818953
      0.1885710088408327
      0.1913845414142672
      0.1941672915633555
      0.1969168002899075
      0.1996305850786909
      0.2023061443003417
      0.2049409619732502
      0.2075325128794734
       0.210078268026376
       0.212575700442355
      0.2150222912917156
      0.2174155362905358
      0.2197529524022192
      0.2220320847884039
       0.224250513987945
      0.2264058632938712
      0.2284958062954756
      0.2305180745500758
       0.232470465346455
      0.2343508495195735
        0.23615717927383
      0.2378874959699901
      0.2395399378288699
      0.2411127475030372
       0.242604279466201
      0.2440130071686121
      0.2453375299058327
      0.2465765793476106
      0.2477290256734569
      0.2487938832618932
      0.2497703158812947
       0.250657641331842
      0.2514553354903839
      0.2521630357130188
      0.2527805435539814
      0.2533078267639611
      0.2537450205362872
      0.2540924279754606
      0.2543505197692885
        0.25451993305324
      0.2546014694636153
      0.2545960923845189
      0.2545049234023743
      0.2543292379906716
       0.254070460456651
      0.2537301581905503
      0.2533100352667102
        0.25281192545409
      0.2522377847014028
      0.2515896831690698
      0.2508697968862212
      0.2500803991160909
      0.2492238515170812
      0.2483025951895454
      0.2473191416998162
      0.2462760641731532
      0.2451759885461093
      0.2440215850663063
      0.2428155601237665
      0.2415606484929173
      0.2402596060581161
       0.238915203088277
      0.2375302181178998
      0.2361074324827495
      0.2346496255486659
      0.2331595706617039
      0.2316400318371261
      0.2300937611938714
      0.2285234971301252
      0.2269319632246831
       0.225321867838036
      0.2236959043766568
      0.2220567521739339
      0.2204070779316512
      0.2187495376570042
      0.2170867790218656
      0.2154214440635051
      0.2137561721392559
      0.2120936030417482
      0.2104363801764142
      0.2087871536989759
      0.2071485835077008
      0.2055233419833663
      0.2039141163692092
      0.2023236106837198
      0.2007545470610887
      0.1992096664174925
      0.1976917283463676
      0.1962035101524298
      0.1947478049426137
      0.1933274187023837
      0.1919451662981232
        0.19060386636058
      0.1893063350206556
      0.1880553784871317
       0.186853784476137
      0.1857043125240489
      0.1846096832389068
      0.1835725665697762
      0.1825955691985238
      0.1816812211833917
       0.180831962008051
      0.1800501262125729
       0.179337928803247
      0.1786974506554704
      0.1781306241372154
       0.177639219189062
      0.1772248300997554
      0.1768888632132412
      0.1766325257937787
      0.1764568162600092
      0.1763625159769656
      0.1763501827673973
      0.1764201462712822
      0.1765725052459438
      0.1768071268600449
      0.1771236479941967
      0.1775214785204497
      0.1779998064938962
      0.1785576051533269
      0.1791936415955309
      0.1799064869603099
      0.1806945279412996
      0.1815559794216736
       0.182488898023854
       0.183491196358337
      0.1845606577583199
      0.1856949512933874
      0.1868916468664177
      0.1881482302122757
      0.1894621176340007
      0.1908306703311519
      0.1922512081950795
       0.193721022966334
      0.1952373906696755
      0.1967975832616368
      0.1983988794439512
      0.2000385746131157
      0.2017139899316228
      0.2034224805200072
      0.2051614427806003
      0.2069283208739408
      0.2087206123771057
      0.2105358731599636
      0.2123717215206104
      0.2142258416251298
      0.2160959862995297
      0.2179799792232874
      0.2198757165746121
      0.2217811681773598
      0.2236943781986819
      0.2256134654450198
        0.22753662330213
         0.2294621193625
      0.2313882947808729
      0.2333135633957769
      0.2352364106519743
      0.2371553923557002
      0.2390691332915347
      0.2409763257267626
       0.242875727826217
      0.2447661619978872
      0.2466465131870531
      0.2485157271344066
      0.2503728086115523
      0.2522168196454636
      0.2540468777418854
      0.2558621541163433
      0.2576618719403034
      0.2594453046090889
       0.261211774037438
      0.2629606489879556
      0.2646913434372239
      0.2664033149838982
      0.2680960633027309
      0.2697691286480875
      0.2714220904101177
       0.273054565726323
      0.2746662081507821
      0.2762567063827498
      0.2778257830557639
      0.2793731935877332
      0.2808987250918117
      0.2824021953471214
       0.283883451827702
      0.2853423707873459
      0.2867788563973287
      0.2881928399334489
      0.2895842790083075
      0.2909531568443213
      0.2922994815827301
       0.293623285623662
      0.2949246249923244
      0.2962035787264797
      0.2974602482805759
      0.2986947569422329
      0.2999072492571719
      0.3010978904591504
      0.3022668659019397
      0.3034143804908984
      0.3045406581121715
      0.3056459410579799
       0.306730489446861
      0.3077945806380011
      0.3088385086390361
       0.309862583506802
      0.3108671307405451
      0.3118524906670529
      0.3128190178170258
      0.3137670802918333
      0.3146970591195592
      0.3156093475990305
      0.3165043506302731
      0.3173824840296721
       0.318244173827976
      0.3190898555492257
      0.3199199734687263
      0.3207349798483171
      0.3215353341474294
      0.3223215022087484
      0.3230939554177373
      0.3238531698357704
      0.3245996253071951
       0.325333804541222
      0.3260561921701696
       0.326767273786164
      0.3274675349589533
      0.3281574602379825
      0.3288375321422736
      0.3295082301419671
       0.330170029635565
      0.3308234009270057
      0.3314688082066724
      0.3321067085402853
      0.3327375508694425
      0.3333617750272398
      0.3339798107720983
      0.3345920768425492
      0.3351989800353756
      0.3358009143091795
      0.3363982599151752
      0.3369913825568076
      0.3375806325796704
      0.3381663441932041
      0.3387488347257063
      0.3393284039144024
      0.3399053332325609
      0.3404798852559969
      0.3410523030716927
      0.3416228097316746
      0.3421916077557223
       0.342758878686855
      0.3433247827039044
      0.3438894582957304
      0.3444530220017994
      0.3450155682239181
      0.3455771691138195
      0.3461378745411246
      0.3466977121458769
      0.3472566874794152
        0.34781478423683
      0.3483719645836436
       0.348928169578697
      0.3494833196945364
      0.3500373154359187
      0.3505900380563656
      0.3511413503721032
      0.3516910976721405
        0.35223910872275
      0.3527851968642183
      0.3533291611973745
      0.3538707878571518
      0.3544098513702017
      0.3549461160934148
      0.3554793377299963
      0.3560092649195687
      0.3565356408984935
      0.3570582052263054
      0.3575766955736893
      0.3580908495668695
      0.3586004066825778
      0.3591051101869148
      0.3596047091103585
      0.3600989602500613
       0.360587630189224
      0.3610704973219739
      0.3615473538706392
      0.3620180078808387
      0.3624822851782362
      0.3629400312693872
      0.3633911131676918
      0.3638354211242892
      0.3642728702426615
      0.3647034019549537
      0.3651269853374564
      0.3655436182425059
      0.3659533282241073
      0.3663561732350445
      0.3667522420739786
      0.3671416545621378
      0.3675245614306185
      0.3679011439010438
      0.3682716129443446
      0.3686362082046923
      0.3689951965781593
      0.3693488704383738
      0.3696975455043773
      0.3700415583489599
      0.3703812635489686
      0.3707170304823929
      0.3710492397805131
      0.3713782794468588
      0.3717045406583734
      0.3720284132677733
      0.3723502810298193
      0.3726705165778987
      0.3729894761810161
      0.3733074943149852
      0.3736248780851838
      0.3739419015417444
      0.3742587999313813
      0.3745757639331544
      0.3748929339283081
       0.375210394356804
      0.3755281682152092
      0.3758462117521876
       0.376164409418821
      0.3764825691313802
      0.3768004179038778
      0.3771175979066763
      0.3774336630057156
      0.3777480758343626
      0.3780602054466339
      0.3783693255965624
      0.3786746136838325
      0.3789751504005409
       0.379269920108201
       0.379557811967924
        0.37983762184023
      0.3801080549643033
      0.3803677294197705
      0.3806151803674571
      0.3808488650590743
       0.381067168599621
      0.3812684104404522
      0.3814508515755865
      0.3816127024089325
      0.3817521312557797
      0.3818672734380315
      0.3819562409293791
      0.3820171325037615
      0.3820480443381027
      0.3820470810182423
      0.3820123668953096
      0.3819420577382361
      0.3818343526267451
      0.3816875060278232
      0.3814998399973561
      0.3812697564471664
      0.3809957494161664
      0.3806764172826378
      0.3803104748527786
      0.3798967652586543
      0.3794342715965217
      0.3789221282342737
       0.378359631714498
      0.3777462511774421
      0.3770816382261251
      0.3763656361540353
      0.3755982884543924
      0.3747798465289357
       0.373910776513758
      0.3729917651399067
      0.3720237245474064
      0.3710077959731497
      0.3699453522357368
      0.3688379989440116
      0.3676875743605927
      0.3664961478573885
      0.3652660169067136
      0.3639997025593825
      0.3626999433698921
      0.3613696877385721
      0.3600120846514028
      0.3586304728098977
      0.3572283681561557
       0.355809449811743
       0.354377544463435
      0.3529366092440659
      0.3514907131725524
      0.3500440172336756
      0.3486007531951948
      0.3471652012772173
      0.3457416668063554
      0.3443344560047796
      0.3429478510816784
      0.3415860848114972
      0.3402533147993916
      0.3389535976491833
      0.3376908632623439
      0.3364688895077437
      0.3352912775105505
      0.3341614278143755
      0.3330825176729781
      0.3320574797262204
      0.3310889823090916
      0.3301794116322507
