                       0
   1.126395978437098e-05
   4.513579712536466e-05
   0.0001017859521617396
   0.0001813759790830789
   0.0002840584947314177
   0.0004099771326804178
   0.0005592665027021246
   0.0007320521554922913
   0.0009284505524885354
    0.001148569040579065
    0.001392505831463543
    0.001660349985391823
    0.001952181398971044
    0.002268070796696877
    0.002608079725830754
    0.002972260554211765
    0.003360656470559638
    0.003773301486793914
    0.004210220441864354
    0.004671429006558439
    0.005156933688724302
    0.005666731838320883
    0.006200811651682217
    0.006759152174359494
    0.007341723301882506
    0.007948485777762361
    0.008579391188038793
     0.00923438195165923
    0.009913391305962338
     0.01061634328652637
     0.01134315270063271
     0.01209372509358678
     0.01286795670713342
     0.01366573442920033
     0.01448693573420297
      0.0153314286131465
     0.01619907149276529
     0.01708971314294838
     0.01800319257171053
     0.01893933890698246
     0.01989797126451122
     0.02087889860118333
     0.02188191955310689
     0.02290682225781842
     0.02395338416001153
     0.02502137180022202
     0.02611054058594386
     0.02722063454469717
     0.02835138605861789
     0.02950251558019532
     0.03067373132884289
     0.03186472896805378
     0.03307519126296289
     0.03430478771821499
     0.03555317419612099
     0.03681999251517239
     0.03810487002908147
     0.03940741918661446
      0.0407272370725952
     0.04206390493057185
     0.04341698766776251
     0.04478603334302475
      0.0461705726387316
     0.04757011831758237
     0.04898416466552592
     0.05041218692213756
     0.05185364069995244
     0.05330796139443714
     0.05477456358645765
     0.05625284043929335
     0.05774216309243749
     0.05924188005462664
     0.06075131659874659
     0.06226977416147123
      0.0637965297507075
     0.06533083536413552
     0.06687191742235384
     0.06841897622036075
     0.06997118540132491
     0.07152769145681681
     0.07308761325789176
     0.07465004162162758
     0.07621403891792544
      0.0777786387215825
     0.07934284551483252
     0.08090563444572571
      0.0824659511478812
     0.08402271162728826
     0.08557480222195651
     0.08712107964031507
     0.08866037108433883
     0.09019147446342311
     0.09171315870504852
     0.09322416416825695
     0.09472320316590377
     0.09620896060155867
     0.09768009472679028
     0.09913523802438295
       0.100572998222808
      0.1019919594469884
      0.1033906835100694
      0.1047677113505138
      0.1061215646184096
      0.1074507474143774
      0.1087537481839188
      0.1100290417694411
      0.1112750916215324
      0.1124903521703551
      0.1136732713572611
      0.1148222933259276
      0.1159358612714592
      0.1170124204450168
       0.118050421310614
      0.1190483228497706
      0.1200045960087571
      0.1209177272821811
      0.1217862224256966
      0.1226086102896463
      0.1233834467645019
      0.1241093188280463
      0.1247848486833665
      0.1254086979759031
      0.1259795720770463
      0.1264962244210876
      0.1269574608817529
      0.1273621441740553
      0.1277091982668447
      0.1279976127911845
       0.128226447429591
      0.1283948362712163
       0.128501992118268
      0.1285472107293261
      0.1285298749857795
      0.1284494589683251
      0.1283055319313954
      0.1280977621644843
      0.1278259207306319
      0.1274898850738178
      0.1270896424886759
      0.1266252934478007
       0.126097054783935
      0.1255052627265248
      0.1248503757944752
      0.1241329775494153
      0.1233537792164006
      0.1225136221816704
      0.1216134803798687
      0.1206544625859373
      0.1196378146297171
      0.1185649215540444
      0.1174373097397925
      0.1162566490237657
      0.1150247548375468
      0.1137435903971885
       0.112415268974899
      0.1110420562844061
      0.1096263730112911
      0.1081707975179691
      0.1066780687498314
      0.1051510893639489
      0.1035929290941339
      0.1020068283555141
       0.100396202077318
     0.09876464373351189
     0.09711592951626494
     0.09545402256590341
      0.0937830771318626
      0.0921074424909564
      0.0904316663909478
     0.08876049771793364
     0.08709888800499267
     0.08545199130704269
     0.08382516186426937
     0.08222394886677324
     0.08065408752143506
     0.07912148551655745
     0.07763220389226655
     0.07619243127066951
     0.07480845039917938
     0.07348659603656409
     0.07223320338931863
     0.07105454660991234
     0.06995676731657326
     0.06894579369302402
     0.06802725146382373
     0.06720636887959397
     0.06648787872040932
     0.06587592114100631
      0.0653739518238859
     0.06498466025659562
     0.06470990290502904
     0.06455065555402524
     0.06450698812994021
     0.06457806397892379
     0.06476216398775206
      0.0650567342852475
     0.06545845474841701
     0.06596332433173636
     0.06656675845981529
     0.06726369342131555
     0.06804869285228474
     0.06891605191936018
     0.06985989559230524
     0.07087426830601619
     0.07195321324062219
     0.07309084030562518
     0.07428138264182728
     0.07551924202442223
     0.07679902395786811
     0.07811556351109472
     0.07946394307347565
      0.0808395032451264
     0.08223784803660603
      0.0836548454671599
     0.08508662453712781
     0.08652956942437677
     0.08798031162757007
      0.0894357206581092
     0.09089289377209113
     0.09234914513585085
     0.09380199473428763
      0.0952491572599023
     0.09668853116131092
     0.09811818798172324
     0.09953636207902748
      0.1009414407883532
      0.1023319550639461
      0.1037065706187267
       0.105064079565959
      0.1064033925571673
      0.1077235314030205
      0.1090236221587869
      0.1103028886525904
      0.1115606464326957
      0.1127962971090647
      0.1140093230642107
      0.1151992825087103
      0.1163658048574626
      0.1175085864037881
      0.1186273862696266
      0.1197220226113652
      0.1207923690621491
      0.1218383513928351
       0.122859944375063
      0.1238571688311554
      0.1248300888567626
      0.1257788092032902
      0.1267034728082107
      0.1276042584623336
      0.1284813786040354
      0.1293350772312719
      0.1301656279229793
      0.1309733319621741
      0.1317585165536997
      0.1325215331301612
      0.1332627557401221
       0.133982579513118
      0.1346814191964846
      0.1353597077593953
      0.1360178950598626
      0.1366564465707834
      0.1372758421614076
      0.1378765749308713
      0.1384591500906836
      0.1390240838932743
      0.1395719026039071
      0.1401031415134524
      0.1406183439896722
      0.1411180605648328
      0.1416028480575847
      0.1420732687272016
      0.1425298894583663
      0.1429732809748261
      0.1434040170803216
      0.1438226739253132
      0.1442298292981074
      0.1446260619390766
      0.1450119508767559
      0.1453880747846721
      0.1457550113578423
       0.146113336707955
      0.1464636247763136
      0.1468064467636967
      0.1471423705763553
      0.1474719602874333
      0.1477957756131569
      0.1481143714032133
      0.1484282971447814
      0.1487380964797508
      0.1490443067347118
      0.1493474584633597
      0.1496480750010039
      0.1499466720309232
      0.1502437571623596
      0.1505398295199773
      0.1508353793446716
      0.1511308876056282
      0.1514268256235939
      0.1517236547053307
      0.1520218257892638
      0.1523217791023645
      0.1526239438283093
      0.1529287377870022
      0.1532365671255383
       0.153547826020706
      0.1538628963931319
        0.15418214763317
      0.1545059363386385
      0.1548346060645014
      0.1551684870845833
      0.1555078961653902
      0.1558531363520999
      0.1562044967667608
      0.1565622524187205
      0.1569266640272792
      0.1572979778565407
      0.1576764255624021
      0.1580622240515953
      0.1584555753526659
      0.1588566664987412
      0.1592656694219075
      0.1596827408589876
      0.1601080222684801
      0.1605416397583875
      0.1609837040246354
      0.1614343102997582
      0.1618935383114984
      0.1623614522509491
      0.1628381007498447
      0.1633235168665909
      0.1638177180806095
      0.1643207062945624
      0.1648324678440176
       0.165352973514108
      0.1658821785627423
      0.1664200227499318
      0.1669664303727989
       0.167521310305852
      0.1680845560461319
      0.1686560457628449
      0.1692356423511319
      0.1698231934896487
      0.1704185317016667
      0.1710214744194322
      0.1716318240515732
       0.172249368053372
      0.1728738789997794
      0.1735051146610842
      0.1741428180812045
      0.1747867176586211
      0.1754365272300256
      0.1760919461568088
      0.1767526594145746
      0.1774183376859174
        0.17808863745676
      0.1787632011166086
      0.1794416570631352
      0.1801236198115544
      0.1808086901093209
      0.1814964550567243
      0.1821864882340175
      0.1828783498357588
      0.1835715868131047
       0.184265733024835
      0.1849603093979399
      0.1856548240986353
      0.1863487727147224
       0.187041638450235
      0.1877328923333615
      0.1884219934386478
      0.1891083891245254
      0.1897915152872235
      0.1904707966321516
      0.1911456469638434
      0.1918154694955771
       0.192479657179785
        0.19313759306037
      0.1937886506480512
       0.194432194319846
      0.1950675797437935
      0.1956941543300031
      0.1963112577090996
      0.1969182222391086
       0.197514373541794
      0.1980990310694373
      0.1986715087029987
      0.1992311153825662
      0.1997771557709503
      0.2003089309512275
      0.2008257391589826
      0.2013268765499401
      0.2018116380036085
      0.2022793179634831
      0.2027292113142954
      0.2031606142966975
      0.2035728254596972
      0.2039651466510598
      0.2043368840458071
      0.2046873492128262
      0.2050158602195085
      0.2053217427742133
      0.2056043314062314
      0.2058629706827987
       0.206097016462569
      0.2063058371848175
      0.2064888151934823
      0.2066453480950028
      0.2067748501487362
      0.2068767536885496
      0.2069505105739994
      0.2069955936693028
       0.207011498348098
      0.2069977440217506
      0.2069538756887452
      0.2068794655024323
      0.2067741143541426
      0.2066374534684144
      0.2064691460067732
      0.2062688886762137
      0.2060364133382201
      0.2057714886138267
      0.2054739214799003
      0.2051435588514608
       0.204780289144531
      0.2043840438136237
       0.203954798857624
      0.2034925762874657
      0.2029974455486232
       0.202469524891099
      0.2019089826792262
      0.2013160386332746
        0.20069096499452
      0.2000340876051391
      0.1993457868940189
      0.1986264987593202
      0.1978767153384276
      0.1970969856557531
      0.1962879161387418
      0.1954501709923656
      0.1945844724223882
      0.1936916006977528
      0.1927723940425776
      0.1918277483484793
      0.1908586166982417
      0.1898660086922626
      0.1888509895697141
      0.1878146791169666
      0.1867582503565637
      0.1856829280108724
      0.1845899867355173
      0.1834807491188051
      0.1823565834445812
      0.1812189012173279
      0.1800691544498222
      0.1789088327153037
      0.1777394599678787
      0.1765625911367853
      0.1753798085021585
      0.1741927178620655
      0.1730029445028089
      0.1718121289867998
      0.1706219227746664
      0.1694339837006766
      0.1682499713229475
      0.1670715421723139
      0.1659003449260346
       0.164738015534743
      0.1635861723330998
      0.1624464111664881
      0.1613203005676863
      0.1602093770187826
      0.1591151403345321
      0.1580390492039142
      0.1569825169267124
      0.1559469073815306
      0.1549335312606775
       0.153943642605809
      0.1529784356760787
      0.1520390421777942
      0.1511265288812388
      0.1502418956463941
      0.1493860738748421
      0.1485599254001785
      0.1477642418239165
      0.1469997442981696
      0.1462670837504939
      0.1455668415402362
      0.1448995305297161
      0.1442655965476702
      0.1436654202167605
      0.1430993191117013
      0.1425675502098193
      0.1420703125917526
      0.1416077503465892
      0.1411799556331569
      0.1407869718474448
      0.1404287968453162
      0.1401053861697835
      0.1398166562331564
      0.1395624874063127
      0.1393427269701592
      0.1391571918879421
       0.139005671361397
      0.1388879291386649
      0.1388037055473594
      0.1387527192320193
      0.1387346685813041
      0.1387492328365661
       0.138796072879718
      0.1388748317045193
      0.1389851345813618
      0.1391265889312973
      0.1392987839302501
      0.1395012898690693
      0.1397336572991714
      0.1399954159969801
      0.1402860737831154
      0.1406051152343009
      0.1409520003272236
      0.1413261630540947
      0.1417270100494418
      0.1421539192667383
      0.1426062387418869
      0.1430832854783753
      0.1435843444861817
      0.1441086680032984
      0.1446554749251355
      0.1452239504631685
      0.1458132460500604
      0.1464224795042479
      0.1470507354626741
      0.1476970660861018
      0.1483604920372927
      0.1490400037283867
      0.1497345628300975
       0.150443104031937
      0.1511645370396004
      0.1518977487929522
      0.1526416058857431
      0.1533949571662959
      0.1541566364969043
      0.1549254656486107
      0.1557002573073365
      0.1564798181670118
       0.157262952085383
      0.1580484632785201
      0.1588351595306637
      0.1596218553969408
      0.1604073753775614
      0.1611905570433829
      0.1619702540941388
      0.1627453393321601
      0.1635147075360088
       0.164277278220103
      0.1650319982680767
      0.1657778444292938
      0.1665138256695696
      0.1672389853687647
      0.1679524033594524
      0.1686531978023327
      0.1693405268954606
      0.1700135904156502
      0.1706716310916303
      0.1713139358096238
      0.1719398366530415
      0.1725487117788801
      0.1731399861342203
      0.1737131320169336
      0.1742676694853187
      0.1748031666219114
        0.17531923965715
      0.1758155529589321
      0.1762918188943796
      0.1767477975703378
      0.1771832964592671
      0.1775981699172837
      0.1779923186011146
       0.178365688790723
      0.1787182716242815
      0.1790501022520721
      0.1793612589157424
       0.179651861959181
      0.1799220727770682
       0.180172092706945
      0.1804021618704013
      0.1806125579687256
      0.1808035950381031
      0.1809756221691653
      0.1811290221954187
      0.1812642103548016
      0.1813816329283279
      0.1814817658595034
      0.1815651133579157
      0.1816322064901318
      0.1816836017607737
      0.1817198796863781
      0.1817416433644147
      0.1817495170395882
      0.1817441446693398
      0.1817261884902462
      0.1816963275868296
      0.1816552564640993
      0.1816036836249972
      0.1815423301537646
      0.1814719283061144
      0.1813932201069862
      0.1813069559565597
      0.1812138932451221
      0.1811147949773337
      0.1810104284063695
       0.180901563678405
      0.1807889724878987
      0.1806734267441162
      0.1805556972493741
      0.1804365523895054
      0.1803167568371011
      0.1801970702681371
      0.1800782460926716
       0.179961030200372
      0.1798461597217315
      0.1797343618059208
      0.1796263524163275
      0.1795228351449468
      0.1794245000468893
       0.179332022496381
      0.1792460620657435
      0.1791672614289386
      0.1790962452913659
      0.1790336193476826
      0.1789799692695085
      0.1789358597249399
      0.1789018334318507
      0.1788784102470095
      0.1788660862930619
      0.1788653331254333
      0.1788765969412082
      0.1789002978319992
      0.1789368290827866
      0.1789865565186297
      0.1790498179010666
      0.1791269223759213
      0.1792181499740959
      0.1793237511667954
      0.1794439464764707
      0.1795789261445808
      0.1797288498571042
      0.1798938465285112
      0.1800740141447134
      0.1802694196652824
      0.1804800989850137
       0.180706056954684
      0.1809472674606321
      0.1812036735625641
        0.18147518768878
      0.1817616918878009
      0.1820630381351805
       0.182379048694096
      0.1827095165281457
      0.1830542057646075
      0.1834128522062885
      0.1837851638899495
      0.1841708216891998
      0.1845694799596488
      0.1849807672240513
      0.1854042868951128
      0.1858396180335954
       0.186286316139355
      0.1867439139729237
      0.1872119224052941
      0.1876898312935665
      0.1881771103801873
      0.1886732102135539
       0.189177563087831
      0.1896895839999007
      0.1902086716214614
      0.1907342092843637
      0.1912655659773899
      0.1918020973527577
      0.1923431467407517
      0.1928880461709648
      0.1934361173987457
      0.1939866729355364
      0.1945390170818763
      0.1950924469619465
      0.1956462535585987
      0.1961997227479005
      0.1967521363323024
      0.1973027730715857
      0.1978509097108286
      0.1983958220046598
      0.1989367857371383
      0.1994730777366185
      0.2000039768850065
      0.2005287651208398
      0.2010467284356467
      0.2015571578630569
       0.202059350460159
      0.2025526102806035
      0.2030362493389646
      0.2035095885658758
      0.2039719587534602
      0.2044227014905843
      0.2048611700874522
      0.2052867304890744
       0.205698762177133
      0.2060966590597713
      0.2064798303488327
      0.2068477014240775
      0.2071997146838997
      0.2075353303820699
      0.2078540274500227
      0.2081553043042051
       0.208438679638002
      0.2087036931977306
      0.2089499065421987
      0.2091769037852943
      0.2093842923210467
      0.2095717035305826
      0.2097387934703428
      0.2098852435408893
      0.2100107611355662
      0.2101150802682135
      0.2101979621790315
      0.2102591959176243
      0.2102985989020996
      0.2103160174530086
      0.2103113273007422
      0.2102844340648438
      0.2102352737035269
      0.2101638129314864
      0.2100700496038806
      0.2099540130641574
      0.2098157644531361
      0.2096553969765401
      0.2094730361279041
      0.2092688398635407
      0.2090429987259863
      0.2087957359120989
      0.2085273072817453
      0.2082380013027777
      0.2079281389278045
      0.2075980733980781
      0.2072481899696745
      0.2068789055570371
      0.2064906682889065
      0.2060839569716468
       0.205659280455056
      0.2052171768958672
      0.2047582129143759
      0.2042829826399092
      0.2037921066412551
      0.2032862307386495
      0.2027660246945026
      0.2022321807807491
      0.2016854122214934
      0.2011264515105385
      0.2005560486043992
      0.1999749689925146
      0.1993839916476018
      0.1987839068603922
      0.1981755139643872
      0.1975596189577363
      0.1969370320308448
      0.1963085650098874
      0.1956750287279651
      0.1950372303372244
      0.1943959705767911
      0.1937520410128744
      0.1931062212687996
      0.1924592762640478
      0.1918119534825341
      0.1911649802913816
       0.190519061332252
      0.1898748760078974
      0.1892330760869593
       0.188594283450121
      0.1879590880005443
       0.187328045761033
      0.1867016771795671
      0.1860804656637677
      0.1854648563634262
      0.1848552552185322
      0.1842520282882274
      0.1836555013738393
      0.1830659599466339
       0.182483649388182
      0.1819087755483184
      0.1813415056225991
      0.1807819693479999
      0.1802302605123534
      0.1796864387697881
      0.1791505317512052
      0.1786225374556896
      0.1781024269057227
      0.1775901470462036
      0.1770856238645994
      0.1765887657071176
       0.176099466763589
      0.1756176106918487
      0.1751430743507862
      0.1746757316099322
       0.174215457202459
      0.1737621305878052
      0.1733156397897738
      0.1728758851759143
      0.1724427831442437
      0.1720162696839039
      0.1715963037771627
      0.1711828706112269
      0.1707759845696375
      0.1703756919745445
      0.1699820735528765
      0.1695952466013452
      0.1692153668273124
      0.1688426298447928
      0.1684772723072837
      0.1681195726616378
       0.167769851509894
      0.1674284715687639
      0.1670958372194128
      0.1667723936431968
      0.1664586255421677
      0.1661550554463972
      0.1658622416134972
      0.1655807755291289
      0.1653112790207462
       0.165054401000342
       0.164810813855479
      0.1645812095114017
       0.164366295190504
      0.1641667888987896
      0.1639834146722398
      0.1638168976190544
      0.1636679587966003
      0.1635373099644462
      0.1634256482570962
      0.1633336508218457
      0.1632619694685659
      0.1632112253790871
      0.1631820039241699
      0.1631748496358031
       0.163190261381683
      0.1632286877872422
      0.1632905229484596
      0.1633761024759496
      0.1634856999074843
       0.163619523522231
      0.1637777135855985
      0.1639603400487957
      0.1641674007220507
      0.1643988199350447
      0.1646544476925616
      0.1649340593277421
      0.1652373556497742
      0.1655639635774433
      0.1659134372448068
      0.1662852595604349
      0.1666788441972513
      0.1670935379860856
      0.1675286236826608
      0.1679833230749286
      0.1684568003954454
      0.1689481660018793
      0.1694564802877269
      0.1699807577848892
       0.170519971419883
      0.1710730568860913
      0.1716389170955501
      0.1722164266752615
      0.1728044364748679
       0.173401778054647
      0.1740072681251316
      0.1746197129121799
      0.1752379124239338
      0.1758606645987782
       0.176486769316093
      0.1771150322542284
      0.1777442685826966
      0.1783733064780401
      0.1790009904551559
      0.1796261845080365
      0.1802477750558963
      0.1808646736924948
       0.181475819738115
      0.1820801825951379
      0.1826767639094459
      0.1832645995410097
      0.1838427613479705
       0.184410358789321
      0.1849665403519453
      0.1855104948082738
      0.1860414523112167
      0.1865586853332949
      0.1870615094570673
       0.187549284024032
      0.1880214126491884
      0.1884773436083718
      0.1889165701053621
      0.1893386304255834
      0.1897431079830189
      0.1901296312667012
      0.1904978736928889
      0.1908475533687417
      0.1911784327730155
      0.1914903183589812
      0.1917830600844748
      0.1920565508736581
      0.1923107260147731
      0.1925455624978675
      0.1927610782961734
      0.1929573315945389
      0.1931344199680338
      0.1932924795136022
       0.193431683937375
      0.1935522436000286
      0.1936544045223601
      0.1937384473530447
      0.1938046863003543
      0.1938534680294419
      0.1938851705266517
      0.1939002019321596
      0.1938989993421428
      0.1938820275815547
      0.1938497779484993
      0.1938027669311245
      0.1937415348978891
      0.1936666447620201
      0.1935786806209503
      0.1934782463715156
      0.1933659643016966
      0.1932424736597152
      0.1931084292013311
      0.1929644997162428
      0.1928113665345676
      0.1926497220144606
        0.19248026801204
      0.1923037143348982
      0.1921207771806182
      0.1919321775618574
      0.1917386397197194
       0.191540889527312
       0.191339652885572
      0.1911356541136239
      0.1909296143361475
      0.1907222498704352
      0.1905142706160267
      0.1903063784500255
      0.1900992656314099
      0.1898936132178629
       0.189690089498846
      0.1894893484488327
      0.1892920282048016
       0.189098749572251
      0.1889101145641466
      0.1887267049773308
      0.1885490810110325
      0.1883777799321797
      0.1882133147922571
      0.1880561732004652
      0.1879068161579037
      0.1877656769574335
      0.1876331601537795
      0.1875096406082702
      0.1873954626124494
      0.1872909390945454
      0.1871963509125369
      0.1871119462372312
      0.1870379400284404
      0.1869745136069585
      0.1869218143246248
      0.1868799553343295
      0.1868490154613421
      0.1868290391768574
      0.1868200366741526
      0.1868219840472227
      0.1868348235712446
       0.186858464083686
      0.1868927814643496
      0.1869376192121308
       0.186992789115749
      0.1870580720152381
      0.1871332186504998
      0.1872179505927905
      0.1873119612545961
      0.1874149169729679
      0.1875264581610496
      0.1876462005222128
      0.1877737363209629
      0.1879086357045339
      0.1880504480689192
      0.1881987034629386
      0.1883529140238443
      0.1885125754379049
      0.1886771684194044
      0.1888461602015044
       0.189019006032494
      0.1891951506710424
      0.1893740298742279
      0.1895550718722669
      0.1897376988240965
