                       0
   9.993253333332972e-05
   0.0003994538863884563
   0.0008981353584724682
    0.001595529209412015
    0.002491168742071728
    0.003584568386221289
    0.004875223783461557
      0.0063626118728457
    0.008046190976753999
    0.009925400886509629
     0.01199966294715146
     0.01426838014070899
     0.01673093716726096
     0.01938670052298909
     0.02223501857438497
      0.0252752216276952
      0.0285066219926515
     0.03192851403945463
     0.03554017424795494
     0.03934086124790756
     0.04332981584913266
     0.04750626106038415
      0.0518694020956857
        0.05641842636684
       0.061152503460814
     0.06607078510065675
     0.07117240508856894
     0.07645647922976613
     0.08192210523568735
     0.08756836260517205
     0.09339431248213104
     0.09939899748830124
      0.1055814415296241
       0.111940649574798
      0.1184756074045775
       0.125185281330367
      0.1320686178807116
      0.1391245434542258
      0.1463519639376337
      0.1537497642875032
      0.1613168080743603
      0.1690519369878715
      0.1769539703018219
      0.1850217042976401
      0.1932539116453292
      0.2016493407406152
      0.2102067149972727
      0.2189247320936016
      0.2278020631720769
      0.2368373519913267
      0.2460292140296069
      0.2553762355390666
      0.2648769725501748
      0.2745299498257517
      0.2843336597642184
       0.294286561251694
      0.3043870784627676
      0.3146335996098771
      0.3250244756413009
      0.3355580188880232
      0.3462325016597584
       0.357046154790686
      0.3679971661355061
      0.3790836790167431
      0.3903037906242744
      0.4016555503682627
      0.4131369581870538
      0.4247459628115173
      0.4364804599878416
      0.4483382906607454
      0.4603172391195872
      0.4724150311097969
      0.4846293319126577
      0.4969577443963736
      0.5093978070420175
      0.5219469919478695
      0.5346027028163276
      0.5473622729274066
      0.5602229631037449
      0.5731819596718194
      0.5862363724247027
      0.5993832325919587
      0.6126194908224804
      0.6259420151866418
      0.6393475892043402
      0.6528329099057075
      0.6663945859319935
      0.6800291356839872
      0.6937329855260059
       0.707502468053771
      0.7213338204346476
      0.7352231828290748
      0.7491665969024713
      0.7631600044369905
      0.7771992460528675
      0.7912800600491746
      0.8053980813742631
      0.8195488407361625
      0.8337277638635394
      0.8479301709275761
      0.8621512761357915
      0.8763861875083809
       0.890629906847816
      0.9048773299126449
      0.9191232468058762
      0.9333623425886697
      0.9475891981295335
      0.9617982911992193
        0.97598399782095
      0.9901405938854779
       1.004262257039936
       1.018343068858988
        1.03237701730605
       1.046357999491976
       1.060279824737846
       1.074136217947411
       1.087920823294317
       1.101627208228189
       1.115248867802417
       1.128779229325841
       1.142211657339227
        1.15553945891606
       1.168755889286236
       1.181854157780107
       1.194827434088346
       1.207668854832351
       1.220371530438309
       1.232928552306471
        1.24533300026597
       1.257577950303769
       1.269656482554948
       1.281561689540415
       1.293286684636045
       1.304824610756174
       1.316168649233052
        1.32731202887236
       1.338248035163367
       1.348970019621802
       1.359471409241219
       1.369745716028665
       1.379786546598927
       1.389587611800312
       1.399142736345516
       1.408445868418571
       1.417491089230375
       1.426272622492807
       1.434784843783303
       1.443022289769737
       1.450979667266722
       1.458651862094253
       1.466033947709549
       1.473121193584293
       1.479909073299051
       1.486393272328177
       1.492569695489147
        1.49843447403133
       1.503983972340324
       1.509214794235363
       1.514123788838644
       1.518708055997259
       1.522964951239438
        1.52689209024919
       1.530487352844744
        1.53374888644855
        1.53667510903794
       1.539264711568089
       1.541516659860479
       1.543430195952571
       1.545004838905952
       1.546240385072774
       1.547136907821703
       1.547694756727332
       1.547914556228459
       1.547797203762761
       1.547343867387289
       1.546555982895742
       1.545435250445681
       1.543983630710073
       1.542203340569298
       1.540096848361183
       1.537666868707784
       1.534916356939258
       1.531848503135935
       1.528466725810662
       1.524774665255019
       1.520776176572546
       1.516475322424224
       1.511876365510548
       1.506983760816061
       1.501802147641633
       1.496336341450244
       1.490591325552525
       1.484572242656784
       1.478284386310077
        1.47173319225441
       1.464924229723489
       1.457863192703833
        1.45055589118397
         1.4430082424145
       1.435226262201065
       1.427216056251699
       1.418983811598603
       1.410535788114087
       1.401878310138564
       1.393017758238459
       1.383960561109949
       1.374713187643535
        1.36528213916408
       1.355673941858191
       1.345895139401718
       1.335952285796966
       1.325851938429951
       1.315600651355282
       1.305204968816148
       1.294671419005639
       1.284006508074449
       1.273216714388623
       1.262308483040895
       1.251288220617325
       1.240162290220812
       1.228937006751245
       1.217618632442437
       1.206213372654083
       1.194727371916871
       1.183166710228289
       1.171537399595392
       1.159845380821126
         1.1480965205294
       1.136296608424389
       1.124451354778239
       1.112566388141958
       1.100647253273256
       1.088699409274689
       1.076728227936072
       1.064738992273744
       1.052736895260125
       1.040727038736079
        1.02871443249898
       1.016703993559277
       1.004700545557839
      0.9927088183369241
         0.9807334476575
      0.9687789750551831
      0.9568498478278908
      0.9449504191477223
      0.9330849482902138
      0.9212576009736859
      0.9094724498019958
      0.8977334748039874
      0.8860445640628605
      0.8744095144293526
      0.8628320323122183
      0.8513157345402023
      0.8398641492893744
      0.8284807170704577
      0.8171687917704749
      0.8059316417434806
      0.7947724509454002
      0.7836943201079863
      0.7727002679474088
      0.7617932324028098
       0.750976071900809
      0.7402515666416928
      0.7296224199036179
      0.7190912593611242
      0.7086606384143956
      0.6983330375262103
      0.6881108655633146
      0.6779964611393804
      0.6679920939569458
      0.6580999661455943
      0.6483222135940951
      0.6386609072743635
      0.6291180545550481
      0.6196956005028544
       0.610395429170036
      0.6012193648661456
      0.5921691734128259
      0.5832465633801301
      0.5744531873032068
      0.5657906428783227
      0.5572604741370351
      0.5488641725978952
       0.540603178394686
      0.5324788813807216
      0.5244926222084119
      0.5166456933838376
      0.5089393402956978
      0.5013747622185387
       0.493953113289838
      0.4866755034608125
      0.4795429994209321
      0.4725566254958989
      0.4657173645193144
      0.4590261586779356
      0.4524839103306531
      0.4460914828014856
      0.4398497011465597
      0.4337593528954874
       0.427821188767357
       0.422035923361632
      0.4164042358242629
      0.4109267704894273
        0.40560413749723
      0.4004369133877898
      0.3954256416720611
      0.3905708333799254
      0.3858729675858956
      0.3813324919129093
      0.3769498230146789
      0.3727253470370641
      0.3686594200588695
      0.3647523685126424
      0.3610044895857554
      0.3574160516024533
      0.3539872943870851
      0.3507184296091716
      0.3476096411105961
      0.3446610852154242
      0.3418728910227831
      0.3392451606831252
      0.3367779696583912
      0.3344713669663282
      0.3323253754094466
      0.3303399917888991
      0.3285151871036379
       0.326850906735174
      0.3253470706182489
      0.3240035733977068
      0.3228202845718397
      0.3217970486224789
       0.320933685132009
      0.3202299888876063
      0.3196857299728642
      0.3193006538470082
      0.3190744814118534
      0.3190069090666404
      0.3190976087509854
      0.3193462279759469
       0.319752389843367
      0.3203156930536392
       0.321035711901898
       0.321911996262696
      0.3229440715633457
       0.324131438745818
      0.3254735742173548
      0.3269699297897267
      0.3286199326072692
      0.3304229850635667
      0.3323784647069496
      0.3344857241346794
      0.3367440908759287
      0.3391528672634545
      0.3417113302940633
      0.3444187314778015
       0.347274296675941
      0.3502772259277053
      0.3534266932658201
      0.3567218465208559
      0.3601618071144546
      0.3637456698414644
      0.3674725026410425
      0.3713413463567943
      0.3753512144861054
      0.3795010929186981
      0.3837899396645874
      0.3882166845716374
      0.3927802290327949
      0.3974794456833022
      0.4023131780881208
      0.4072802404197393
      0.4123794171267764
      0.4176094625936456
      0.4229691007916418
       0.428457024921916
      0.4340718970506571
      0.4398123477371054
      0.4456769756547618
      0.4516643472065223
      0.4577729961341461
       0.464001423122912
      0.4703480954019587
      0.4768114463412041
      0.4833898750455373
       0.490081745947211
      0.4968853883971118
      0.5037990962561641
      0.5108211274875222
      0.5179497037507921
      0.5251830099993664
      0.5325191940817486
      0.5399563663484307
      0.5474925992652515
       0.555125927034652
      0.5628543452261144
      0.5706758104171095
       0.578588239846087
      0.5865895110788986
      0.5946774616901094
      0.6028498889608336
      0.6111045495946059
      0.6194391594530507
      0.6278513933127304
      0.6363388846452448
      0.6448992254218979
      0.6535299659450613
      0.6622286147077603
      0.6709926382833601
      0.6798194612472441
      0.6887064661322073
      0.6976509934195518
      0.7066503415675884
      0.7157017670796793
      0.7248024846133398
      0.7339496671326876
      0.7431404461058295
      0.7523719117491842
      0.7616411133205966
      0.7709450594631124
       0.780280718601241
      0.7896450193915011
      0.7990348512291375
      0.8084470648126406
      0.8178784727680417
      0.8273258503343619
      0.8367859361121406
      0.8462554328766221
      0.8557310084570204
      0.8652092966835496
      0.8746868984035703
      0.8841603825682145
      0.8936262873910048
      0.9030811215793569
      0.9125213656405005
      0.9219434732625426
      0.9313438727719068
      0.9407189686678299
      0.9500651432346879
       0.959378758232931
      0.9686561566687677
      0.9778936646432981
      0.9870875932811538
      0.9962342407386369
       1.005329894291144
       1.014370832499784
       1.023353327456447
       1.032273647106621
       1.041128057649017
        1.04991282601094
       1.058624222397696
       1.067258522914384
       1.075812012258366
       1.084280986479787
       1.092661755807755
       1.100950647539309
       1.109144008987891
        1.11723821048785
       1.125229648450975
       1.133114748471132
       1.140889968472248
       1.148551801894559
       1.156096780914118
       1.163521479689875
       1.170822517632284
       1.177996562687037
        1.18504033462749
       1.191950608348683
       1.198724217155512
       1.205358056037796
        1.21184908492426
        1.21819433190712
       1.224390896429523
       1.230435952426836
        1.23632675141365
       1.242060625507335
       1.247634990379928
        1.25304734812915
       1.258295290060035
       1.263376499368512
       1.268288753718487
       1.273029927703895
       1.277597995187992
       1.281991031511951
       1.286207215565195
       1.290244831710743
        1.29410227155898
       1.297778035583703
       1.301270734574939
       1.304579090923994
       1.307701939736106
         1.3106382297674
       1.313387024183321
       1.315947501136609
       1.318318954163018
       1.320500792394897
       1.322492540592578
       1.324293838994721
       1.325904442989406
       1.327324222608923
       1.328553161851328
       1.329591357833495
       1.330439019779876
       1.331096467853383
       1.331564131833911
       1.331842549652063
       1.331932365784969
       1.331834329522376
       1.331549293111295
       1.331078209788015
       1.330422131706404
        1.32958220777177
       1.328559681389949
       1.327355888140877
       1.325972253386438
       1.324410289822017
       1.322671594981321
       1.320757848703598
       1.318670810572423
        1.31641231733479
       1.313984280308918
       1.311388682788797
       1.308627577453115
       1.305703083785704
       1.302617385514023
       1.299372728071984
       1.295971416092498
       1.292415810934671
       1.288708328250318
       1.284851435593156
       1.280847650074545
        1.27669953606769
       1.272409702963024
        1.26798080297606
       1.263415529008686
       1.258716612564586
       1.253886821718892
       1.248928959141419
         1.2438458601731
       1.238640390954422
       1.233315446603929
        1.22787394944601
       1.222318847284952
        1.21665311172395
       1.210879736526118
       1.205001736015524
        1.19902214351531
       1.192944009820491
       1.186770401702858
       1.180504400445222
       1.174149100402746
       1.167707607588541
       1.161183038281405
        1.15457851765337
       1.147897178415051
       1.141142159476823
        1.13431660462387
       1.127423661203902
       1.120466478825954
       1.113448208069002
         1.1063719991996
       1.099241000897742
       1.092058358990375
        1.08482721519204
       1.077550705852744
       1.070231960712864
       1.062874101665451
       1.055480241526186
       1.048053482811423
       1.040596916525311
       1.033113620956339
       1.025606660484628
       1.018079084400704
       1.010533925737029
        1.00297420011346
       0.995402904597591
      0.9878230165817576
      0.9802374926776058
       0.972649267629707
      0.9650612532496601
       0.957476337371754
      0.9498973828318187
      0.9423272264702461
      0.9347686781606955
      0.9272245198654628
      0.9196975047187941
      0.9121903561390559
       0.904705766971072
      0.8972463986590995
      0.8898148804517179
      0.8824138086390312
      0.8750457458231878
      0.8677132202224523
      0.8604187250095551
      0.8531647176845373
      0.8459536194825231
       0.838787814816508
      0.8316696507552651
      0.8246014365364511
      0.8175854431147553
      0.8106239027448841
      0.8037190085992894
      0.7968729144201625
      0.7900877342052464
      0.7833655419271114
      0.7767083712852653
      0.7701182154904758
      0.7635970270805276
      0.7571467177669305
      0.7507691583114829
      0.7444661784319844
      0.7382395667363773
      0.7320910706839853
      0.7260223965733593
      0.7200352095553876
      0.7141311336708647
      0.7083117519114277
      0.7025786063027726
      0.6969331980091554
      0.6913769874581485
      0.6859113944844271
      0.6805377984916551
      0.6752575386313265
      0.6700719139976191
      0.6649821838369669
      0.6599895677715804
      0.6550952460356627
       0.650300359723356
      0.6456060110476054
      0.6410132636085849
      0.6365231426711395
      0.6321366354499409
      0.6278546914017566
      0.6236782225236579
      0.6196081036565239
      0.6156451727929142
      0.6117902313884787
      0.6080440446761662
      0.6044073419825006
      0.6008808170451578
      0.5974651283310987
       0.594160899354846
      0.5909687189958599
      0.5878891418148863
      0.5849226883682607
      0.5820698455199563
      0.5793310667506544
      0.5767067724634933
      0.5741973502860005
      0.5718031553676086
      0.5695245106727104
      0.5673617072685079
      0.5653150046075734
      0.5633846308046331
      0.5615707829073914
      0.5598736271611049
      0.5582932992665365
      0.5568299046312624
      0.5554835186139816
       0.554254186761735
      0.5531419250398484
      0.5521467200543757
      0.5512685292671393
       0.550507281203091
      0.5498628756499496
      0.5493351838501337
      0.5489240486848398
       0.548629284850417
      0.5484506790267276
      0.5483879900379315
      0.5484409490052822
      0.5486092594923581
      0.5488925976424136
       0.549290612308335
      0.5498029251748987
      0.5504291308737034
      0.5511687970906982
       0.552021464666565
      0.5529866476900547
      0.5540638335843434
      0.5552524831866433
      0.5565520308213208
      0.5579618843664003
       0.559481425313995
      0.5611100088246864
      0.5628469637759583
       0.564691592805154
      0.5666431723469868
      0.5687009526658229
       0.570864157883186
      0.5731319860004338
      0.5755036089170954
      0.5779781724450489
      0.5805547963187774
      0.5832325742020429
      0.5860105736911886
      0.5888878363154787
      0.5918633775346208
      0.5949361867339001
      0.5981052272171951
      0.6013694361981675
      0.6047277247900736
      0.6081789779943141
      0.6117220546883868
      0.6153557876131974
      0.6190789833605493
      0.6228904223608154
      0.6267888588713361
      0.6307730209660222
      0.6348416105264101
      0.6389933032347138
      0.6432267485692401
      0.6475405698027824
      0.6519333640042247
      0.6564037020440884
      0.6609501286044066
      0.6655711621934832
      0.6702652951661544
      0.6750309937500444
      0.6798666980785897
      0.6847708222312378
      0.6897417542817531
      0.6947778563551454
      0.6998774646940399
      0.7050388897352622
      0.7102604161974546
      0.7155403031805443
       0.720876784277956
      0.7262680677025558
      0.7317123364272848
      0.7372077483414433
      0.7427524364237938
      0.7483445089335399
      0.7539820496203213
      0.7596631179544621
      0.7653857493787791
         0.7711479555832
      0.7769477248034262
      0.7827830221453178
       0.788651789936112
      0.7945519481040783
      0.8004813945882315
      0.8064380057794206
      0.8124196369943949
      0.8184241229845867
      0.8244492784809847
      0.8304928987768238
      0.8365527603496666
      0.8426266215243262
      0.8487122231784503
      0.8548072894920297
      0.8609095287424064
      0.8670166341463311
      0.8731262847502356
      0.8792361463702025
      0.8853438725825209
      0.8914471057662539
       0.897543478198592
      0.9036306132036109
      0.9097061263555281
      0.9157676267364316
      0.9218127182490733
      0.9278390009847847
      0.9338440726460373
      0.9398255300236839
      0.9457809705279663
      0.9517079937723443
      0.9576042032089287
      0.9634672078142188
      0.9692946238230342
      0.9750840765085491
      0.9808332020060315
       0.986539649177623
      0.9922010815144937
      0.9978151790733787
       1.003379640443556
       1.008892184739838
       1.014350553617375
       1.019752513303136
       1.025095856639406
        1.03037840513323
       1.035598011006626
       1.040752559241341
       1.045839969611964
       1.050858198701006
        1.05580524188959
       1.060679135316496
       1.065477957799478
       1.070199832711268
       1.074842929803745
       1.079405466973442
       1.083885711961289
       1.088281983980047
       1.092592655262847
        1.09681615252666
       1.100950958344158
        1.10499561241866
       1.108948712756451
       1.112808916731392
       1.116574942037495
       1.120245567524845
       1.123819633915756
       1.127296044397731
       1.130673765090834
       1.133951825387742
       1.137129318165096
       1.140205399865571
       1.143179290450874
       1.146050273226259
       1.148817694538343
       1.151480963347951
       1.154039550681199
       1.156492988961909
       1.158840871229859
       1.161082850249356
       1.163218637513646
       1.165248002150663
       1.167170769737155
       1.168986821027505
       1.170696090604726
       1.172298565461446
       1.173794283518559
       1.175183332090175
       1.176465846302883
       1.177642007478378
       1.178712041487588
       1.179676217085565
       1.180534844235186
       1.181288272428694
       1.181936889015106
       1.182481117541628
       1.182921416117241
       1.183258275805591
       1.183492219054671
       1.183623798169549
       1.183653593835039
       1.183582213693606
       1.183410290983797
       1.183138483243946
       1.182767471085463
       1.182297957038703
       1.181730664474953
       1.181066336606388
       1.180305735565812
       1.179449641567551
       1.178498852149698
       1.177454181497711
       1.176316459849202
       1.175086532978051
       1.173765261756936
       1.172353521795696
        1.17085220315321
        1.16926221011987
       1.167584461067015
       1.165819888360123
       1.163969438331602
       1.162034071308803
        1.16001476169315
       1.157912498085527
       1.155728283453494
       1.153463135335194
       1.151118086075163
        1.14869418308738
       1.146192489140174
       1.143614082658606
       1.140960058039244
       1.138231525972687
       1.135429613769428
       1.132555465684381
       1.129610243236086
       1.126595125516499
       1.123511309487264
       1.120360010259162
       1.117142461351145
       1.113859914925889
       1.110513641998931
       1.107104932618705
       1.103635096015127
       1.100105460714423
       1.096517374618524
       1.092872205047276
       1.089171338742147
       1.085416181829933
       1.081608159746152
       1.077748717116949
       1.073839317599228
        1.06988144367864
       1.065876596425714
       1.061826295209773
       1.057732077371455
       1.053595497853866
       1.049418128793465
       1.045201559071241
       1.040947393824999
       1.036657253924182
       1.032332775408262
       1.027975608889728
       1.023587418923478
       1.019169883343954
       1.014724692571373
       1.010253548888881
       1.005758165692287
       1.001240266714015
      0.9967015852230869
      0.9921438632029365
      0.9875688505087133
      0.9829783040062861
      0.9783739866943019
      0.9737576668115062
      0.9691311169310003
      0.9644961130433347
      0.9598544336301182
      0.9552078587302173
      0.9505581689999125
       0.945907144769243
      0.9412565650956906
      0.9366082068173915
      0.9319638436072532
      0.9273252450294603
       0.922694175600151
      0.9180723938536671
      0.9134616514157541
      0.9088636920851273
      0.9042802509247765
      0.8997130533643019
      0.8951638143143658
      0.8906342372945952
      0.8861260135758491
      0.8816408213380399
      0.8771803248444048
      0.8727461736330878
      0.8683400017270027
      0.8639634268626418
       0.859618049738573
      0.8553054532843454
      0.8510272019503154
      0.8467848410189659
      0.8425798959381653
      0.8384138716768073
      0.8342882521031042
       0.830204499385972
      0.8261640534195136
      0.8221683312709812
      0.8182187266522625
      0.8143166094149631
      0.8104633250690533
      0.8066601943250884
      0.8029085126599691
      0.7992095499060485
      0.7955645498633527
      0.7919747299349185
      0.7884412807846815
      0.7849653660179371
      0.7815481218837768
      0.7781906569993328
      0.7748940520953349
      0.7716593597824992
       0.768487604338521
      0.7653797815148354
      0.7623368583630294
      0.7593597730801162
      0.7564494348722012
      0.7536067238359959
      0.7508324908576519
        0.74812755752824
      0.7454927160753316
      0.7429287293100331
       0.740436330588949
      0.7380162237904418
      0.7356690833044582
      0.7333955540354251
      0.7311962514176406
      0.7290717614424254
      0.7270226406964686
      0.7250494164109175
      0.7231525865203559
      0.7213326197313565
      0.7195899555998896
      0.7179250046171087
      0.7163381483029432
       0.714829739306971
      0.7134001015161111
      0.7120495301686557
      0.7107782919740582
      0.7095866252382226
      0.7084747399937618
       0.707442818134742
      0.7064910135557417
      0.7056194522946868
      0.7048282326791536
      0.7041174254759888
      0.7034870740436756
      0.7029371944874168
      0.7024677758166407
      0.7020787801046152
       0.701770142650074
      0.7015417721406584
      0.7013935508180184
      0.7013253346444095
      0.7013369534706885
      0.7014282112057977
