                       0
   4.996626666666845e-05
   0.0001997269431939939
   0.0004490676792290174
   0.0007977646046333602
     0.00124558437060181
    0.001792284191241363
    0.002437611885307558
    0.003181305917717705
    0.004023095440368894
    0.004962700331728897
    0.005999831234577233
    0.007134189591210312
    0.008365467675361437
    0.009693348620014529
     0.01111750644023007
     0.01263760605006349
     0.01425330327258298
     0.01596424484194863
     0.01777006839649413
     0.01967040246166363
     0.02166486642167136
     0.02375307047869184
      0.0259346155983218
     0.02820909344011017
     0.03057608627182855
     0.03303516686620147
     0.03558589837877896
     0.03822783420556389
     0.04096051781911905
     0.04378348258168738
     0.04669625153403295
     0.04969833715860266
     0.05278924111561444
     0.05596845395074721
     0.05923545477307365
     0.06258971090186723
     0.06603067748108542
     0.06955779706009756
     0.07317049913954825
     0.07686819968118178
     0.08065030058029292
     0.08451618910002082
     0.08846523726620109
     0.09249680122192917
     0.09661022054099892
      0.1008048174994274
      0.1050798963042381
       0.109434742279136
      0.1138686210064227
      0.1183807774248652
      0.1229704348832866
      0.1276367941497449
      0.1323790323764359
      0.1371963020205784
      0.1420877297214361
      0.1470524151344208
      0.1520894297227993
      0.1571978155081302
      0.1623765837806277
      0.1676247137709297
      0.1729411512849262
      0.1783248073038821
      0.1837745565518634
      0.1892892360332346
      0.1948676435430831
         0.2005085361537
      0.2062106286808849
      0.2119725921338891
      0.2177930521531228
      0.2236705874405748
      0.2296037281877177
      0.2355909545063765
      0.2416306948683985
      0.2477213245602853
      0.2538611641592684
      0.2600484780379836
      0.2662814729046512
      0.2725582963873019
      0.2788770356690505
      0.2852357161839044
      0.2916323003810756
      0.2980646865673083
      0.3045307078366564
      0.3110281310968844
       0.317554656202997
      0.3241079152072192
       0.330685471736593
      0.3372848205074849
      0.3439033869877589
      0.3505385272172594
      0.3571875277962795
      0.3638476060523982
      0.3705159103953982
      0.3771895208701392
       0.383865449915832
       0.390540643341556
      0.3972119815247597
      0.4038762808414271
      0.4105302953340634
      0.4171707186236713
      0.4237941860705801
      0.4303972771882912
      0.4369765183133061
      0.4435283855328505
      0.4500493078708551
      0.4565356707318676
      0.4629838196005623
      0.4693900639936203
      0.4757506816592353
      0.4820619230176499
      0.4883200158356772
      0.4945211701247091
      0.5006615832532801
      0.5067374452604949
      0.5127449443571742
      0.5186802726005353
      0.5245396317251803
      0.5303192391131578
      0.5360153338842043
       0.541624183087101
      0.5471420879700899
      0.5525653903091416
       0.557890478772219
      0.5631137952947585
      0.5682318414441706
      0.5732411847481684
      0.5781384649626907
      0.5829204002553069
      0.5875837932788005
      0.5921255371104964
      0.5965426210342195
      0.6008321361395318
      0.6049912807165216
       0.609017365422702
      0.6129078182010658
      0.6166601889282491
      0.6202721537734922
      0.6237415192501417
      0.6270662259427857
      0.6302443518942678
      0.6332741156396166
      0.6361538788737718
      0.6388821487434421
      0.6414575797539954
      0.6438789752857711
      0.6461452887145083
      0.6482556241336008
      0.6502092366784706
      0.6520055324539208
      0.6536440680695277
      0.6551245497879427
      0.6564468322951732
      0.6576109171031941
      0.6586169505967711
      0.6594652217386454
      0.6601561594495734
      0.6606903296802614
       0.661068432195505
      0.6612912970899913
       0.661359881058569
       0.661275263443439
      0.6610386420824524
      0.6606513289820992
      0.6601147458410055
      0.6594304194482622
       0.658599976981309
      0.6576251412289944
      0.6565077257625381
      0.6552496300797406
      0.6538528347434137
      0.6523193965365719
      0.6506514436546104
      0.6488511709535963
      0.6469208352719917
      0.6448627508418767
      0.6426792848046151
      0.6403728528426732
      0.6379459149393459
      0.6354009712754255
      0.6327405582699808
      0.6299672447717563
       0.627083628404556
      0.6240923320696439
       0.620996000607333
      0.6177972976154862
      0.6144989024255348
      0.6111035072329369
       0.607613814377524
      0.6040325337709155
      0.6003623804647362
      0.5966060723545484
      0.5927663280128899
      0.5888458646450927
      0.5848473961608863
      0.5807736313554844
       0.576627272191626
      0.5724110121781584
      0.5681275348358759
      0.5637795122457355
      0.5593696036731074
      0.5549004542611017
      0.5503746937887258
      0.5457949354882863
         0.5411637749174
      0.5364837888811884
       0.531757534401841
      0.5269875477312163
      0.5221763434045097
      0.5173264133321435
      0.5124402259286932
      0.5075202252763653
      0.5025688303223572
      0.4975884341100923
      0.4925814030426676
      0.4875500761786845
      0.4824967645613906
      0.4774237505801359
      0.4723332873654817
      0.4672275982179638
      0.4621088760724663
      0.4569792829968461
      0.4518409497274778
      0.4466959752420887
      0.4415464263699856
      0.4363943374417276
      0.4312417099772087
       0.426090512414839
      0.4209426798806096
      0.4158001139984337
      0.4106646827417257
       0.405538220326482
      0.4004225271457422
      0.3953193697454654
      0.3902304808413892
      0.3851575593764558
      0.3801022706181822
      0.3750662462952968
      0.3700510847726015
      0.3650583512630943
      0.3600895780760092
      0.3551462648996788
      0.3502298791172009
       0.345341856154126
      0.3404835998554717
      0.3356564828910432
      0.3308618471866562
      0.3261010043792607
      0.3213752362940681
      0.3166857954413296
      0.3120339055305897
      0.3074207620001045
      0.3028475325590196
      0.2983153577401996
      0.2938253514610744
      0.2893786015905192
      0.2849761705188765
      0.2806190957294689
      0.2763083903687343
       0.272045043813035
      0.2678300222301878
      0.2636642691330034
      0.2595487059235121
      0.2554842324252948
       0.251471727402643
      0.2475120490643706
      0.2436060355508884
      0.2397545054028297
      0.2359582580101634
      0.2322180740401186
      0.2285347158429266
      0.2249089278344222
      0.2213414368545398
      0.2178329525011112
       0.214384167437811
        0.21099575767634
      0.2076683828323048
      0.2044026863542305
       0.201199295726015
      0.1980588226425135
      0.1949818631584214
      0.1919689978108439
      0.1890207917156811
      0.1861377946383781
      0.1833205410395272
      0.1805695500960292
      0.1778853256983817
      0.1752683564250984
      0.1727191154949586
      0.1702380606981476
      0.1678256343072901
      0.1654822629693286
      0.1632083575795001
      0.1610043131386274
       0.158870508594663
      0.1568073066699454
      0.1548150536753659
      0.1528940793127036
      0.1510446964663655
      0.1492672009858421
      0.1475618714602904
      0.1459289689862079
      0.1443687369298736
      0.1428814006854507
      0.1414671674302926
      0.1401262258783461
      0.1388587460330303
      0.1376648789408556
      0.1365447564466608
       0.135498490951635
      0.1345261751752833
      0.1336278819222349
      0.1328036638549377
      0.1320535532731677
      0.1313775619012434
      0.1307756806837003
      0.1302478795904411
       0.129794107431937
      0.1294142916853437
      0.1291083383321309
      0.1288761317079552
      0.1287175343651371
      0.1286323869486949
      0.1286205080860784
      0.1286816942912789
      0.1288157198836709
      0.1290223369220078
      0.1293012751538198
      0.1296522419807605
      0.1300749224397952
      0.1305689792008579
      0.1311340525808824
      0.1317697605743695
      0.1324756989008783
      0.1332514410690819
       0.134096538457778
      0.1350105204136227
      0.1359928943656853
      0.1370431459566001
      0.1381607391903198
      0.1393451165961712
      0.1405956994090451
      0.1419118877655853
      0.1432930609158242
      0.1447385774500889
      0.1462477755408685
      0.1478199731988773
      0.1494544685430745
      0.1511505400841725
      0.1529074470205785
      0.1547244295466576
      0.1566007091720688
      0.1585354890518738
      0.1605279543260947
       0.162577272468088
      0.1646825936406981
      0.1668430510590473
      0.1690577613589433
      0.1713258249696166
      0.1736463264896183
      0.1760183350645656
      0.1784409047652736
      0.1809130749650993
      0.1834338707148019
      0.1860023031136393
       0.188617369675046
      0.1912780546855557
      0.1939833295553501
      0.1967321531590441
       0.199523472165343
       0.202356221353914
      0.2052293239185449
      0.2081416917551224
      0.2110922257334754
      0.2140798159521819
      0.2171033419752754
      0.2201616730508367
      0.2232536683103531
      0.2263781769494503
      0.2295340383895912
      0.2327200824212028
      0.2359351293295495
      0.2391779900031936
        0.24244746602772
      0.2457423497654494
      0.2490614244237769
      0.2524034641142291
      0.2557672339055325
      0.2591514898731186
      0.2625549791494243
      0.2659764399783243
      0.2694146017782318
      0.2728681852181571
      0.2763359023115671
      0.2798164565335484
      0.2833085429655379
      0.2868108484741311
      0.2903220519283747
      0.2938408244619602
      0.2973658297852046
      0.3008957245519443
      0.3044291587876436
       0.307964776382094
      0.3115012156523342
       0.315037109979712
      0.3185710885244806
      0.3221017770212197
      0.3256277986573295
       0.329147775036709
      0.3326603272289677
      0.3361640769044656
       0.339657647554588
      0.3431396657949067
      0.3466087627489365
      0.3500635755083825
      0.3535027486649542
      0.3569249359081682
      0.3603288016820008
      0.3637130228923231
      0.3670762906562841
      0.3704173120837256
      0.3737348120799533
      0.3770275351578982
      0.3802942472475189
      0.3835337374894277
      0.3867448199988235
      0.3899263355860977
      0.3930771534191883
      0.3961961726134108
      0.3992823237340284
      0.4023345701965474
      0.4053519095513479
      0.4083333746370357
      0.4112780345901095
      0.4141849956984726
      0.4170534020854658
      0.4198824362144211
      0.4226713192036485
      0.4254193109432701
      0.4281257100066808
      0.4307898533507567
      0.4334111158022804
      0.4359889093265292
      0.4385226820787704
      0.4410119172406762
      0.4434561316450494
      0.4458548741942047
       0.448207724080447
      0.4505142888183183
      0.4527742021004139
      0.4549871214910967
      0.4571527259734861
      0.4592707133683021
      0.4613407976426311
      0.4633627061315142
      0.4653361766930835
        0.46726095482227
      0.4691367907476127
      0.4709634365366765
      0.4727406432363987
      0.4744681580762822
      0.4761457217595947
      0.4777730658710094
      0.4793499104264229
      0.4808759615915337
      0.4823509095932642
      0.4837744268484285
      0.4851461663332515
      0.4864657602123164
      0.4877328187478182
      0.4889469295054212
      0.4901076568709135
      0.4912145418898946
      0.4922671024402532
      0.4932648337432081
      0.4942072092166287
      0.4950936816715537
      0.4959236848481862
      0.4966966352872317
       0.497411934524906
      0.4980689716019647
      0.4986671258703489
       0.499205770078448
      0.4996842737152449
      0.5001020065879279
      0.5004583426077723
      0.5007526637547168
      0.5009843641902119
      0.5011528544856955
      0.5012575659322869
      0.5012979548970621
      0.5012735071897932
      0.5011837424029689
      0.5010282181900957
      0.5008065344440409
      0.5005183373418216
      0.5001633232197275
      0.4997412422471469
      0.4992519018660792
      0.4986951699686524
      0.4980709777845963
