                       0
   4.996626666666662e-05
    0.000199726943194374
   0.0004490676792399633
    0.000797764604743426
    0.001245584371258943
    0.001792284194068444
     0.00243761189501214
    0.003181305945953693
    0.004023095512782234
    0.004962700499837451
    0.005999831594629773
    0.007134190312713965
      0.0083654690425606
    0.009693351090257993
     0.01111751072386545
     0.01263761321722742
     0.01425331489304761
     0.01596426316501256
     0.01777009657874466
       0.019670444851356
     0.02166492890936521
     0.02375316092473332
     0.02593474434876608
     0.02820927394362409
     0.03057633581117582
     0.03303550741892379
     0.03558635762272924
     0.03822844668605692
      0.0409613262954594
     0.04378453957201502
     0.04669762107843858
      0.0497000968215757
     0.05279148424999788
      0.0559712922464132
     0.05923902111461064
     0.06259416256065664
     0.06603619966806887
     0.06956460686669229
     0.07317884989500539
     0.07687838575559727
     0.08066266266355156
     0.08453111998748451
     0.08848318818299403
     0.09251828871827519
     0.09663583399167471
      0.1008352272409644
      0.1051158624441152
      0.1094771242113821
      0.1139183876684948
      0.1184390183307978
      0.1230383719681583
      0.1277157944605038
      0.1324706216438584
      0.1373021791467468
       0.142209782216878
      0.1471927355380219
      0.1522503330370022
      0.1573818576807736
      0.1625865812635334
      0.1678637641838806
      0.1732126552120126
       0.178632491246998
      0.1841224970641852
      0.1896818850528112
      0.1953098549439175
      0.2010055935286928
      0.2067682743673983
      0.2125970574890472
      0.2184910890820471
      0.2244495011760388
      0.2304714113151968
       0.236555922223289
      0.2427021214608181
      0.2489090810746134
      0.2551758572402607
      0.2615014898978029
      0.2678850023811778
      0.2743254010418853
      0.2808216748674265
      0.2873727950950826
      0.2939777148216504
      0.3006353686097709
      0.3073446720915515
      0.3141045215701984
      0.3209137936204263
      0.3277713446884649
      0.3346760106924927
      0.3416266066244066
      0.3486219261538455
      0.3556607412354623
      0.3627418017204401
      0.3698638349733507
      0.3770255454954143
      0.3842256145553631
      0.3914626998290431
      0.3987354350490302
      0.4060424296655161
      0.4133822685197591
      0.4207535115314735
      0.4281546934015316
      0.4355843233313968
      0.4430408847607426
      0.4505228351247508
      0.4580286056325928
      0.4655566010686524
      0.4731051996180465
      0.4806727527180515
       0.488257584937044
      0.4958579938826003
      0.5034722501403847
      0.5110985972455101
      0.5187352516880332
      0.5263804029542696
      0.5340322136055693
      0.5416888193962639
      0.5493483294324275
      0.5570088263730689
      0.5646683666754159
      0.5723249808858527
      0.5799766739780782
      0.5876214257400029
      0.5952571912108416
      0.6028819011698244
      0.6104934626778913
      0.6180897596736055
      0.6256686536245608
      0.6332279842353543
      0.6407655702131881
      0.6482792100920243
      0.6557666831161251
      0.6632257501837241
      0.6706541548513667
      0.6780496243994536
      0.6854098709592605
      0.6927325927016749
      0.7000154750876129
      0.7072561921800655
      0.7144524080173942
      0.7216017780474633
      0.7287019506219332
      0.7357505685498439
      0.7427452707094816
      0.7496836937172783
      0.7565634736522868
      0.7633822478346018
      0.7701376566558282
      0.7768273454595775
      0.7834489664696511
      0.7900001807634086
      0.7964786602876651
      0.8028820899140774
      0.8092081695309857
      0.8154546161682695
      0.8216191661517116
      0.8276995772830599
      0.8336936310419045
      0.8395991348051347
      0.8454139240797123
      0.8511358647442534
      0.8567628552947386
      0.8622928290895558
      0.8677237565889243
      0.8730536475836516
      0.8782805534080058
       0.883402569131467
      0.8884178357240041
      0.8933245421894646
      0.8981209276616635
      0.9028052834576924
      0.9073759550830314
      0.9118313441829815
      0.9161699104351144
      0.9203901733773512
      0.9244907141665057
      0.9284701772621493
      0.9323272720308484
      0.9360607742659105
      0.9396695276180763
      0.9431524449326284
      0.9465085094887733
       0.949736776137253
        0.95283637233258
      0.9558064990563064
      0.9586464316283534
      0.9613555204034694
      0.9639331913504381
      0.9663789465118238
      0.9686923643425291
      0.9708730999258022
      0.9729208850655884
      0.9748355282547436
      0.9766169145187911
      0.9782650051354862
      0.9797798372306918
      0.9811615232516724
      0.9824102503191494
      0.9835262794598885
      0.9845099447221122
      0.9853616521761941
      0.9860818788037407
      0.9866711712781908
      0.9871301446407788
      0.9874594808757233
      0.9876599273890545
      0.9877322953956333
      0.9876774582192889
      0.9874963495111846
      0.9871899613918451
      0.9867593425224346
      0.9862055961110114
      0.9855298778597374
      0.9847333938591667
      0.9838173984357239
      0.9827831919586574
      0.9816321186128028
      0.9803655641434963
      0.9789849535799686
      0.9774917489435175
      0.9758874469467365
       0.974173576690013
      0.9723516973612314
       0.970423395944783
      0.9683902849455637
        0.96625400013359
      0.9640161983146762
      0.9616785551323219
      0.9592427629058802
      0.9567105285096023
      0.9540835712971671
      0.9513636210757734
      0.9485524161337806
      0.9456517013254897
      0.9426632262164398
      0.9395887432921046
      0.9364300062328932
      0.9331887682576567
      0.9298667805378995
      0.9264657906844422
      0.9229875413079494
      0.9194337686545249
      0.9158062013171795
      0.9121065590237363
      0.9083365515014814
      0.9044978774184318
      0.9005922234010462
      0.8966212631277999
      0.8925866564977935
      0.8884900488734572
      0.8843330703960619
      0.8801173353725777
      0.8758444417323189
      0.8715159705514808
       0.867133485643692
      0.8626985332144004
      0.8582126415768699
      0.8536773209274422
      0.8490940631775938
      0.8444643418402435
      0.8397896119676883
      0.8350713101384741
      0.8303108544905253
      0.8255096447977313
      0.8206690625872163
      0.8157904712945585
      0.8108752164541413
      0.8059246259218882
      0.8009400101276608
       0.795922662354609
      0.7908738590428548
      0.7857948601148785
       0.780686909320114
      0.7755512345962667
      0.7703890484449942
      0.7652015483196264
      0.7599899170227136
       0.754755323111259
      0.7494989213076727
      0.7442218529143901
      0.7389252462304151
      0.7336102169680048
      0.7282778686678627
      0.7229292931112787
      0.7175655707278229
      0.7121877709972112
      0.7067969528441264
      0.7013941650248623
      0.6959804465047452
      0.6905568268253722
      0.6851243264608586
      0.6796839571623002
      0.6742367222897885
      0.6687836171314346
      0.6633256292088676
      0.6578637385687918
      0.6523989180602972
      0.6469321335976035
      0.6414643444081058
      0.6359965032655195
      0.6305295567080977
      0.6250644452418871
      0.6196021035290885
      0.6141434605615499
      0.6086894398196058
      0.6032409594163638
      0.5977989322277203
      0.5923642660082898
       0.586937863493612
      0.5815206224888692
      0.5761134359445014
      0.5707171920190849
      0.5653327741298373
      0.5599610609911483
      0.5546029266415837
      0.5492592404597539
      0.5439308671695284
      0.5386186668349804
      0.5333234948456058
      0.5280462018921771
      0.5227876339337368
      0.5175486321561987
      0.5123300329229817
      0.5071326677181185
      0.5019573630823322
      0.4968049405424639
      0.4916762165347025
      0.4865720023220703
      0.4814931039065115
      0.4764403219360498
      0.4714144516073839
      0.4664162825642808
      0.4614465987921966
      0.4565061785094221
      0.4515957940551341
      0.4467162117746988
      0.4418681919025235
      0.4370524884427725
      0.4322698490482676
       0.427521014897834
      0.4228067205723679
       0.418127693929892
      0.4134846559798311
      0.4088783207567531
      0.4043093951937885
      0.3997785789959269
      0.3952865645133977
      0.3908340366153064
      0.3864216725637117
      0.3820501418882868
      0.3777201062617181
      0.3734322193759961
      0.3691871268196996
      0.3649854659564182
       0.360827865804421
      0.3567149469176475
      0.3526473212681553
      0.3486255921300762
      0.3446503539651752
      0.3407221923100896
        0.33684168366529
      0.3330093953858341
      0.3292258855739759
      0.3254917029736372
      0.3218073868668206
      0.3181734669719787
      0.3145904633443533
      0.3110588862783324
      0.3075792362118303
      0.3041520036327082
      0.3007776689872398
      0.2974567025906475
      0.2941895645396833
      0.2909767046272885
      0.2878185622593192
      0.2847155663733192
      0.2816681353593602
      0.2786766769829224
       0.275741588309828
      0.2728632556331834
      0.2700420544023569
      0.2672783491539417
      0.2645724934447176
      0.2619248297865687
      0.2593356895833617
      0.2568053930697465
      0.2543342492518707
      0.2519225558499824
       0.249570599242891
      0.2472786544142808
      0.2450469849008324
      0.2428758427421573
      0.2407654684324812
      0.2387160908741012
      0.2367279273325432
      0.2348011833934417
      0.2329360529210813
      0.2311327180186019
      0.2293913489898332
      0.2277121043027291
       0.226095130554397
      0.2245405624376824
      0.2230485227092965
      0.2216191221594507
      0.2202524595829953
      0.2189486217520244
      0.2177076833899369
      0.2165297071469126
      0.2154147435768082
      0.2143628311154382
      0.2133739960602226
      0.2124482525511838
      0.2115856025532747
      0.2107860358400364
      0.2100495299785361
      0.2093760503156062
      0.2087655499653547
      0.2082179697979455
      0.2077332384296216
      0.2073112722139836
      0.2069519752344969
      0.2066552392982468
      0.2064209439309176
      0.2062489563729981
      0.2061391315772134
      0.2060913122072044
      0.2061053286374179
       0.206180998954257
      0.2063181289584723
      0.2065165121688191
      0.2067759298269801
      0.2070961509037936
      0.2074769321067774
      0.2079180178890008
      0.2084191404593068
      0.2089800197939334
      0.2096003636495513
       0.210279867577768
      0.2110182149411374
      0.2118150769307056
      0.2126701125851703
      0.2135829688116775
      0.2145532804083323
      0.2155806700884769
      0.2166647485068075
      0.2178051142873996
      0.2190013540537012
      0.2202530424606057
       0.221559742228661
      0.2229210041805076
      0.2243363672796643
       0.225805358671723
      0.2273274937280907
      0.2289022760923621
      0.2305291977294677
      0.2322077389776834
      0.2339373686036573
      0.2357175438605681
      0.2375477105495521
       0.239427303084547
      0.2413557445606923
      0.2433324468264441
       0.245356810559553
      0.2474282253470632
      0.2495460697695052
      0.2517097114894458
      0.2539185073445658
      0.2561718034454393
       0.258468935278197
      0.2608092278122608
       0.263191995613306
       0.265616542961684
      0.2680821639764442
      0.2705881427451933
      0.2731337534599438
       0.275718260559169
      0.2783409188762481
      0.2810009737945107
      0.2836976614090486
      0.2864302086955028
       0.289197833686023
      0.2919997456525618
      0.2948351452977221
      0.2977032249533082
      0.3006031687867641
      0.3035341530156896
        0.30649534613056
      0.3094859091258351
      0.3125049957395957
      0.3155517527018514
      0.3186253199916292
      0.3217248311029977
      0.3248494133201033
      0.3279981880013215
      0.3311702708726268
      0.3343647723302173
      0.3375807977524714
       0.340817447821265
      0.3440738188526752
      0.3473490031370723
      0.3506420892885794
       0.353952162603878
      0.3572783054302877
      0.3606195975430504
      0.3639751165317312
      0.3673439381955766
      0.3707251369477265
       0.374117786228071
      0.3775209589245739
      0.3809337278028226
      0.3843551659435617
      0.3877843471879439
      0.3912203465901478
       0.394662240877074
      0.3981091089147313
      0.4015600321809296
      0.4050140952438385
      0.4084703862460108
      0.4119279973933165
      0.4153860254483577
       0.418843572227786
      0.4222997451029455
      0.4257536575032982
      0.4292044294219499
      0.4326511879226921
      0.4360930676478204
      0.4395292113260862
      0.4429587702800096
      0.4463809049318439
       0.449794785307387
      0.4531995915368504
          0.456594514352
      0.4599787555787211
      0.4633515286241178
      0.4667120589573726
      0.4700595845834061
      0.4733933565084915
       0.476712639196936
       0.480016711017892
      0.4833048646814189
       0.486576407662882
      0.4898306626147686
      0.4930669677650326
        0.49628467730102
      0.4994831617381368
      0.5026618082723228
      0.5058200211154746
      0.5089572218129602
      0.5120728495423497
      0.5151663613925862
      0.5182372326227122
      0.5212849568994634
       0.524309046512914
      0.5273090325694707
      0.5302844651615118
      0.5332349135130404
      0.5361599661007245
      0.5390592307497448
      0.5419323347038947
      0.5447789246694985
      0.5475986668326417
      0.5503912468493537
      0.5531563698083909
      0.5558937601663159
      0.5586031616546614
      0.5612843371589388
      0.5639370685694243
      0.5665611566036208
      0.5691564206003544
      0.5717226982856261
       0.574259845510253
      0.5767677359595133
      0.5792462608350207
      0.5816953285091334
      0.5841148641522546
      0.5865048093334451
      0.5888651215948751
      0.5911957740006415
      0.5934967546606154
      0.5957680662299832
      0.5980097253852633
      0.6002217622776069
      0.6024042199642882
      0.6045571538193173
      0.6066806309242078
       0.608774729439968
      0.6108395379614596
      0.6128751548552879
       0.614881687582527
      0.6168592520075267
      0.6188079716942168
      0.6207279771912966
      0.6226194053077595
       0.624482398380275
      0.6263171035339845
      0.6281236719383136
      0.6299022580594054
      0.6316530189108698
      0.6333761133045396
      0.6350717011029703
      0.6367399424754139
      0.6383809971590322
      0.6399950237271878
      0.6415821788665127
      0.6431426166646301
      0.6446764879102684
      0.6461839394075877
      0.6476651133064429
      0.6491201464503914
      0.6505491697441459
      0.6519523075421456
      0.6533296770599551
      0.6546813878100807
       0.656007541063769
      0.6573082293403225
      0.6585835359253801
      0.6598335344195484
      0.6610582883187224
      0.6622578506272976
      0.6634322635054609
      0.6645815579516267
      0.6657057535209753
      0.6668048580809831
      0.6678788676046954
      0.6689277660024239
      0.6699515249923882
      0.6709501040107689
      0.6719234501614534
      0.6728714982056883
      0.6737941705916899
      0.6746913775241615
      0.6755630170735456
      0.6764089753246938
      0.6772291265645418
      0.6780233335082024
      0.6787914475628465
      0.6795333091285267
      0.6802487479350824
       0.680937583414049
      0.6815996251044768
      0.6822346730913954
      0.6828425184755856
      0.6834229438731969
      0.6839757239437185
      0.6845006259446454
      0.6849974103111657
       0.685465831259084
       0.685905637409163
      0.6863165724309788
      0.6866983757043557
      0.6870507829964022
      0.6873735271520965
      0.6876663387964386
      0.6879289470460535
      0.6881610802282252
      0.6883624666052279
      0.6885328351019963
      0.6886719160349751
      0.6887794418401932
      0.6888551477985722
      0.6888987727564657
       0.688910059839573
      0.6888887571583164
      0.6888346185029174
      0.6887474040263781
      0.6886268809137451
      0.6884728240360131
      0.6882850165871273
      0.6880632507026804
      0.6878073280588818
       0.687517060450559
      0.6871922703469856
      0.6868327914244388
        0.68643846907449
      0.6860091608871074
      0.6855447371077835
      0.6850450810679596
      0.6845100895881331
      0.6839396733531361
      0.6833337572591524
      0.6826922807321893
      0.6820151980176882
      0.6813024784412361
      0.6805541066402305
      0.6797700827666031
      0.6789504226606852
      0.6780951579964093
      0.6772043363981488
      0.6762780215295218
      0.6753162931545936
      0.6743192471719585
      0.6732869956222622
      0.6722196666697712
      0.6711174045586423
      0.6699803695446516
      0.6688087378031096
      0.6676027013138195
       0.666362467723869
      0.6650882601892257
      0.6637803171959931
        0.66243889236231
      0.6610642542218531
      0.6596566859899423
      0.6582164853132613
      0.6567439640041749
      0.6552394477607407
      0.6537032758733692
      0.6521358009192146
       0.650537388445295
      0.6489084166413868
       0.647249276003674
      0.6455603689901948
      0.6438421096690082
      0.6420949233601344
      0.6403192462721269
      0.6385155251342791
       0.636684216825315
      0.6348257879994728
      0.6329407147108315
       0.631029482036677
      0.6290925837007277
      0.6271305216969516
      0.6251438059147224
      0.6231329537659979
      0.6210984898151352
      0.6190409454120409
      0.6169608583291303
      0.6148587724027282
      0.6127352371793614
      0.6105908075674018
      0.6084260434945171
      0.6062415095713063
      0.6040377747614221
      0.6018154120585784
      0.5995749981706258
       0.597317113210995
       0.595042340397692
      0.5927512657600171
      0.5904444778531344
      0.5881225674805848
      0.5857861274248667
      0.5834357521860504
      0.5810720377284933
      0.5786955812356097
      0.5763069808726455
      0.5739068355574131
       0.571495744738857
      0.5690743081833486
      0.5666431257685459
      0.5642027972846742
      0.5617539222430089
      0.5592970996914163
      0.5568329280366662
       0.554362004873322
      0.5518849268189372
      0.5494022893553459
       0.546914686675688
      0.5444227115370127
      0.5419269551180611
      0.5394280068820015
      0.5369264544438183
      0.5344228834420334
      0.5319178774144586
      0.5294120176777199
      0.5269058832101927
      0.5244000505380676
      0.5218950936242811
      0.5193915837599516
       0.516890089458079
      0.5143911763491911
      0.5118954070786573
      0.5094033412054176
      0.5069155351018152
      0.5044325418543091
      0.5019549111647977
      0.4994831892523374
      0.4970179187549692
       0.494559638631515
      0.4921088840630737
      0.4896661863540561
      0.4872320728325547
      0.4848070667499065
      0.4823916871792753
      0.4799864489131112
      0.4775918623593616
      0.4752084334363234
      0.4728366634660158
      0.4704770490660063
      0.4681300820395954
      0.4657962492643001
      0.4634760325785877
      0.4611699086668239
      0.4588783489424062
      0.4566018194290723
      0.4543407806403914
      0.4520956874574498
      0.4498669890047441
      0.4476551285243577
      0.4454605432484439
      0.4432836642700851
      0.4411249164126174
      0.4389847180975075
      0.4368634812108716
      0.4347616109687516
      0.4326795057812761
      0.4306175571158219
      0.4285761493593372
        0.42655565967994
       0.424556457887984
      0.4225789062967312
      0.4206233595828001
       0.418690164646596
      0.4167796604728678
      0.4148921779916234
      0.4130280399395557
      0.4111875607222317
      0.4093710462772217
      0.4075787939383914
      0.4058110923015756
      0.4040682210918711
      0.4023504510327556
      0.4006580437172877
       0.398991251481605
      0.3973503172809708
      0.3957354745686102
      0.3941469471775685
      0.3925849492058474
      0.3910496849050525
      0.3895413485728069
      0.3880601244491796
      0.3866061866173485
      0.3851796989087735
       0.383780814813113
      0.3824096773931161
      0.3810664192047402
      0.3797511622227529
      0.3784640177720134
      0.3772050864647289
      0.3759744581438743
      0.3747722118330267
      0.3735984156928587
      0.3724531269845029
      0.3713363920400123
        0.37024824624015
       0.369188713999712
      0.3681578087606168
       0.367155532992929
      0.3661818782040675
      0.3652368249563533
      0.3643203428931077
      0.3634323907734723
      0.3625729165161323
      0.3617418572520943
      0.3609391393867166
      0.3601646786710802
      0.3594183802829219
      0.3587001389171846
      0.3580098388863821
      0.3573473542308455
      0.3567125488389822
      0.3561052765776495
      0.3555253814327115
      0.3549726976598753
      0.3544470499458541
      0.3539482535799346
      0.3534761146359476
      0.3530304301647181
      0.3526109883969634
      0.3522175689566561
      0.3518499430848316
      0.3515078738738036
      0.3511911165117311
       0.350899418537476
      0.3506325201056622
      0.3503901542618333
      0.3501720472275962
      0.3499779186955997
      0.3498074821342093
      0.3496604451016831
      0.3495365095696765
      0.3494353722558494
      0.3493567249653498
      0.3493002549409238
      0.3492656452213699
      0.3492525750080567
      0.3492607200391822
       0.349289752971434
      0.3493393437686934
      0.3494091600974114
      0.3494988677282224
      0.3496081309434105
      0.3497366129497346
      0.3498839762961661
      0.3500498832960312
      0.3502339964530541
      0.3504359788907436
       0.350655494784578
      0.3508922097964057
      0.3511457915104593
      0.3514159098703942
      0.3517022376166456
      0.3520044507235504
       0.352322228835483
      0.3526552557013554
        0.35300321960679
      0.3533658138032099
      0.3537427369331502
      0.3541336934510537
      0.3545383940387399
      0.3549565560148523
      0.3553879037374563
      0.3558321689989982
      0.3562890914128896
      0.3567584187908504
      0.3572399075102459
      0.3577333228706284
      0.3582384394386586
      0.3587550413806176
      0.3592829227817324
      0.3598218879515292
      0.3603717517144316
      0.3609323396848682
      0.3615034885261039
      0.3620850461921217
      0.3626768721517832
      0.3632788375946325
      0.3638908256176002
       0.364512731392046
      0.3651444623104284
      0.3657859381120602
      0.3664370909873599
      0.3670978656600317
        0.36776821944673
      0.3684481222936768
      0.3691375567898134
      0.3698365181561243
      0.3705450142107525
        0.37126306530959
      0.3719907042621307
      0.3727279762223364
      0.3734749385543805
      0.3742316606731643
       0.374998223859549
      0.3757747210502989
      0.3765612566028445
      0.3773579460349124
      0.3781649157392336
      0.3789823026735679
      0.3798102540263029
       0.380648926857993
      0.3814984877192038
      0.3823591122451713
      0.3832309847277362
      0.3841142976651601
      0.3850092512904412
      0.3859160530788365
      0.3868349172353286
      0.3877660641628404
      0.3887097199120848
      0.3896661156139799
       0.390635486895595
      0.3916180732806956
      0.3926141175759605
      0.3936238652440412
      0.3946475637646523
      0.3956854619849125
      0.3967378094602351
      0.3978048557871054
      0.3988868499290655
      0.3999840395372901
      0.4010966702671872
      0.4022249850924269
      0.4033692236178721
      0.4045296213928476
      0.4057064092262427
       0.406899812504972
      0.4081100505172235
      0.4093373357820659
      0.4105818733868704
      0.4118438603341005
       0.413123484898946
      0.4144209259992649
      0.4157363525793691
       0.417069923009044
      0.4184217844992508
       0.419792072535897
      0.4211809103330119
      0.4225884083066073
      0.4240146635704519
      0.4254597594549614
      0.4269237650502284
      0.4284067347742656
      0.4299087079673701
      0.4314297085134865
      0.4329697444892928
      0.4345288078417766
      0.4361068740948201
      0.4377039020853964
      0.4393198337298035
      0.4409545938203105
      0.4426080898525599
      0.4442802118839763
