0 0 0 
1 9.99325e-05 2.06015e-05 
2 0.000399454 8.25481e-05 
3 0.000898135 0.000186136 
4 0.00159553 0.000331628 
5 0.00249117 0.000519257 
6 0.00358457 0.000749221 
7 0.00487522 0.00102169 
8 0.00636261 0.00133679 
9 0.00804619 0.00169463 
10 0.0099254 0.00209529 
11 0.0119997 0.0025388 
12 0.0142684 0.00302517 
13 0.0167309 0.00355438 
14 0.0193867 0.00412639 
15 0.022235 0.00474111 
16 0.0252752 0.00539844 
17 0.0285066 0.00609825 
18 0.0319285 0.00684037 
19 0.0355402 0.00762463 
20 0.0393409 0.00845081 
21 0.0433298 0.00931868 
22 0.0475063 0.010228 
23 0.0518694 0.0111784 
24 0.0564184 0.0121698 
25 0.0611525 0.0132016 
26 0.0660708 0.0142737 
27 0.0711724 0.0153856 
28 0.0764565 0.016537 
29 0.0819221 0.0177275 
30 0.0875684 0.0189567 
31 0.0933943 0.0202242 
32 0.099399 0.0215295 
33 0.105581 0.0228723 
34 0.111941 0.024252 
35 0.118476 0.0256683 
36 0.125185 0.0271206 
37 0.132069 0.0286086 
38 0.139125 0.0301316 
39 0.146352 0.0316892 
40 0.15375 0.033281 
41 0.161317 0.0349064 
42 0.169052 0.0365649 
43 0.176954 0.038256 
44 0.185022 0.0399793 
45 0.193254 0.0417341 
46 0.201649 0.04352 
47 0.210207 0.0453364 
48 0.218925 0.0471828 
49 0.227802 0.0490587 
50 0.236837 0.0509635 
51 0.246029 0.0528967 
52 0.255376 0.0548578 
53 0.264877 0.0568461 
54 0.27453 0.0588612 
55 0.284334 0.0609024 
56 0.294287 0.0629692 
57 0.304387 0.065061 
58 0.314634 0.0671772 
59 0.325024 0.0693172 
60 0.335558 0.0714804 
61 0.346233 0.0736661 
62 0.357046 0.0758739 
63 0.367997 0.0781028 
64 0.379084 0.0803525 
65 0.390304 0.082622 
66 0.401656 0.0849108 
67 0.413137 0.0872181 
68 0.424746 0.0895432 
69 0.43648 0.0918854 
70 0.448338 0.0942438 
71 0.460317 0.0966176 
72 0.472415 0.0990061 
73 0.484629 0.101408 
74 0.496958 0.103824 
75 0.509398 0.106251 
76 0.521947 0.108689 
77 0.534603 0.111137 
78 0.547362 0.113595 
79 0.560223 0.11606 
80 0.573182 0.118533 
81 0.586236 0.121011 
82 0.599383 0.123494 
83 0.612619 0.125981 
84 0.625942 0.12847 
85 0.639348 0.13096 
86 0.652833 0.13345 
87 0.666395 0.135938 
88 0.680029 0.138424 
89 0.693733 0.140905 
90 0.707502 0.143381 
91 0.721334 0.145849 
92 0.735223 0.148309 
93 0.749167 0.150758 
94 0.76316 0.153195 
95 0.777199 0.155619 
96 0.79128 0.158027 
97 0.805398 0.160418 
98 0.819549 0.16279 
99 0.833728 0.165142 
100 0.84793 0.16747 
101 0.862151 0.169775 
102 0.876386 0.172052 
103 0.89063 0.174302 
104 0.904877 0.176521 
105 0.919123 0.178707 
106 0.933362 0.180859 
107 0.947589 0.182974 
108 0.961798 0.18505 
109 0.975984 0.187086 
110 0.990141 0.189078 
111 1.00426 0.191024 
112 1.01834 0.192923 
113 1.03238 0.194772 
114 1.04636 0.196569 
115 1.06028 0.198312 
116 1.07414 0.199998 
117 1.08792 0.201625 
118 1.10163 0.203191 
119 1.11525 0.204694 
120 1.12878 0.206131 
121 1.14221 0.207501 
122 1.15554 0.2088 
123 1.16876 0.210027 
124 1.18185 0.21118 
125 1.19483 0.212257 
126 1.20767 0.213256 
127 1.22037 0.214174 
128 1.23293 0.21501 
129 1.24533 0.215761 
130 1.25758 0.216427 
131 1.26966 0.217005 
132 1.28156 0.217494 
133 1.29329 0.217892 
134 1.30482 0.218198 
135 1.31617 0.21841 
136 1.32731 0.218528 
137 1.33825 0.218549 
138 1.34897 0.218473 
139 1.35947 0.218299 
140 1.36974 0.218026 
141 1.37979 0.217654 
142 1.38959 0.217181 
143 1.39914 0.216609 
144 1.40844 0.215935 
145 1.41749 0.215161 
146 1.42627 0.214287 
147 1.43478 0.213312 
148 1.44302 0.212237 
149 1.45098 0.211063 
150 1.45865 0.209791 
151 1.46603 0.208421 
152 1.47312 0.206955 
153 1.47991 0.205394 
154 1.48639 0.203739 
155 1.49257 0.201993 
156 1.49843 0.200157 
157 1.50398 0.198234 
158 1.50921 0.196225 
159 1.51412 0.194134 
160 1.51871 0.191964 
161 1.52296 0.189717 
162 1.52689 0.187396 
163 1.53048 0.185006 
164 1.53375 0.18255 
165 1.53667 0.180032 
166 1.53926 0.177457 
167 1.54151 0.174829 
168 1.54343 0.172153 
169 1.545 0.169434 
170 1.54624 0.166678 
171 1.54714 0.16389 
172 1.54769 0.161076 
173 1.54791 0.158243 
174 1.5478 0.155398 
175 1.54734 0.152548 
176 1.54656 0.149699 
177 1.54544 0.146861 
178 1.54399 0.14404 
179 1.54221 0.141247 
180 1.5401 0.138489 
181 1.53767 0.135775 
182 1.53492 0.133117 
183 1.53186 0.130523 
184 1.52848 0.128003 
185 1.52478 0.12557 
186 1.52079 0.123232 
187 1.51649 0.121002 
188 1.51189 0.11889 
189 1.507 0.116907 
190 1.50182 0.115064 
191 1.49635 0.113371 
192 1.49061 0.111839 
193 1.48459 0.110476 
194 1.47831 0.10929 
195 1.47176 0.10829 
196 1.46495 0.107481 
197 1.45789 0.106869 
198 1.45058 0.106455 
199 1.44304 0.106242 
200 1.43526 0.106231 
201 1.42725 0.106418 
202 1.41902 0.106802 
203 1.41057 0.107378 
204 1.40192 0.108138 
205 1.39306 0.109078 
206 1.384 0.110187 
207 1.37475 0.111456 
208 1.36532 0.112878 
209 1.35572 0.11444 
210 1.34594 0.116132 
211 1.336 0.117945 
212 1.3259 0.119867 
213 1.31565 0.121888 
214 1.30525 0.123999 
215 1.29472 0.126189 
216 1.28406 0.128449 
217 1.27327 0.13077 
218 1.26236 0.133143 
219 1.25134 0.135561 
220 1.24021 0.138016 
221 1.22899 0.140501 
222 1.21767 0.14301 
223 1.20626 0.145535 
224 1.19478 0.148072 
225 1.18322 0.150615 
226 1.17159 0.153159 
227 1.1599 0.155699 
228 1.14815 0.158232 
229 1.13635 0.160754 
230 1.1245 0.16326 
231 1.11261 0.165749 
232 1.10069 0.168216 
233 1.08874 0.170659 
234 1.07677 0.173076 
235 1.06478 0.175465 
236 1.05278 0.177823 
237 1.04077 0.180148 
238 1.02875 0.18244 
239 1.01674 0.184696 
240 1.00474 0.186915 
241 0.992743 0.189097 
242 0.980766 0.191239 
243 0.96881 0.193342 
244 0.956879 0.195405 
245 0.944978 0.197427 
246 0.933111 0.199407 
247 0.921282 0.201346 
248 0.909495 0.203242 
249 0.897754 0.205096 
250 0.886063 0.206908 
251 0.874426 0.208677 
252 0.862847 0.210404 
253 0.851329 0.212089 
254 0.839876 0.213731 
255 0.82849 0.215332 
256 0.817177 0.216891 
257 0.805938 0.21841 
258 0.794777 0.219887 
259 0.783697 0.221324 
260 0.772701 0.222721 
261 0.761792 0.22408 
262 0.750973 0.225399 
263 0.740247 0.22668 
264 0.729616 0.227924 
265 0.719084 0.229132 
266 0.708651 0.230303 
267 0.698322 0.231439 
268 0.688098 0.23254 
269 0.677983 0.233608 
270 0.667977 0.234642 
271 0.658083 0.235645 
272 0.648304 0.236616 
273 0.638641 0.237556 
274 0.629097 0.238467 
275 0.619673 0.239349 
276 0.610372 0.240204 
277 0.601195 0.241031 
278 0.592143 0.241832 
279 0.58322 0.242608 
280 0.574425 0.243359 
281 0.565761 0.244087 
282 0.55723 0.244793 
283 0.548833 0.245477 
284 0.540571 0.24614 
285 0.532446 0.246783 
286 0.524458 0.247408 
287 0.516611 0.248015 
288 0.508903 0.248604 
289 0.501338 0.249178 
290 0.493915 0.249736 
291 0.486637 0.250281 
292 0.479504 0.250811 
293 0.472517 0.25133 
294 0.465677 0.251836 
295 0.458985 0.252332 
296 0.452442 0.252818 
297 0.446049 0.253295 
298 0.439806 0.253764 
299 0.433715 0.254226 
300 0.427777 0.254682 
301 0.421991 0.255131 
302 0.416359 0.255576 
303 0.410881 0.256018 
304 0.405557 0.256456 
305 0.40039 0.256891 
306 0.395378 0.257325 
307 0.390523 0.257758 
308 0.385824 0.258192 
309 0.381283 0.258626 
310 0.3769 0.259061 
311 0.372675 0.259498 
312 0.368609 0.259939 
313 0.364701 0.260383 
314 0.360953 0.260831 
315 0.357364 0.261284 
316 0.353935 0.261742 
317 0.350666 0.262206 
318 0.347556 0.262678 
319 0.344607 0.263156 
320 0.341819 0.263643 
321 0.339191 0.264137 
322 0.336723 0.264641 
323 0.334416 0.265154 
324 0.33227 0.265677 
325 0.330284 0.266211 
326 0.328459 0.266755 
327 0.326794 0.267311 
328 0.32529 0.267879 
329 0.323946 0.268459 
330 0.322762 0.269051 
331 0.321739 0.269656 
332 0.320875 0.270274 
333 0.320171 0.270906 
334 0.319626 0.271551 
335 0.31924 0.272211 
336 0.319014 0.272885 
337 0.318946 0.273573 
338 0.319036 0.274276 
339 0.319284 0.274994 
340 0.31969 0.275727 
341 0.320253 0.276475 
342 0.320972 0.277238 
343 0.321848 0.278017 
344 0.32288 0.278811 
345 0.324066 0.27962 
346 0.325408 0.280445 
347 0.326904 0.281285 
348 0.328553 0.28214 
349 0.330356 0.28301 
350 0.33231 0.283896 
351 0.334417 0.284796 
352 0.336675 0.285711 
353 0.339083 0.286641 
354 0.341641 0.287586 
355 0.344347 0.288544 
356 0.347202 0.289517 
357 0.350204 0.290503 
358 0.353353 0.291503 
359 0.356647 0.292515 
360 0.360086 0.293541 
361 0.363669 0.294579 
362 0.367395 0.295628 
363 0.371263 0.29669 
364 0.375272 0.297762 
365 0.379421 0.298845 
366 0.383708 0.299938 
367 0.388134 0.301041 
368 0.392696 0.302152 
369 0.397394 0.303273 
370 0.402227 0.304401 
371 0.407192 0.305537 
372 0.41229 0.306679 
373 0.417518 0.307827 
374 0.422876 0.308981 
375 0.428363 0.310139 
376 0.433976 0.311302 
377 0.439714 0.312467 
378 0.445577 0.313635 
379 0.451563 0.314805 
380 0.457669 0.315976 
381 0.463895 0.317146 
382 0.47024 0.318316 
383 0.476701 0.319485 
384 0.483277 0.320651 
385 0.489966 0.321813 
386 0.496767 0.322971 
387 0.503678 0.324124 
388 0.510697 0.325271 
389 0.517822 0.326411 
390 0.525052 0.327542 
391 0.532385 0.328664 
392 0.539819 0.329777 
393 0.547352 0.330877 
394 0.554981 0.331966 
395 0.562706 0.333042 
396 0.570523 0.334102 
397 0.578431 0.335148 
398 0.586428 0.336177 
399 0.594512 0.337188 
400 0.602679 0.33818 
401 0.610929 0.339153 
402 0.619259 0.340104 
403 0.627666 0.341033 
404 0.636148 0.341938 
405 0.644702 0.342819 
406 0.653327 0.343674 
407 0.66202 0.344502 
408 0.670778 0.345302 
409 0.679599 0.346072 
410 0.688479 0.346812 
411 0.697417 0.34752 
412 0.706409 0.348195 
413 0.715454 0.348836 
414 0.724547 0.349442 
415 0.733687 0.350011 
416 0.74287 0.350542 
417 0.752094 0.351035 
418 0.761356 0.351488 
419 0.770652 0.351899 
420 0.779979 0.352268 
421 0.789336 0.352594 
422 0.798717 0.352875 
423 0.808121 0.353111 
424 0.817544 0.353299 
425 0.826983 0.353441 
426 0.836435 0.353533 
427 0.845896 0.353576 
428 0.855363 0.353568 
429 0.864833 0.353508 
430 0.874302 0.353395 
431 0.883767 0.353229 
432 0.893225 0.353009 
433 0.902672 0.352734 
434 0.912105 0.352402 
435 0.921519 0.352014 
436 0.930912 0.351569 
437 0.940281 0.351066 
438 0.94962 0.350504 
439 0.958928 0.349882 
440 0.9682 0.349201 
441 0.977432 0.34846 
442 0.986622 0.347658 
443 0.995765 0.346796 
444 1.00486 0.345872 
445 1.0139 0.344887 
446 1.02288 0.34384 
447 1.0318 0.342731 
448 1.04065 0.341561 
449 1.04944 0.340328 
450 1.05815 0.339034 
451 1.06679 0.337679 
452 1.07535 0.336262 
453 1.08383 0.334785 
454 1.09221 0.333247 
455 1.10051 0.331649 
456 1.10872 0.329991 
457 1.11683 0.328274 
458 1.12483 0.3265 
459 1.13273 0.324668 
460 1.14053 0.322779 
461 1.14821 0.320835 
462 1.15578 0.318837 
463 1.16323 0.316786 
464 1.17056 0.314683 
465 1.17776 0.312529 
466 1.18484 0.310327 
467 1.19178 0.308077 
468 1.19859 0.305781 
469 1.20527 0.303442 
470 1.2118 0.301061 
471 1.21819 0.298641 
472 1.22444 0.296183 
473 1.23053 0.293689 
474 1.23648 0.291163 
475 1.24227 0.288607 
476 1.2479 0.286023 
477 1.25337 0.283415 
478 1.25869 0.280785 
479 1.26384 0.278136 
480 1.26882 0.275472 
481 1.27364 0.272796 
482 1.27828 0.270111 
483 1.28275 0.267422 
484 1.28705 0.264731 
485 1.29117 0.262044 
486 1.29512 0.259363 
487 1.29888 0.256693 
488 1.30246 0.254039 
489 1.30587 0.251405 
490 1.30908 0.248795 
491 1.31212 0.246214 
492 1.31496 0.243667 
493 1.31762 0.241158 
494 1.3201 0.238693 
495 1.32238 0.236277 
496 1.32448 0.233914 
497 1.32638 0.23161 
498 1.3281 0.22937 
499 1.32962 0.227199 
500 1.33096 0.225102 
501 1.3321 0.223084 
502 1.33305 0.22115 
503 1.33381 0.219305 
504 1.33438 0.217554 
505 1.33476 0.2159 
506 1.33495 0.214349 
507 1.33495 0.212904 
508 1.33477 0.211569 
509 1.33439 0.210348 
510 1.33383 0.209244 
511 1.33307 0.20826 
512 1.33214 0.207397 
513 1.33102 0.206658 
514 1.32972 0.206045 
515 1.32823 0.205558 
516 1.32657 0.205199 
517 1.32472 0.204967 
518 1.3227 0.204861 
519 1.3205 0.204882 
520 1.31813 0.205027 
521 1.31559 0.205295 
522 1.31287 0.205683 
523 1.30999 0.20619 
524 1.30694 0.206811 
525 1.30373 0.207544 
526 1.30036 0.208385 
527 1.29682 0.209329 
528 1.29313 0.210373 
529 1.28929 0.211511 
530 1.28529 0.212739 
531 1.28114 0.214051 
532 1.27685 0.215444 
533 1.27241 0.216911 
534 1.26783 0.218447 
535 1.26311 0.220047 
536 1.25826 0.221706 
537 1.25327 0.223418 
538 1.24815 0.225178 
539 1.24291 0.226981 
540 1.23754 0.228821 
541 1.23205 0.230694 
542 1.22644 0.232595 
543 1.22071 0.234518 
544 1.21488 0.236458 
545 1.20893 0.238413 
546 1.20289 0.240376 
547 1.19673 0.242344 
548 1.19048 0.244312 
549 1.18414 0.246277 
550 1.1777 0.248234 
551 1.17117 0.25018 
552 1.16456 0.252112 
553 1.15787 0.254026 
554 1.15109 0.25592 
555 1.14424 0.257789 
556 1.13732 0.259631 
557 1.13033 0.261445 
558 1.12327 0.263226 
559 1.11616 0.264973 
560 1.10898 0.266683 
561 1.10175 0.268356 
562 1.09446 0.269988 
563 1.08713 0.271577 
564 1.07975 0.273124 
565 1.07233 0.274625 
566 1.06486 0.276081 
567 1.05737 0.277488 
568 1.04984 0.278848 
569 1.04228 0.280158 
570 1.0347 0.281418 
571 1.02709 0.282628 
572 1.01946 0.283787 
573 1.01182 0.284894 
574 1.00417 0.28595 
575 0.9965 0.286953 
576 0.988827 0.287905 
577 0.98115 0.288805 
578 0.973472 0.289654 
579 0.965797 0.290451 
580 0.958125 0.291197 
581 0.950462 0.291892 
582 0.94281 0.292537 
583 0.935171 0.293133 
584 0.927549 0.29368 
585 0.919946 0.294179 
586 0.912365 0.29463 
587 0.904809 0.295035 
588 0.89728 0.295395 
589 0.889781 0.29571 
590 0.882315 0.295981 
591 0.874885 0.29621 
592 0.867492 0.296397 
593 0.860139 0.296544 
594 0.852829 0.296652 
595 0.845564 0.296723 
596 0.838346 0.296756 
597 0.831179 0.296755 
598 0.824063 0.29672 
599 0.817002 0.296652 
600 0.809997 0.296553 
601 0.803051 0.296424 
602 0.796166 0.296267 
603 0.789344 0.296083 
604 0.782586 0.295874 
605 0.775896 0.29564 
606 0.769274 0.295385 
607 0.762724 0.295108 
608 0.756246 0.294812 
609 0.749842 0.294498 
610 0.743515 0.294168 
611 0.737266 0.293823 
612 0.731096 0.293465 
613 0.725008 0.293095 
614 0.719003 0.292715 
615 0.713082 0.292327 
616 0.707248 0.291931 
617 0.701501 0.29153 
618 0.695843 0.291125 
619 0.690276 0.290718 
620 0.6848 0.290309 
621 0.679418 0.289902 
622 0.67413 0.289496 
623 0.668938 0.289094 
624 0.663843 0.288697 
625 0.658846 0.288307 
626 0.653948 0.287925 
627 0.64915 0.287552 
628 0.644454 0.287189 
629 0.639861 0.286839 
630 0.63537 0.286503 
631 0.630984 0.286181 
632 0.626704 0.285875 
633 0.622529 0.285587 
634 0.618462 0.285317 
635 0.614502 0.285066 
636 0.610651 0.284837 
637 0.606909 0.284629 
638 0.603277 0.284445 
639 0.599755 0.284284 
640 0.596345 0.284149 
641 0.593047 0.284039 
642 0.589861 0.283956 
643 0.586788 0.2839 
644 0.583828 0.283873 
645 0.580982 0.283875 
646 0.578251 0.283907 
647 0.575634 0.283968 
648 0.573132 0.284061 
649 0.570745 0.284185 
650 0.568474 0.284341 
651 0.566319 0.284528 
652 0.56428 0.284749 
653 0.562358 0.285001 
654 0.560552 0.285287 
655 0.558862 0.285606 
656 0.557289 0.285958 
657 0.555834 0.286343 
658 0.554494 0.286761 
659 0.553272 0.287212 
660 0.552167 0.287695 
661 0.551179 0.288212 
662 0.550307 0.28876 
663 0.549552 0.289341 
664 0.548913 0.289954 
665 0.548391 0.290597 
666 0.547985 0.291272 
667 0.547696 0.291977 
668 0.547522 0.292711 
669 0.547463 0.293475 
670 0.54752 0.294268 
671 0.547691 0.295088 
672 0.547977 0.295936 
673 0.548377 0.29681 
674 0.548891 0.297709 
675 0.549519 0.298634 
676 0.550259 0.299583 
677 0.551112 0.300555 
678 0.552077 0.30155 
679 0.553153 0.302566 
680 0.55434 0.303603 
681 0.555637 0.30466 
682 0.557044 0.305736 
683 0.558559 0.306829 
684 0.560184 0.30794 
685 0.561916 0.309067 
686 0.563754 0.310209 
687 0.565699 0.311365 
688 0.56775 0.312534 
689 0.569905 0.313716 
690 0.572164 0.314908 
691 0.574527 0.316111 
692 0.576991 0.317323 
693 0.579556 0.318543 
694 0.582222 0.31977 
695 0.584988 0.321003 
696 0.587852 0.322241 
697 0.590813 0.323484 
698 0.593871 0.324729 
699 0.597024 0.325977 
700 0.600272 0.327225 
701 0.603613 0.328473 
702 0.607046 0.32972 
703 0.61057 0.330964 
704 0.614184 0.332206 
705 0.617886 0.333443 
706 0.621676 0.334674 
707 0.625552 0.335899 
708 0.629513 0.337117 
709 0.633558 0.338326 
710 0.637685 0.339525 
711 0.641893 0.340713 
712 0.64618 0.34189 
713 0.650545 0.343054 
714 0.654988 0.344204 
715 0.659505 0.345339 
716 0.664097 0.346458 
717 0.668761 0.34756 
718 0.673495 0.348644 
719 0.678299 0.349709 
720 0.683171 0.350753 
721 0.688108 0.351777 
722 0.693111 0.352779 
723 0.698176 0.353757 
724 0.703302 0.354712 
725 0.708487 0.355641 
726 0.713731 0.356545 
727 0.71903 0.357421 
728 0.724384 0.35827 
729 0.729791 0.35909 
730 0.735248 0.35988 
731 0.740754 0.36064 
732 0.746307 0.361368 
733 0.751905 0.362065 
734 0.757546 0.362728 
735 0.763229 0.363357 
736 0.768952 0.363952 
737 0.774712 0.364511 
738 0.780507 0.365034 
739 0.786336 0.36552 
740 0.792197 0.365969 
741 0.798087 0.366379 
742 0.804005 0.36675 
743 0.809949 0.367082 
744 0.815915 0.367373 
745 0.821903 0.367624 
746 0.827911 0.367833 
747 0.833935 0.368 
748 0.839975 0.368124 
749 0.846028 0.368205 
750 0.852091 0.368243 
751 0.858163 0.368237 
752 0.864241 0.368186 
753 0.870324 0.368091 
754 0.876409 0.36795 
755 0.882494 0.367764 
756 0.888576 0.367531 
757 0.894654 0.367253 
758 0.900725 0.366928 
759 0.906787 0.366556 
760 0.912839 0.366138 
761 0.918876 0.365672 
762 0.924899 0.365159 
763 0.930903 0.364598 
764 0.936888 0.36399 
765 0.94285 0.363335 
766 0.948788 0.362632 
767 0.954699 0.361881 
768 0.960582 0.361083 
769 0.966433 0.360237 
770 0.972251 0.359344 
771 0.978034 0.358404 
772 0.983779 0.357417 
773 0.989485 0.356384 
774 0.995148 0.355304 
775 1.00077 0.354178 
776 1.00634 0.353006 
777 1.01187 0.351789 
778 1.01734 0.350527 
779 1.02276 0.349221 
780 1.02813 0.347871 
781 1.03344 0.346478 
782 1.0387 0.345042 
783 1.04389 0.343565 
784 1.04902 0.342047 
785 1.05408 0.340488 
786 1.05908 0.33889 
787 1.06401 0.337254 
788 1.06887 0.335581 
789 1.07366 0.333871 
790 1.07838 0.332126 
791 1.08302 0.330347 
792 1.08758 0.328535 
793 1.09206 0.326691 
794 1.09647 0.324818 
795 1.10079 0.322916 
796 1.10503 0.320987 
797 1.10918 0.319033 
798 1.11324 0.317054 
799 1.11722 0.315054 
800 1.12111 0.313033 
801 1.1249 0.310994 
802 1.12861 0.308938 
803 1.13222 0.306868 
804 1.13573 0.304785 
805 1.13915 0.302692 
806 1.14247 0.300591 
807 1.14569 0.298485 
808 1.14882 0.296375 
809 1.15184 0.294265 
810 1.15476 0.292156 
811 1.15758 0.290052 
812 1.16029 0.287954 
813 1.1629 0.285866 
814 1.1654 0.283791 
815 1.1678 0.28173 
816 1.1701 0.279688 
817 1.17228 0.277667 
818 1.17436 0.27567 
819 1.17633 0.273699 
820 1.17819 0.271759 
821 1.17994 0.269851 
822 1.18158 0.26798 
823 1.18311 0.266147 
824 1.18453 0.264357 
825 1.18584 0.262611 
826 1.18704 0.260913 
827 1.18813 0.259267 
828 1.1891 0.257674 
829 1.18997 0.256137 
830 1.19073 0.25466 
831 1.19137 0.253246 
832 1.1919 0.251895 
833 1.19232 0.250612 
834 1.19264 0.249398 
835 1.19284 0.248256 
836 1.19293 0.247188 
837 1.19291 0.246195 
838 1.19278 0.24528 
839 1.19255 0.244443 
840 1.1922 0.243687 
841 1.19175 0.243011 
842 1.19119 0.242419 
843 1.19052 0.241909 
844 1.18975 0.241483 
845 1.18887 0.24114 
846 1.18788 0.240882 
847 1.1868 0.240707 
848 1.18561 0.240616 
849 1.18431 0.240607 
850 1.18292 0.24068 
851 1.18142 0.240835 
852 1.17983 0.241068 
853 1.17814 0.24138 
854 1.17635 0.241769 
855 1.17446 0.242232 
856 1.17248 0.242767 
857 1.1704 0.243373 
858 1.16823 0.244048 
859 1.16597 0.244787 
860 1.16362 0.24559 
861 1.16118 0.246454 
862 1.15865 0.247375 
863 1.15604 0.24835 
864 1.15334 0.249378 
865 1.15056 0.250454 
866 1.14769 0.251576 
867 1.14474 0.25274 
868 1.14172 0.253944 
869 1.13861 0.255185 
870 1.13543 0.256458 
871 1.13217 0.257762 
872 1.12885 0.259092 
873 1.12544 0.260447 
874 1.12197 0.261822 
875 1.11843 0.263216 
876 1.11483 0.264624 
877 1.11116 0.266044 
878 1.10742 0.267473 
879 1.10362 0.268909 
880 1.09977 0.270348 
881 1.09585 0.271788 
882 1.09188 0.273227 
883 1.08785 0.274662 
884 1.08377 0.27609 
885 1.07964 0.277509 
886 1.07546 0.278917 
887 1.07123 0.280312 
888 1.06696 0.281692 
889 1.06264 0.283054 
890 1.05828 0.284397 
891 1.05388 0.285719 
892 1.04944 0.287018 
893 1.04496 0.288292 
894 1.04045 0.289541 
895 1.03591 0.290762 
896 1.03133 0.291955 
897 1.02673 0.293117 
898 1.0221 0.294248 
899 1.01744 0.295346 
900 1.01276 0.296411 
901 1.00806 0.297441 
902 1.00334 0.298435 
903 0.998596 0.299394 
904 0.993841 0.300316 
905 0.989071 0.3012 
906 0.98429 0.302046 
907 0.979497 0.302853 
908 0.974696 0.303621 
909 0.969889 0.30435 
910 0.965077 0.305039 
911 0.960261 0.305688 
912 0.955445 0.306297 
913 0.950629 0.306866 
914 0.945816 0.307395 
915 0.941007 0.307883 
916 0.936204 0.308332 
917 0.931408 0.308741 
918 0.926623 0.309111 
919 0.921849 0.309441 
920 0.917088 0.309733 
921 0.912342 0.309986 
922 0.907612 0.310202 
923 0.902901 0.31038 
924 0.89821 0.310521 
925 0.89354 0.310626 
926 0.888894 0.310695 
927 0.884273 0.31073 
928 0.879678 0.310731 
929 0.875111 0.310699 
930 0.870575 0.310635 
931 0.866069 0.310539 
932 0.861597 0.310413 
933 0.857159 0.310258 
934 0.852757 0.310074 
935 0.848392 0.309863 
936 0.844066 0.309626 
937 0.839781 0.309364 
938 0.835537 0.309078 
939 0.831337 0.30877 
940 0.827181 0.30844 
941 0.823071 0.30809 
942 0.819008 0.307721 
943 0.814994 0.307334 
944 0.81103 0.306932 
945 0.807116 0.306514 
946 0.803255 0.306082 
947 0.799448 0.305639 
948 0.795695 0.305184 
949 0.791998 0.30472 
950 0.788358 0.304248 
951 0.784777 0.30377 
952 0.781254 0.303285 
953 0.777792 0.302798 
954 0.774391 0.302307 
955 0.771053 0.301815 
956 0.767777 0.301324 
957 0.764566 0.300834 
958 0.76142 0.300348 
959 0.75834 0.299865 
960 0.755327 0.299389 
961 0.752382 0.298919 
962 0.749505 0.298458 
963 0.746698 0.298006 
964 0.74396 0.297565 
965 0.741294 0.297136 
966 0.738699 0.29672 
967 0.736176 0.296319 
968 0.733726 0.295933 
969 0.731349 0.295564 
970 0.729047 0.295213 
971 0.726819 0.29488 
972 0.724666 0.294567 
973 0.722589 0.294275 
974 0.720588 0.294005 
975 0.718664 0.293756 
976 0.716817 0.293531 
977 0.715047 0.29333 
978 0.713355 0.293154 
979 0.71174 0.293003 
980 0.710205 0.292878 
981 0.708748 0.292779 
982 0.70737 0.292708 
983 0.706071 0.292664 
984 0.704851 0.292648 
985 0.703711 0.29266 
986 0.702651 0.292701 
987 0.701671 0.29277 
988 0.70077 0.292869 
989 0.69995 0.292996 
990 0.69921 0.293153 
991 0.698549 0.293338 
992 0.697969 0.293553 
993 0.697469 0.293797 
994 0.697048 0.294069 
995 0.696708 0.29437 
996 0.696447 0.2947 
997 0.696266 0.295057 
998 0.696165 0.295442 
999 0.696142 0.295854 
1000 0.696199 0.296293 
