                       0
   1.366907387843971e-05
   5.476529344348454e-05
   0.0001234633220464858
   0.0002198950355936846
   0.0003441500883097156
   0.0004962769280698142
   0.0006762842372619357
    0.000884142766463596
    0.001119787520663476
    0.001383120251182707
    0.001674012201011882
     0.00199230704710797
    0.002337823980391143
    0.002710360862812284
    0.003109697400958018
    0.003535598277213311
     0.00398781618246314
    0.004466094698595764
    0.004970170984542359
    0.005499778226086562
    0.006054647817005653
     0.00663451124703861
    0.007239101680471327
    0.007868155217530221
    0.008521411839024207
    0.009198616042519989
    0.009899517185542103
     0.01062386955764739
     0.01137143220855821
     0.01214196856371426
     0.01293524586153024
     0.01375103444828463
     0.01458910696692232
     0.01544923747518804
     0.01633120052651757
     0.01723477024414223
     0.01815971941507662
     0.01910581862625741
     0.02007283546028739
     0.02106053376322741
     0.02206867299187614
     0.02309700764317711
     0.02414528676396771
     0.02521325353538059
     0.02630064492293972
     0.02740719138083969
      0.0285326165971026
     0.02967663726528166
     0.03083896286809885
     0.03201929545881386
     0.03321732942714203
     0.03443275123807204
     0.03566523913386482
     0.03691446279172244
     0.03818008293197321
     0.03946175087400763
     0.04075910803950404
     0.04207178540460485
     0.04339940290455897
     0.04474156879587149
     0.04609787898215252
      0.0474679163106136
      0.0488512498465205
     0.05024743413289514
     0.05165600844240267
     0.05307649602771369
     0.05450840337575778
     0.05595121947025228
      0.0574044150657715
     0.05886744197548917
     0.06033973237364883
     0.06182069811285329
     0.06330973005546787
     0.06480619741784197
     0.06630944712569541
     0.06781880317890553
     0.06933356602406512
     0.07085301193354981
     0.07237639239041127
      0.0739029334791667
     0.07543183528344588
     0.07696227129243817
      0.0784933878191085
     0.08002430343417467
     0.08155410842081577
     0.08308186425597271
     0.08460660312487527
      0.0861273274760587
     0.08764300962460209
     0.08915259141161985
     0.09065498392817076
     0.09214906731172048
     0.09363369062312323
     0.09510767181179414
      0.0965697977763538
     0.09801882452756656
     0.09945347745989551
      0.1008724517374852
      0.1022744127998856
      0.1036579969923686
      0.1050218123252787
      0.1063644393665145
       0.107684432270962
      0.1089803199504949
      0.1102506073880154
      0.1114937770989182
      0.1127082907433066
      0.1138925908922553
      0.1150451029513704
      0.1161642372448339
      0.1172483912630036
      0.1182959520764556
      0.1193052989190877
      0.1202748059425292
      0.1212028451436236
      0.1220877894661524
      0.1229280160772558
      0.1237219098181842
      0.1244678668280922
      0.1251642983385788
      0.1258096346356075
      0.1264023291843215
      0.1269408629111362
      0.1274237486363647
      0.1278495356495401
      0.1282168144185703
      0.1285242214229191
      0.1287704441001797
      0.1289542258947165
      0.1290743713965135
      0.1291297515580077
      0.1291193089765166
      0.1290420632298988
      0.1288971162533388
      0.1286836577456218
      0.1284009705939744
      0.1280484363075096
      0.1276255404505294
      0.1271318780684269
      0.1265671591007059
      0.1259312137777147
      0.1252239980000981
      0.1244455987027297
      0.1235962392080317
      0.1226762845771463
      0.1216862469714394
       0.120626791041327
      0.1194987393644641
      0.1183030779609646
      0.1170409619195662
      0.1157137211755508
      0.1143228664887954
      0.1128700956785497
      0.1113573001803968
      0.1097865720002508
      0.1081602111500456
      0.1064807336597309
      0.1047508802699319
      0.1029736259186129
      0.1011521901425151
     0.09929004851888927
      0.0973909452735771
     0.09545890717566646
     0.09349825882389444
     0.09151363940186592
     0.08951002093297937
     0.08749272799522906
     0.08546745875262222
     0.08344030701375034
     0.08141778482715575
     0.07940684485403293
     0.07741490140736108
     0.07544984859986309
     0.07352007349283432
      0.0716344614852754
     0.06980239044682514
     0.06803370932557924
     0.06633869624023481
     0.06472799053508886
     0.06321249313670659
     0.06180323005915361
         0.0605111753466
     0.05934703237404095
     0.05832097637868596
     0.05744236624614962
      0.0567194394400513
     0.05615900963615295
     0.05576619086311153
     0.05554417344616439
     0.05549407481128781
     0.05561488199974928
     0.05590349332887824
     0.05635485568813608
      0.0569621836226775
     0.05771723860024374
      0.0586106429090939
     0.05963220270744203
     0.06077121813538879
     0.06201676385763892
     0.06335792957420926
     0.06478401580525256
     0.06628468492758754
     0.06785007073570316
     0.06947085176015588
     0.07113829443068533
     0.07284427222041466
     0.07458126644239139
     0.07634235363018384
     0.07812118359502307
     0.07991195142682211
     0.08170936596008499
     0.08350861658781489
     0.08530533978373893
     0.08709558627883225
     0.08887578951896247
     0.09064273579088439
     0.09239353622841552
     0.09412560078556934
     0.09583661417693709
     0.09752451372805997
     0.09918746904227044
      0.1008238633695724
       0.102432276553057
       0.104011469425735
       0.105560369533021
      0.1070780580616216
       0.108563757862977
      0.1100168224677759
      0.1114367259967938
      0.1128230538819844
      0.1141754943201103
      0.1154938303890867
      0.1167779327645275
      0.1180277529807002
       0.119243317186201
      0.1204247203501716
      0.1215721208798183
      0.1226857356144005
      0.1237658351647597
      0.1248127395709078
      0.1258268142532126
      0.1268084662353599
       0.127758140619555
      0.1286763172964027
      0.1295635078735947
      0.1304202528089762
      0.1312471187347903
      0.1320446959609352
      0.1328135961459482
      0.1335544501251795
      0.1342679058862548
      0.1349546266824892
      0.1356152892754052
      0.1362505822979609
      0.1368612047305167
      0.1374478644819747
       0.138011277068925
      0.1385521643860311
      0.1390712535612867
      0.1395692758901803
      0.1400469658432078
      0.1405050601415739
      0.1409442968963129
      0.1413654148064402
      0.1417691524120956
      0.1421562473989687
       0.142527435950587
      0.1428834521453015
      0.1432250273950135
      0.1435528899228567
      0.1438677642771726
      0.1441703708792065
      0.1444614256019985
      0.1447416393779749
      0.1450117178327416
      0.1452723609425795
      0.1455242627131257
      0.1457681108767242
      0.1460045866059389
      0.1462343642407525
      0.1464581110270386
      0.1466764868639852
      0.1468901440582734
       0.147099727082976
      0.1473058723393327
      0.1475092079197742
      0.1477103533708085
      0.1479099194546335
      0.1481085079085988
        0.14830671120189
      0.1485051122890543
      0.1487042843602038
       0.148904790587928
      0.1491071838711105
      0.1493120065759674
      0.1495197902747171
      0.1497310554823412
      0.1499463113919161
      0.1501660556089824
      0.1503907738853859
      0.1506209398529741
      0.1508570147574718
      0.1510994471928019
      0.1513486728360659
        0.15160511418336
      0.1518691802865866
      0.1521412664914258
      0.1524217541766628
      0.1527110104951232
      0.1530093881165488
      0.1533172249728437
      0.1536348440062336
      0.1539625529209991
      0.1543006439395625
      0.1546493935638129
      0.1550090623426483
      0.1553798946467769
      0.1557621184518578
      0.1561559451310599
      0.1565615692580832
      0.1569791684216111
      0.1574089030520498
      0.1578509162612699
      0.1583053336958907
      0.1587722634044572
      0.1592517957186553
      0.1597440031485018
      0.1602489402912431
      0.1607666437535061
      0.1612971320860766
      0.1618404057305385
      0.1623964469768975
      0.1629652199312374
      0.1635466704924194
      0.1641407263368276
      0.1647472969101914
      0.1653662734255673
      0.1659975288666374
      0.1666409179955702
      0.1672962773647822
      0.1679634253320358
      0.1686421620783971
      0.1693322696286515
      0.1700335118738384
      0.1707456345956014
      0.1714683654920765
      0.1722014142050337
      0.1729444723479757
      0.1736972135348611
      0.1744592934090806
       0.175230349672269
       0.176010002112494
      0.1767978526313306
      0.1775934852693115
       0.178396466229247
      0.1792063438969331
       0.180022648858823
      0.1808448939163179
      0.1816725740964431
       0.182505166658816
      0.1833421310989682
      0.1841829091482667
      0.1850269247708692
       0.185873584158349
      0.1867222757228236
      0.1875723700896169
      0.1884232200906652
      0.1892741607600469
      0.1901245093331601
      0.1909735652511945
       0.191820610172644
      0.1926649079936817
      0.1935057048792692
      0.1943422293069054
       0.195173692124937
      0.1959992866273567
      0.1968181886470146
      0.1976295566691685
      0.1984325319672953
      0.1992262387631044
      0.2000097844127092
      0.2007822596209568
      0.2015427386859679
      0.2022902797760106
      0.2030239252409195
      0.2037427019603711
      0.2044456217314381
      0.2051316816979588
      0.2057998648243757
      0.2064491404168087
      0.2070784646942275
       0.207686781412676
      0.2082730225455634
        0.20883610902308
      0.2093749515338063
      0.2098884513915706
      0.2103755014705619
      0.2108349872116295
      0.2112657877025985
      0.2116667768352978
      0.2120368245418497
      0.2123747981125969
      0.2126795635978648
      0.2129499872955597
      0.2131849373264154
      0.2133832852984971
       0.213543908062387
      0.2136656895582847
      0.2137475227560822
      0.2137883116893045
      0.2137869735836505
      0.2137424410807193
      0.2136536645573701
      0.2135196145410285
      0.2133392842211231
      0.2131116920567109
      0.2128358844802214
      0.2125109386971215
      0.2121359655811714
      0.2117101126648095
      0.2112325672240642
       0.210702559457258
      0.2101193657566325
      0.2094823120718978
      0.2087907773645927
       0.208044197152048
      0.2072420671396683
      0.2063839469402124
      0.2054694638787458
      0.2044983168819871
      0.2034702804508652
      0.2023852087152588
       0.201243039570108
       0.200043798892367
      0.1987876048386123
       0.197474672223525
      0.1961053169799273
      0.1946799607015537
      0.1931991352702743
      0.1916634875700285
      0.1900737842902529
       0.188430916822067
      0.1867359062508636
      0.1849899084491968
      0.1831942192739014
      0.1813502798711335
      0.1794596820924133
      0.1775241740236499
       0.175545665627414
      0.1735262344962308
      0.1714681317112074
       0.169373787795652
      0.1672458187472435
      0.1650870321244392
      0.1629004331528361
       0.160689230804725
      0.1584568437896428
      0.1562069063748881
      0.1539432739321782
      0.1516700280794129
      0.1493914812543811
      0.1471121805197973
      0.1448369103560466
      0.1425706941494277
       0.140318794029873
      0.1380867086539651
       0.135880168468118
      0.1337051279255407
      0.1315677540726384
      0.1294744108708012
      0.1274316385845086
      0.1254461275543862
      0.1235246856937427
      0.1216741991097802
      0.1199015853670377
      0.1182137390908871
      0.1166174698608816
      0.1151194326708985
      0.1137260516321504
      0.1124434380541933
      0.1112773045354215
      0.1102328771943881
      0.1093148086326704
      0.1085270945880325
      0.1078729974609624
      0.1073549799317151
      0.1069746516962104
      0.1067327319263364
      0.1066290294187268
      0.1066624415787671
      0.1068309724601855
      0.1071317691274588
       0.107561174715077
         0.1081147958031
      0.1087875811722973
      0.1095739086785503
      0.1104676769009714
      0.1114623983514121
      0.1125512913450138
      0.1137273680708213
      0.1149835169134921
      0.1163125776107124
      0.1177074083436928
      0.1191609443189223
       0.120666247788859
      0.1222165497687214
      0.1238052839359095
      0.1254261133538871
      0.1270729507534518
      0.1287399731428529
      0.1304216315160776
      0.1321126563969082
      0.1338080599047264
      0.1355031349644881
      0.1371934522140814
      0.1388748550920728
      0.1405434535209404
       0.142195616537436
      0.1438279641639838
      0.1454373587635938
      0.1470208960757688
         0.1485758960921
      0.1500998938972511
        0.15159063057331
      0.1530460442424296
      0.1544642613037248
      0.1558435879049524
      0.1571825016770645
      0.1584796437498142
      0.1597338110587954
      0.1609439489482425
      0.1621091440692958
      0.1632286175699845
        0.16430171857067
      0.1653279179169348
       0.166306802200747
      0.1672380680400381
      0.1681215166065099
      0.1689570483914251
      0.1697446581992901
      0.1704844303596232
      0.1711765341473884
      0.1718212194031127
      0.1724188123441718
      0.1729697115591974
      0.1734743841780052
      0.1739333622098685
      0.1743472390433375
      0.1747166661011432
      0.1750423496440111
       0.175325047717449
      0.1755655672357694
      0.1757647611977566
      0.1759235260285081
      0.1760427990420624
      0.1761235560194858
      0.1761668088971382
      0.1761736035598622
      0.1761450177338717
      0.1760821589741352
      0.1759861627410743
       0.175858190561432
      0.1756994282681937
      0.1755110843144915
      0.1752943881564628
      0.1750505887000844
      0.1747809528070508
      0.1744867638548079
      0.1741693203458947
      0.1738299345617697
      0.1734699312563188
      0.1730906463842418
      0.1726934258595051
      0.1722796243390232
      0.1718506040266953
       0.171407733492881
      0.1709523865043538
      0.1704859408597285
      0.1700097772253319
       0.169525277966474
      0.1690338259690991
      0.1685368034468567
      0.1680355907287368
      0.1675315650225816
      0.1670260991500107
      0.1665205602485996
      0.1660163084375217
      0.1655146954433179
      0.1650170631829877
      0.1645247423022004
      0.1640390506671075
      0.1635612918089791
      0.1630927533216958
      0.1626347052129793
      0.1621883982111376
      0.1617550620300183
      0.1613359035957954
      0.1609321052401445
      0.1605448228652778
      0.1601751840872004
      0.1598242863643981
      0.1594931951199632
      0.1591829418658972
      0.1588945223389892
      0.1586288946582378
      0.1583869775142691
      0.1581696484015744
      0.1579777419046641
      0.1578120480493829
      0.1576733107306582
      0.1575622262278577
      0.1574794418186982
      0.1574255545022794
      0.1574011098413153
      0.1574066009329894
      0.1574424675170834
      0.1575090952291157
      0.1576068150051912
      0.1577359026441037
      0.1578965785309783
      0.1580890075253832
      0.1583132990154247
      0.1585695071378573
      0.1588576311627452
      0.1591776160396987
      0.1595293531012307
      0.1599126809173451
      0.1603273862941096
      0.1607732054077186
       0.161249825064418
       0.161756884075689
      0.1622939747372675
      0.1628606443999406
      0.1634563971196033
      0.1640806953737999
      0.1647329618318895
      0.1654125811660855
      0.1661189018908893
      0.1668512382188679
      0.1676088719212923
       0.168391054182838
      0.1691970074403238
      0.1700259271963172
      0.1708769837993292
      0.1717493241832461
      0.1726420735595738
      0.1735543370569852
      0.1744852013035491
      0.1754337359478659
      0.1763989951161288
      0.1773800188028685
      0.1783758341938207
      0.1793854569199686
      0.1804078922423747
      0.1814421361679183
      0.1824871764965053
      0.1835419938007289
      0.1846055623393198
      0.1856768509060679
      0.1867548236161953
      0.1878384406324477
      0.1889266588334294
      0.1900184324269498
      0.1911127135113727
      0.1922084525881631
      0.1933045990290113
      0.1944001015010739
      0.1954939083540099
      0.1965849679725931
      0.1976722290987638
      0.1987546411270223
      0.1998311543770789
      0.2009007203476468
      0.2019622919552047
      0.2030148237614637
      0.2040572721931501
      0.2050885957575651
      0.2061077552572179
      0.2071137140066414
       0.208105438054308
      0.2090818964123702
      0.2100420612967557
      0.2109849083799705
      0.2119094170587907
      0.2128145707388802
      0.2136993571382412
      0.2145627686113015
      0.2154038024953618
       0.216221461481066
      0.2170147540085188
      0.2177826946906528
      0.2185243047654326
      0.2192386125784858
      0.2199246540977412
       0.220581473461657
      0.2212081235626034
      0.2218036666669443
      0.2223671750733179
      0.2228977318105632
      0.2233944313766596
       0.223856380519954
      0.2242826990638346
      0.2246725207758863
      0.2250249942824212
      0.2253392840291308
      0.2256145712884594
      0.2258500552141494
      0.2260449539432705
      0.2261985057459187
      0.2263099702226594
      0.2263786295496977
       0.226403789771694
      0.2263847821420937
      0.2263209645108224
      0.2262117227592001
      0.2260564722819473
      0.2258546595161996
      0.2256057635174986
      0.2253092975827891
      0.2249648109205185
      0.2245718903680005
      0.2241301621562608
      0.2236392937226317
      0.2230989955713976
      0.2225090231828067
       0.221869178970763
      0.2211793142894907
      0.2204393314894153
      0.2196491860224478
      0.2188088885967748
      0.2179185073811603
      0.2169781702586551
        0.21598806712949
      0.2149484522627904
      0.2138596466966141
      0.2127220406856569
      0.2115360961958044
      0.2103023494445254
      0.2090214134858864
      0.2076939808387258
      0.2063208261562228
      0.2049028089347367
      0.2034408762593398
      0.2019360655829044
      0.2003895075349039
      0.1988024287552143
      0.1971761547471221
      0.1955121127424153
      0.1938118345698174
      0.1920769595160592
      0.1903092371665377
      0.1885105302097085
      0.1866828171860571
      0.1848281951586208
      0.1829488822775384
      0.1810472202059099
      0.1791256763683112
      0.1771868459765664
      0.1752334537797815
       0.173268355477181
      0.1712945387229276
      0.1693151236418955
      0.1673333627643595
      0.1653526402758832
      0.1633764704665345
      0.1614084952512022
      0.1594524806206237
      0.1575123118712714
      0.1555919874521431
      0.1536956112585756
      0.1518273831984264
      0.1499915878555078
      0.1481925810802946
      0.1464347743500877
      0.1447226167614657
      0.1430605745484319
      0.1414531080614553
      0.1399046461965756
       0.138419558330395
       0.137002123895902
      0.1356564998245657
      0.1343866861798563
      0.1331964904128919
      0.1320894907777072
      0.1310689995459038
      0.1301380267515027
      0.1292992452694614
       0.128554958078365
      0.1279070685727826
      0.1273570547686563
      0.1269059481829864
      0.1265543180668162
      0.1263022615309936
      0.1261493999333688
      0.1260948817026991
      0.1261373915693876
      0.1262751659682545
      0.1265060141858269
      0.1268273446551177
      0.1272361956634602
      0.1277292696398645
      0.1283029701306188
      0.1289534405553737
      0.1296766038577993
      0.1304682022198789
      0.1313238360902528
      0.1322390018772035
      0.1332091277682679
      0.1342296072539995
      0.1352958300469573
      0.1364032101936906
      0.1375472112737554
      0.1387233686633629
      0.1399273089110346
      0.1411547663284519
      0.1424015969421675
      0.1436637899821143
      0.1449374771023563
      0.1462189395399094
      0.1475046134203491
      0.1487910934158941
      0.1500751349541485
      0.1513536551649632
      0.1526237327400062
      0.1538826068655082
      0.1551276753739677
      0.1563564922459119
       0.157566764578517
      0.1587563491242857
      0.1599232484902468
       0.161065607076405
      0.1621817068214735
      0.1632699628142883
      0.1643289188207037
      0.1653572427681545
      0.1663537222233946
      0.1673172598930948
      0.1682468691719504
      0.1691416697586145
      0.1700008833560801
      0.1708238294699855
      0.1716099213156693
      0.1723586618425598
      0.1730696398826073
      0.1737425264278885
      0.1743770710411811
      0.1749730984021756
      0.1755305049910255
      0.1760492559100895
      0.1765293818439707
      0.1769709761572819
      0.1773741921289353
        0.17773924032117
      0.1780663860809677
      0.1783559471709735
      0.1786082915265236
      0.1788238351348949
      0.1790030400324313
       0.179146412414779
      0.1792545008550798
      0.1793278946246398
      0.1793672221103141
      0.1793731493226277
       0.179346378488502
      0.1792876467223658
      0.1791977247693992
      0.1790774158146945
      0.1789275543521963
      0.1787490051074087
      0.1785426620080131
      0.1783094471967137
      0.1780503100808057
      0.1777662264131356
      0.1774581973992675
      0.1771272488257943
      0.1767744302048038
      0.1764008139295418
      0.1760074944362916
       0.175595587367416
      0.1751662287303873
       0.174720574047472
      0.1742597974905452
      0.1737850909953078
      0.1732976633489736
      0.1727987392453065
      0.1722895583007429
      0.1717713740252344
      0.1712454527414294
      0.1707130724458762
      0.1701755216060983
      0.1696340978876715
      0.1690901068058266
      0.1685448602966182
      0.1679996752033266
      0.1674558716745062
       0.166914771470931
      0.1663776961796197
      0.1658459653341282
      0.1653208944413517
       0.164803792916181
      0.1642959619264772
      0.1637986921519541
      0.1633132614616801
      0.1628409325160066
      0.1623829502998052
      0.1619405395949303
      0.1615149024008196
      0.1611072153131057
      0.1607186268710264
      0.1603502548852991
      0.1600031837589611
      0.1596784618144741
      0.1593770986411393
      0.1591000624775702
      0.1588482776446015
      0.1586226220445716
      0.1584239247433671
      0.1582529636519599
      0.1581104633243435
      0.1579970928887895
      0.1579134641291396
      0.1578601297324158
      0.1578375817183356
      0.1578462500653482
      0.1578865015465447
      0.1579586387872476
      0.1580628995542475
      0.1581994562845641
      0.1583684158592785
      0.1585698196254765
      0.1588036436666884
      0.1590697993194949
      0.1593681339312354
      0.1596984318510906
       0.160060415644278
      0.1604537475167672
      0.1608780309358492
       0.161332812430137
      0.1618175835511717
      0.1623317829777855
      0.1628747987437486
      0.1634459705689894
      0.1640445922748255
      0.1646699142641292
      0.1653211460481519
      0.1659974588027813
      0.1666979879382574
      0.1674218356677627
      0.1681680735617659
      0.1689357450764817
      0.1697238680462599
      0.1705314371310804
      0.1713574262115842
      0.1722007907251773
      0.1730604699376956
      0.1739353891459148
      0.1748244618068304
      0.1757265915901451
      0.1766406743508045
        0.17756560001875
      0.1785002544033437
      0.1794435209101996
      0.1803942821684634
      0.1813514215669405
      0.1823138246979208
      0.1832803807080761
      0.1842499835564524
        0.18522153318031
       0.186193936570395
      0.1871661087581131
      0.1881369737180091
      0.1891054651898874
      0.1900705274258059
      0.1910311158679938
      0.1919861977644413
      0.1929347527294476
      0.1938757732567586
      0.1948082651930462
      0.1957312481793611
      0.1966437560678194
      0.1975448373201634
      0.1984335553939783
      0.1993089891212781
      0.2001702330829236
      0.2010163979809569
      0.2018466110094679
      0.2026600162231193
      0.2034557749009968
      0.2042330659020878
      0.2049910860074763
      0.2057290502433329
      0.2064461921780194
      0.2071417641861526
      0.2078150376723108
      0.2084653032472322
      0.2090918708498368
       0.209694069809212
       0.210271248841781
      0.2108227759802153
      0.2113480384321862
