                       0
   1.366907387843965e-05
   5.476529344346889e-05
   0.0001234633220460657
   0.0002198950355894343
   0.0003441500882842193
   0.0004962769279596992
   0.0006762842368826891
   0.0008841427653567997
    0.001119787517817343
    0.001383120244559638
    0.001674012186797326
    0.001992307018573464
    0.002337823926241143
    0.002710360764859694
    0.003109697230947234
    0.003535597992582493
     0.00398781572080948
    0.004466093970578931
    0.004970169864932157
    0.005499776542631524
    0.006054645336769436
    0.006634507659821439
    0.007239096578903697
    0.007868148073396232
    0.008521401975341911
    0.009198602600876515
    0.009899499088151444
      0.0106238454635696
     0.01137140046348963
     0.01214192714273008
     0.01293519230413301
     0.01375096578508579
     0.01458901963725864
     0.01544912723495122
     0.01633106234545395
     0.01723459819186066
      0.0181595065349867
     0.01910555679664822
     0.02007251524174825
     0.02106014423160894
     0.02206820155599154
      0.0230964398464503
     0.02414460606924937
     0.02521244109217289
     0.02629967931629903
     0.02740604836126237
     0.02853126879074388
     0.02967505386391164
      0.0308371092982643
     0.03201713302974992
     0.03321481495706464
     0.03442983665858233
     0.03566187107231063
     0.03691058213149012
     0.03817562435082943
     0.03945664236077182
     0.04075327038951494
     0.04206513169464647
     0.04339183794813513
     0.04473298857996633
     0.04608817008688664
     0.04745695531350601
     0.04883890271339392
     0.05023355559781906
     0.05164044137945847
     0.05305907081778429
     0.05448893727199938
      0.0559295159663902
     0.05738026327188511
     0.05884061600650306
      0.0603099907563387
     0.06178778321779422
      0.0632733675610115
     0.06476609581389228
     0.06626529726577386
     0.06777027788973751
     0.06928031978269569
     0.07079468062278862
      0.0723125931442246
     0.07383326463046341
     0.07535587642755022
      0.0768795834803923
     0.07840351389579844
     0.07992676853712188
      0.0814484206563077
     0.08296751557002013
     0.08448307038726328
     0.08599407379649984
     0.08749948592068621
     0.08899823824887609
     0.09048923365309842
     0.09197134649909047
     0.09344342285918694
     0.09490428083524266
     0.09635271099892637
     0.09778747695610189
     0.09920731604132428
      0.1006109401477605
      0.1019970366971225
      0.1033642697534883
      0.1047112812842052
      0.1060366925704473
      0.1073391057694025
      0.1086171056295448
      0.1098692613599594
      0.1110941286542391
      0.1122902518690549
      0.1134561663570825
      0.1145904009535434
      0.1156914806151621
      0.1167579292098363
      0.1177882724547475
      0.1187810409999909
      0.1197347736540663
      0.1206480207467453
      0.1215193476239048
      0.1223473382679093
      0.1231305990360392
      0.1238677625083184
      0.1245574914349069
       0.125198482772032
      0.1257894717942408
      0.1263292362696236
      0.1268166006835834
      0.1272504404957804
      0.1276296864140495
      0.1279533286684355
      0.1282204212680308
      0.1284300862230426
      0.1285815177145045
       0.128673986194263
      0.1287068423983616
      0.1286795212576703
      0.1285915456906127
      0.1284425302640858
      0.1282321847101612
      0.1279603172878797
      0.1276268379813948
      0.1272317615278557
       0.126775210270745
      0.1262574168368629
      0.1256787266377691
       0.125039600199222
      0.1243406153249846
      0.1235824691042564
      0.1227659797749232
      0.1218920884577751
      0.1209618607797767
      0.1199764884073583
       0.118937290513508
      0.1178457152050964
      0.1167033409393436
      0.1155118779605342
      0.1142731697899263
      0.1129891948031747
      0.1116620679303405
      0.1102940425135332
      0.1088875123561963
      0.1074450139957439
      0.1059692292273527
      0.1044629879008288
      0.1029292710041092
      0.1013712140355779
     0.09979211065230346
     0.09819541656178166
     0.09658475359994148
     0.09496391390708685
     0.09333686407512171
     0.09170774909284603
     0.09008089586042191
     0.08846081597864225
     0.08685220744316482
     0.08525995478889269
     0.08368912713673556
     0.08214497349713433
     0.08063291458703695
     0.07915853032708686
     0.07772754211429025
     0.07634578892634634
     0.07501919632446377
     0.07375373750173261
     0.07255538569498876
     0.07143005755899368
     0.07038354750660281
      0.0694214535509404
     0.06854909583305381
     0.06777142974793396
     0.06709295633643721
      0.0665176333113689
     0.06604879063775834
     0.06568905489176961
     0.06544028659537442
     0.06530353431364135
     0.06527900850650439
     0.06536607700312337
     0.06556328262473711
     0.06586838207003687
     0.06627840385744332
     0.06678972203757587
     0.06739814165234746
     0.06809899157453306
     0.06888722040509973
      0.0697574914777952
     0.07070427363213827
     0.07172192516526824
     0.07280476916339104
     0.07394715916555797
     0.07514353477066163
     0.07638846733165136
     0.07767669627905671
     0.07900315688489322
     0.08036300043404096
     0.08175160783444198
     0.08316459769233142
      0.0845978298250398
     0.08604740509953837
     0.08750966238410716
     0.08898117329398306
     0.09045873530709052
     0.09193936372784504
     0.09342028288834245
     0.09489891689831415
     0.09637288018825392
     0.09783996803368439
     0.09929814720175048
      0.1007455468231649
      0.1021804495618439
      0.1036012831302579
      0.1050066121795733
      0.1063951305791051
      0.1077656540886797
      0.1091171134194821
      0.1104485476732597
        0.11175909814588
      0.1130480024787808
      0.1143145891404754
       0.115558272219708
      0.1167785465118846
      0.1179749828808424
      0.1191472238787485
      0.1202949796078091
      0.1214180238084594
      0.1225161901597123
       0.123589368778348
      0.1246375029045736
      0.1256605857626709
      0.1266586575859688
       0.127631802796202
      0.1285801473279926
      0.1295038560897715
      0.1304031305530024
      0.1312782064620506
      0.1321293516574882
      0.1329568640060489
      0.1337610694308508
      0.1345423200358896
      0.1353009923192014
      0.1360374854694708
      0.1367522197412446
      0.1374456349042964
      0.1381181887630574
      0.1387703557423981
      0.1394026255363946
      0.1400155018170419
      0.1406095010001756
      0.1411851510661329
      0.1417429904329066
      0.1422835668797337
      0.1428074365192037
      0.1433151628160547
      0.1438073156508984
      0.1442844704271039
      0.1447472072190714
      0.1451961099600699
      0.1456317656677436
      0.1460547637053299
      0.1464656950765447
      0.1468651517520295
      0.1472537260252092
      0.1476320098953776
      0.1480005944758377
       0.148360069424959
       0.148711022398091
      0.1490540385183712
      0.1493896998646148
      0.1497185849746356
      0.1500412683625292
      0.1503583200486627
       0.150670305101313
      0.1509777831891069
      0.1512813081436032
      0.1515814275315398
       0.151878682236416
      0.1521736060492019
      0.1524667252680555
      0.1527585583069859
      0.1530496153134204
      0.1533403977946314
      0.1536313982529381
      0.1539230998295587
      0.1542159759569165
      0.1545104900191388
      0.1548070950204267
      0.1551062332609178
      0.1554083360196302
      0.1557138232440622
      0.1560231032460396
      0.1563365724034423
      0.1566546148675085
      0.1569776022755237
      0.1573058934687987
      0.1576398342159979
      0.1579797569420073
      0.1583259804626838
      0.1586788097259659
       0.159038535559952
      0.1594054344286584
      0.1597797681962487
       0.160161783900567
      0.1605517135368282
      0.1609497738522869
      0.1613561661526585
        0.16177107612097
      0.1621946736494017
      0.1626271126845623
      0.1630685310864685
       0.163519050501365
      0.1639787762483684
      0.1644477972197746
      0.1649261857947519
      0.1654139977660551
      0.1659112722793097
      0.1664180317843959
      0.1669342819984481
      0.1674600118800107
      0.1679951936139449
      0.1685397826067586
      0.1690937174921223
      0.1696569201464309
       0.170229295714394
      0.1708107326447248
      0.1714011027361025
      0.1720002611936568
      0.1726080466962874
      0.1732242814751648
      0.1738487714037711
      0.1744813060998389
      0.1751216590394987
      0.1757695876839144
      0.1764248336186121
      0.1770871227056432
      0.1777561652486517
      0.1784316561708471
      0.1791132752058365
      0.1798006871012203
      0.1804935418348463
      0.1811914748436182
      0.1818941072647826
      0.1826010461896744
      0.1833118849299749
      0.1840262032966332
      0.1847435678917138
       0.185463532413546
       0.186185637975685
      0.1869094134402985
      0.1876343757667139
      0.1883600303759471
      0.1890858715321024
      0.1898113827415768
      0.1905360371710227
      0.1912592980849948
      0.1919806193041645
      0.1926994456849013
       0.193415213620921
      0.1941273515675545
      0.1948352805890526
      0.1955384149291677
      0.1962361626050734
      0.1969279260245141
      0.1976131026258796
      0.1982910855407369
      0.1989612642781774
      0.1996230254301735
      0.2002757533970044
      0.2009188311316554
      0.2015516409019856
      0.2021735650693172
      0.2027839868819979
      0.2033822912823575
      0.2039678657253602
      0.2045401010071198
      0.2050983921013002
       0.205642139001265
      0.2061707475656567
      0.2066836303648985
      0.2071802075258894
      0.2076599075719322
      0.2081221682547104
       0.208566437374847
      0.2089921735873532
       0.209398847188018
      0.2097859408765484
      0.2101529504920612
      0.2104993857163461
      0.2108247707401575
      0.2111286448877095
      0.2114105631944812
      0.2116700969334601
      0.2119068340850236
      0.2121203797457954
      0.2123103564720317
      0.2124764045533778
      0.2126181822131887
      0.2127353657320384
      0.2128276494915396
      0.2128947459361598
       0.212936385451337
      0.2129523161568905
      0.2129423036154478
      0.2129061304563998
      0.2128435959167095
      0.2127545153007796
      0.2126387193624728
      0.2124960536133028
      0.2123263775617725
      0.2121295638898007
       0.211905497573164
      0.2116540749538711
       0.211375202773385
      0.2110687971765884
      0.2107347826973722
      0.2103730912376703
      0.2099836610526896
      0.2095664357559454
       0.209121363358541
      0.2086483953578621
      0.2081474858915149
      0.2076185909728928
      0.2070616678251928
      0.2064766743310102
      0.2058635686147995
      0.2052223087754949
      0.2045528527864186
      0.2038551585792638
      0.2031291843284159
      0.2023748889511653
      0.2015922328384728
      0.2007811788298686
      0.1999416934448223
       0.199073748381502
      0.1981773222922738
      0.1972524028436023
      0.1962989890661798
      0.1953170939992103
       0.194306747630771
      0.1932680001341201
      0.1922009253977388
      0.1911056248447668
       0.189982231535385
       0.188830914543577
      0.1876518835976002
      0.1864453939714189
      0.1852117516122751
      0.1839513184875098
      0.1826645181316798
      0.1813518413729034
       0.180013852215217
      0.1786511938514643
      0.1772645947788544
      0.1758548749867497
        0.17442295218343
      0.1729698480254608
      0.1714966943098037
      0.1700047390848778
      0.1684953526323283
      0.1669700332662128
      0.1654304128906156
      0.1638782622502549
      0.1623154958014158
      0.1607441761225016
       0.159166517774604
       0.157584890512806
      0.1560018217385079
      0.1544199980720482
      0.1528422659135082
      0.1512716308481257
      0.1497112557416775
      0.1481644573610421
      0.1466347013466777
      0.1451255953578113
       0.143640880208786
      0.1421844188174733
      0.1407601827952651
      0.1393722365243635
      0.1380247185933355
      0.1367218204975834
       0.135467762558642
      0.1342667670758534
      0.1331230287961866
      0.1320406828722191
      0.1310237705730779
      0.1300762031158276
      0.1292017240915899
      0.1284038710665842
      0.1276859370372513
      0.1270509325038869
      0.1265015489916855
      0.1260401248849943
      0.1256686144440925
      0.1253885608398019
      0.1252010739678747
      0.1251068136932957
      0.1251059790283056
      0.1251983035738138
      0.1253830573610969
      0.1256590550301022
      0.1260246700838226
      0.1264778547762974
      0.1270161650346945
      0.1276367896913069
      0.1283365832141527
       0.129112101077147
      0.1299596369016666
      0.1308752605273361
      0.1318548562257504
      0.1328941603500343
      0.1339887978085881
      0.1351343168560613
      0.1363262218021826
       0.137560003344113
      0.1388311663262302
      0.1401352548196313
      0.1414678744902581
      0.1428247122885558
      0.1442015535448867
      0.1455942965942086
      0.1469989650817821
      0.1484117181202679
       0.149828858478948
      0.1512468389894226
      0.1526622673504083
      0.1540719095084551
      0.1554726917826433
      0.1568617018905685
      0.1582361890209551
      0.1595935630856871
      0.1609313932714118
      0.1622474059985002
      0.1635394823833225
      0.1648056552886742
      0.1660441060368937
      0.1672531608507866
      0.1684312870789483
      0.1695770892544136
      0.1706893050287542
       0.171766801017724
      0.1728085685892701
      0.1738137196201089
      0.1747814822430784
      0.1757111966040135
      0.1766023106439314
      0.1774543759197776
      0.1782670434748216
      0.1790400597679485
      0.1797732626695489
      0.1804665775303742
        0.18112001332861
      0.1817336588994658
      0.1823076792507493
      0.1828423119671899
      0.1833378637056458
      0.1837947067827706
      0.1842132758562185
      0.1845940646999967
      0.1849376230741405
      0.1852445536884961
      0.1855155092599865
      0.1857511896623975
      0.1859523391673579
      0.1861197437748685
      0.1862542286314352
      0.1863566555335756
       0.186427920514234
      0.1864689515094002
      0.1864807061020548
      0.1864641693404032
      0.1864203516272417
      0.1863502866772104
      0.1862550295386309
      0.1861356546766024
      0.1859932541140258
      0.1858289356272521
      0.1856438209930759
      0.1854390442838623
      0.1852157502076442
      0.1849750924900879
      0.1847182322953005
      0.1844463366825081
      0.1841605770956954
       0.183862127883357
      0.1835521648455747
      0.1832318638056805
      0.1829023992038444
      0.1825649427099903
      0.1822206618535353
       0.181870718667561
      0.1815162683451504
      0.1811584579058082
       0.180798424870067
      0.1804372959406431
      0.1800761856887751
      0.1797161952447158
      0.1793584109917145
      0.1790039032632333
       0.178653725043575
      0.1783089106725806
      0.1779704745555279
      0.1776394098798624
      0.1773166873408856
      0.1770032538790132
      0.1767000314316678
      0.1764079157033102
      0.1761277749574947
      0.1758604488351756
      0.1756067472037759
      0.1753674490417482
      0.1751433013635125
      0.1749350181897566
      0.1747432795681018
      0.1745687306491046
      0.1744119808224664
      0.1742736029181781
      0.1741541324771146
      0.1740540670953592
       0.173973865846242
      0.1739139487837659
      0.1738746965307427
      0.1738564499545799
      0.1738595099332744
      0.1738841372137435
      0.1739305523641857
       0.173998935821716
      0.1740894280360427
      0.1742021297094612
      0.1743371021329401
      0.1744943676175443
      0.1746739100199167
      0.1748756753599824
      0.1750995725284989
       0.175345474081524
       0.175613217118327
      0.1759026042387466
      0.1762134045754953
      0.1765453548964386
      0.1768981607714516
      0.1772714977980878
      0.1776650128799657
      0.1780783255515496
       0.178511029342815
       0.178962693177191
      0.1794328627961556
      0.1799210622039112
      0.1804267951256902
      0.1809495464734418
      0.1814887838128966
      0.1820439588263097
      0.1826145087655242
      0.1831998578903682
      0.1837994188877742
      0.1844125942674135
      0.1850387777300093
      0.1856773555048719
      0.1863277076535374
      0.1869892093367181
      0.1876612320420487
      0.1883431447703739
      0.1890343151785319
      0.1897341106767796
      0.1904418994791551
      0.1911570516052155
      0.1918789398316882
      0.1926069405926944
      0.1933404348272829
      0.1940788087731193
      0.1948214547052714
      0.1955677716191461
      0.1963171658567418
      0.1970690516755283
      0.1978228517593976
      0.1985779976712894
      0.1993339302472564
       0.200090099931902
      0.2008459670552886
      0.2016010020515731
      0.2023546856197831
      0.2031065088272812
      0.2038559731565877
      0.2046025904963336
      0.2053458830771914
      0.2060853833536984
       0.206820633832921
      0.2075511868509368
      0.2082766042981207
      0.2089964572942255
      0.2097103258142571
        0.21041779826615
      0.2111184710212715
      0.2118119478988272
      0.2124978396053072
      0.2131757631302053
      0.2138453410993767
       0.214506201087563
      0.2151579748918148
      0.2158002977677846
      0.2164328076311212
      0.2170551442265136
      0.2176669482672398
      0.2182678605484245
      0.2188575210375625
      0.2194355679462167
      0.2200016367871522
      0.2205553594215047
      0.2210963631009163
       0.221624269509853
      0.2221386938136097
      0.2226392437177414
      0.2231255185448752
      0.2235971083350307
       0.224053592975733
      0.2244945413683115
      0.2249195106368732
      0.2253280453864941
       0.225719677017227
      0.2260939231005392
      0.2264502868248004
      0.2267882565164333
        0.22710730524332
      0.2274068905070071
      0.2276864540302121
      0.2279454216460507
      0.2281832032953162
      0.2283991931380009
      0.2285927697851389
      0.2287632966568006
      0.2289101224718909
      0.2290325818750951
      0.2291299962059966
        0.22920167441502
       0.229246914130398
      0.2292650028798944
      0.2292552194704598
      0.2292168355284061
       0.229149117202065
      0.2290513270281966
      0.2289227259627418
      0.2287625755757561
      0.2285701404096523
      0.2283446904991161
      0.2280855040503338
      0.2277918702764583
      0.2274630923855236
      0.2270984907163645
      0.2266974060174641
      0.2262592028630386
      0.2257832732001302
      0.2252690400199439
      0.2247159611461821
      0.2241235331326749
      0.2234912952621771
      0.2228188336377892
       0.222105785358053
       0.221351842766382
      0.2205567577650663
      0.2197203461836743
      0.2188424921912067
      0.2179231527408798
      0.2169623620358588
      0.2159602360036808
      0.2149169767664358
      0.2138328770930381
      0.2127083248191051
      0.2115438072190315
      0.2103399153138308
      0.2090973480971674
      0.2078169166607109
      0.2064995481985265
      0.2051462898685811
      0.2037583124876647
      0.2023369140339802
      0.2008835229293973
      0.1993997010708165
      0.1978871465772436
       0.196347696216003
      0.1947833274680028
      0.1931961601880758
       0.191588457812168
      0.1899626280585361
      0.1883212230651612
      0.1866669389003528
      0.1850026143780787
      0.1833312291040343
      0.1816559006730069
      0.1799798809329382
      0.1783065512264645
      0.1766394165170113
      0.1749820983040667
      0.1733383262316002
      0.1717119282951789
      0.1701068195578256
      0.1685269892926225
      0.1669764864821808
      0.1654594036219527
      0.1639798587965486
      0.1625419760261487
      0.1611498639140496
      0.1598075926663467
      0.1585191696004162
       0.157288513309506
      0.1561194267052171
      0.1550155692162963
      0.1539804284788622
      0.1530172919073433
      0.1521292185841145
      0.1513190119459336
      0.1505891937736302
      0.1499419800051714
      0.1493792588887413
      0.1489025719701186
      0.1485130983666598
      0.1482116427189749
      0.1479986271325617
       0.147874087328031
      0.1478376731140344
      0.1478886531863031
      0.1480259241445338
      0.1482480235115614
      0.1485531464413286
      0.1489391657179998
      0.1494036545815432
      0.1499439118674551
      0.1505569889209641
      0.1512397177388143
      0.1519887398031297
      0.1528005350997119
       0.153671450854461
      0.1545977295731783
      0.1555755360284216
      0.1566009828991127
      0.1576701548312701
      0.1587791307491044
      0.1599240043027249
      0.1611009023904507
      0.1623060017392097
      0.1635355435652537
      0.1647858463693269
      0.1660533169456927
      0.1673344597034755
      0.1686258844122395
      0.1699243124922656
      0.1712265819743362
      0.1725296512547307
      0.1738306017692399
      0.1751266397059688
      0.1764150968710702
      0.1776934308148048
      0.1789592243178879
      0.1802101843302532
      0.1814441404464389
      0.1826590429939527
      0.1838529608033713
      0.1850240787216545
       0.186170694923315
      0.1872912180676642
      0.1883841643444364
      0.1894481544446071
      0.1904819104882339
      0.1914842529365637
      0.1924540975115158
      0.1933904521418916
      0.1942924139522809
      0.1951591663076053
      0.1959899759235292
      0.1967841900505655
      0.1975412337375976
      0.1982606071786964
      0.1989418831455184
      0.1995847045062461
      0.2001887818308968
      0.2007538910819378
       0.201279871388425
      0.2017666229013599
      0.2022141047275774
      0.2026223329392584
      0.2029913786560313
      0.2033213661966184
      0.2036124712970363
      0.2038649193924703
      0.2040789839600791
      0.2042549849201409
      0.2043932870930968
      0.2044942987101752
      0.2045584699753692
      0.2045862916765957
      0.2045782938438665
      0.2045350444522731
      0.2044571481674909
      0.2043452451314022
      0.2042000097852879
      0.2040221497278726
      0.2038124046053482
      0.2035715450303434
      0.2033003715266727
      0.2029997134966138
      0.2026704282073868
       0.202313399793551
      0.2019295382720518
      0.2015197785668065
      0.2010850795398664
      0.2006264230264383
      0.2001448128712854
      0.1996412739643433
      0.1991168512736625
      0.1985726088740928
      0.1980096289703864
      0.1974290109136273
       0.196831870210062
       0.196219337521508
      0.1955925576565463
      0.1949526885516414
      0.1943009002411979
      0.1936383738153453
      0.1929663003639655
      0.1922858799051439
      0.1915983202958672
      0.1909048361224205
      0.1902066475675934
      0.1895049792514856
      0.1888010590424908
      0.1880961168348775
      0.1873913832893731
      0.1866880885332775
      0.1859874608168619
      0.1852907251232389
      0.1845991017294221
      0.1839138047169745
      0.1832360404314589
      0.1825670058907913
      0.1819078871435658
      0.1812598575794225
      0.1806240761945264
      0.1800016858161948
      0.1793938112916148
      0.1788015576463947
      0.1782260082193741
      0.1776682227806797
      0.1771292356403971
      0.1766100537555009
      0.1761116548427889
      0.1756349855055619
      0.1751809593816904
      0.1747504553205178
      0.1743443155958531
      0.1739633441620773
      0.1736083049602054
      0.1732799202806273
      0.1729788691892018
      0.1727057860234408
      0.1724612589656812
       0.172245828700404
      0.1720599871631883
      0.1719041763891791
      0.1717787874693433
      0.1716841596231224
      0.1716205793963646
      0.1715882799935185
      0.1715874407529545
      0.1716181867739386
      0.1716805887031114
      0.1717746626873478
      0.1719003704985408
      0.1720576198341977
      0.1722462647957503
      0.1724661065442385
      0.1727168941305532
      0.1729983254948165
      0.1733100486268212
      0.1736516628768154
       0.174022720403451
       0.174422727743459
      0.1748511474857148
      0.1753074000308552
      0.1757908654166066
      0.1763008851885064
      0.1768367642957891
      0.1773977729928702
      0.1779831487280707
      0.1785920980029477
      0.1792237981877728
      0.1798773992812323
      0.1805520256052515
