                       0
   4.996626666666545e-05
   0.0001997269431941453
   0.0004490676792339103
   0.0007977646046825923
    0.001245584370896098
    0.001792284192509551
    0.002437611889668816
    0.003181305930427452
    0.004023095473012367
    0.004962700407612469
    0.005999831397296902
    0.007134189917623809
    0.008365468294456455
    0.009693349739461569
     0.01111750838272399
     0.01263760930187451
      0.0142533085470901
      0.0159642531612923
     0.01777008119483703
     0.01967042171395764
      0.0216648948021952
     0.02375311155402436
     0.02593467405985468
     0.02820917538156924
     0.03057619951773697
     0.03303532135761956
     0.03558610662307451
     0.03822811179744205
     0.04096088404049247
     0.04378396108849621
     0.04669687113847563
     0.04969913271568931
     0.05279025452339727
       0.055969735273956
     0.05923706350029458
     0.06259171734682827
     0.06603316433887595
     0.06956086112965656
     0.07317425322395685
     0.07687277467758119
     0.08065584777170985
     0.08452288266132639
     0.08847327699689077
     0.09250641551847565
     0.09662166962161423
       0.100818396894147
      0.1050959406233949
      0.1094536292730411
       0.113890775929142
       0.118406677714756
      0.1230006151727259
      0.1276718516162295
      0.1324196324467692
      0.1372431844393553
      0.1421417149947117
       0.147114411358431
      0.1521604398070833
       0.157278944801392
      0.1624690481066952
      0.1677298478810178
       0.173060417731201
       0.178459805737673
      0.1839270334485517
      0.1894610948439466
      0.1950609552714355
      0.2007255503538891
      0.2064537848709395
      0.2122445316155908
      0.2180966302276281
      0.2240088860056764
      0.2299800686999457
      0.2360089112879107
      0.2420941087353664
      0.2482343167455195
      0.2544281504990061
      0.2606741833879263
      0.2669709457472505
      0.2733169235871741
      0.2797105573302138
      0.2861502405571494
      0.2926343187660898
      0.2991610881492448
      0.3057287943922242
      0.3123356315009154
       0.318979740661276
       0.325659209137606
       0.332372069215116
      0.3391162971928334
      0.3458898124331264
      0.3526904764743593
      0.3595160922133657
      0.3663644031646441
      0.3732330928033427
      0.3801197839992705
      0.3870220385492663
      0.3939373568154268
      0.4008631774766906
       0.407796877401411
      0.4147357716484993
      0.4216771136047277
      0.4286180952657159
      0.4355558476680185
      0.4424874414795864
      0.4494098877556842
      0.4563201388670848
      0.4632150896070968
      0.4700915784835808
       0.476946389201763
      0.4837762523431455
      0.4905778472453038
      0.4973478040867928
      0.5040827061807128
      0.5107790924798088
      0.5174334602952095
      0.5240422682300732
       0.530601939328557
      0.5371088644395983
      0.5435594057939607
      0.5499499007920359
      0.5562766659988034
      0.5625360013411934
      0.5687241945020055
      0.5748375255033822
      0.5808722714715642
      0.5868247115735902
      0.5926911321152737
      0.5984678317887202
      0.6041511270563953
      0.6097373576576448
       0.615222892222471
      0.6206041339763199
      0.6258775265186052
      0.6310395596568008
      0.6360867752770945
      0.6410157732318164
       0.645823217223232
      0.6505058406627101
      0.6550604524839098
      0.6594839428882607
      0.6637732890009118
      0.6679255604152461
       0.671937924604208
      0.6758076521769234
      0.6795321219595003
      0.6831088258795018
      0.6865353736342014
      0.6898094971236316
      0.6929290546304054
      0.6958920347294129
       0.698696559911688
      0.7013408899081732
      0.7038234247004883
      0.7061427072074574
      0.7082974256376928
      0.7102864155002817
      0.7121086612674126
      0.7137632976844958
        0.71524961072523
      0.7165670381908108
      0.7177151699543702
      0.7186937478534466
      0.7195026652350807
      0.7201419661597785
      0.7206118442722481
      0.7209126413482866
      0.7210448455286645
      0.7210090892521814
      0.7208061469012436
      0.7204369321744514
      0.7199024952015797
      0.7192040194171793
      0.7183428182097211
      0.7173203313637174
      0.7161381213126544
      0.7147978692208627
       0.713301370912552
      0.7116505326662271
      0.7098473668926351
      0.7078939877140729
      0.7057926064626115
      0.7035455271143068
      0.7011551416759214
      0.6986239255401041
      0.6959544328242983
      0.6931492917078081
      0.6902111997808194
      0.6871429194182218
      0.6839472731902404
      0.6806271393210802
      0.6771854472058407
      0.6736251729950632
      0.6699493352554831
      0.6661609907145817
      0.6622632300957991
      0.6582591740503887
      0.6541519691911201
      0.6499447842323551
      0.6456408062401842
      0.6412432369957988
      0.6367552894745239
       0.632180184442439
      0.6275211471719246
       0.622781404277035
      0.6179641806690963
      0.6130726966325711
      0.6081101650208541
      0.6030797885713057
      0.5979847573386226
      0.5928282462452946
      0.5876134127477878
      0.5823433946167872
      0.5770213078297681
      0.5716502445739914
      0.5662332713578928
      0.5607734272287218
       0.555273722094299
      0.5497371351465669
      0.5441666133846597
       0.538565070235124
       0.532935384266932
      0.5272803979988318
      0.5216029167966625
      0.5159057078581644
      0.5101914992828563
      0.5044629792245201
      0.4987227951238319
      0.4929735530187161
      0.4872178169299529
      0.4814581083195725
      0.4756969056196438
      0.4699366438289687
      0.4641797141752811
      0.4584284638405203
      0.4526851957467591
      0.4469521684003911
      0.4412315957921736
      0.4355256473507563
      0.4298364479473185
      0.4241660779489765
      0.4185165733186156
      0.4128899257588443
      0.4072880828977625
      0.4017129485143004
      0.3961663828008574
      0.3906502026610502
      0.3851661820403698
      0.3797160522876055
      0.3743015025449176
      0.3689241801644857
      0.3635856911496927
      0.3582876006188478
      0.3530314332895091
      0.3478186739814966
      0.3426507681367564
       0.337529122354265
      0.3324551049382375
      0.3274300464579496
      0.3224552403175367
      0.3175319433342044
      0.3126613763233337
      0.3078447246890214
       0.303083139018677
      0.2983777356803331
      0.2937295974214112
      0.2891397739677313
      0.2846092826216248
      0.2801391088580587
      0.2757302069177722
      0.2713835003964388
       0.267099882828967
      0.2628802182680987
       0.258725341856508
      0.2546360603916886
      0.2506131528829413
       0.246657371099842
      0.2427694401116371
      0.2389500588170296
      0.2351999004638982
      0.2315196131585234
      0.2279098203639442
      0.2243711213871172
      0.2209040918545792
      0.2175092841763699
      0.2141872279979981
      0.2109384306402764
      0.2077633775268786
      0.2046625325995151
      0.2016363387206435
      0.1986852180636604
       0.195809572490558
      0.1930097839170345
      0.1902862146650899
      0.1876392078031472
      0.1850690874737567
      0.1825761592089708
      0.1801607102334803
      0.1778230097556185
       0.175563309246359
      0.1733818427064354
      0.1712788269217221
      0.1692544617070324
      0.1673089301384787
      0.1654423987745618
      0.1636550178661525
      0.1619469215555298
      0.1603182280646448
      0.1587690398727867
      0.1572994438838144
      0.1559095115831184
      0.1545992991844976
       0.153368847767095
      0.1522181834025717
      0.1511473172726691
      0.1501562457773193
      0.1492449506334486
      0.1484133989646304
      0.1476615433817167
      0.1469893220545936
      0.1463966587751895
      0.1458834630118546
      0.1454496299552427
      0.1450950405558021
       0.144819561552983
      0.1446230454962744
      0.1445053307581605
      0.1444662415390971
      0.1445055878645937
      0.1446231655744968
       0.144818756304547
      0.1450921274603044
      0.1454430321835108
      0.1458712093109738
      0.1463763833260566
      0.1469582643028429
      0.1476165478430662
      0.1483509150058892
      0.1491610322306156
      0.1500465512524352
      0.1510071090112984
      0.1520423275540276
      0.1531518139297829
      0.1543351600790081
      0.1555919427159936
      0.1569217232052061
      0.1583240474315536
      0.1597984456647575
      0.1613444324180338
      0.1629615063013027
      0.1646491498691497
      0.1664068294638066
      0.1682339950534237
      0.1701300800659469
       0.172094501218916
      0.1741266583455522
      0.1762259342175206
      0.1783916943647831
      0.1806232868929883
      0.1829200422988871
       0.185281273284286
      0.1877062745691009
      0.1901943227040883
      0.1927446758839017
      0.1953565737611275
      0.1980292372620236
      0.2007618684046976
      0.2035536501205343
      0.2064037460796965
      0.2093113005215831
      0.2122754380911669
      0.2152952636821714
      0.2183698622880953
      0.2214982988621343
      0.2246796181870838
      0.2279128447563557
      0.2311969826672675
      0.2345310155278091
      0.2379139063781186
      0.2413445976279417
      0.2448220110113538
      0.2483450475600768
      0.2519125875967315
      0.2555234907493653
      0.2591765959886496
      0.2628707216891079
       0.266604665715769
      0.2703772055376041
      0.2741870983691398
      0.2780330813415723
      0.2819138717047303
      0.2858281670611756
      0.2897746456337013
      0.2937519665674291
      0.2977587702676645
      0.3017936787746014
      0.3058552961758694
      0.3099422090578687
      0.3140529869966943
      0.3181861830894014
      0.3223403345261863
      0.3265139632039659
      0.3307055763817105
      0.3349136673776766
      0.3391367163085956
      0.3433731908706605
      0.3476215471619757
      0.3518802305459626
      0.3561476765549899
      0.3604223118333099
      0.3647025551181599
      0.3689868182576431
      0.3732735072638239
      0.3775610233991848
      0.3818477642943965
      0.3861321250950924
      0.3904124996351047
      0.3946872816333962
      0.3989548659116614
      0.4032136496293587
      0.4074620335327086
       0.411698423213979
      0.4159212303771632
       0.420128874105998
       0.424319782130034
      0.4284923920843868
      0.4326451527585942
      0.4367765253299323
      0.4408849845764172
      0.4449690200646766
      0.4490271373078481
      0.4530578588885904
      0.4570597255424259
       0.461031297196576
      0.4649711539596236
      0.4688778970574589
      0.4727501497110916
      0.4765865579521601
      0.4803857913721967
      0.4841465438020046
      0.4878675339177871
      0.4915475057710832
       0.495185229239933
      0.4987795003990837
       0.502329141807596
      0.5058330027126294
      0.5092899591687426
      0.5126989140725725
       0.516058797113323
      0.5193685646400864
      0.5226271994475847
      0.5258337104825758
      0.5289871324736797
      0.5320865254881023
      0.5351309744192144
      0.5381195884095741
      0.5410515002145813
       0.543925865512392
      0.5467418621663416
      0.5494986894465042
      0.5521955672174798
      0.5548317350999471
      0.5574064516137278
      0.5599189933105161
      0.5623686539045657
      0.5647547434098444
       0.567076587292195
      0.5693335256451187
      0.5715249123977533
      0.5736501145634518
      0.5757085115372335
      0.5776994944501059
      0.5796224655878914
      0.5814768378818338
      0.5832620344778018
      0.5849774883903148
      0.5866226422470919
      0.5881969481291509
      0.5896998675107986
      0.5911308713030824
       0.592489440003547
      0.5937750639543075
      0.5949872437095794
      0.5961254905130163
      0.5971893268843124
      0.5981782873136433
      0.5990919190617062
      0.5999297830622399
      0.6006914549230983
      0.6013765260211367
      0.6019846046854372
      0.6025153174626456
      0.6029683104575581
      0.6033432507414481
      0.6036398278200776
      0.6038577551528318
      0.6039967717140118
      0.6040566435869312
      0.6040371655812016
       0.603938162863361
       0.603759492590882
       0.603501045539525
      0.6031627477140212
      0.6027445619321814
       0.602246489372625
      0.6016685710766438
      0.6010108893949584
      0.6002735693704697
      0.5994567800486069
       0.598560735707252
      0.5975856969988308
      0.5965319719976643
      0.5953999171462953
      0.5941899380952012
       0.592902490430863
      0.5915380802879341
      0.5900972648419306
      0.5885806526795224
      0.5869889040443007
      0.5853227309565294
      0.5835828972061415
       0.581770218218879
      0.5798855607962079
       0.577929842730201
      0.5759040322952897
      0.5738091476193132
       0.571646255936859
      0.5694164727284685
       0.567120960749655
      0.5647609289542208
       0.562337631316732
       0.559852365559352
      0.5573064717885358
      0.5547013310474284
      0.5520383637899605
      0.5493190282828683
      0.5465448189419936
      0.5437172646093124
      0.5408379267772325
      0.5379083977666949
      0.5349302988656061
      0.5319052784341157
      0.5288350099831379
      0.5257211902324042
       0.522565537154234
      0.5193697880090228
      0.5161356973782517
      0.5128650352006463
      0.5095595848168433
      0.5062211410277337
       0.502851508171361
      0.4994524982229895
      0.4960259289226877
      0.4925736219344917
      0.4890974010409309
      0.4855990903763682
      0.4820805127023792
      0.4785434877280431
      0.4749898304777669
      0.4714213497089497
      0.4678398463815432
      0.4642471121812571
      0.4606449280979266
       0.457035063060259
      0.4534192726279555
      0.4497992977419586
      0.4461768635333365
       0.442553678191091
      0.4389314318890002
      0.4353117957713634
      0.4316964209973588
      0.4280869378435672
      0.4244849548639917
      0.4208920581068415
      0.4173098103871173
      0.4137397506139924
      0.4101833931718021
      0.4066422273534011
      0.4031177168445166
      0.3996112992576615
       0.396124385714113
      0.3926583604723646
      0.3892145806014314
      0.3857943756973535
      0.3823990476411693
      0.3790298703966525
      0.3756880898460414
      0.3723749236620175
      0.3690915612141563
       0.365839163508083
      0.3626188631555889
       0.359431764373957
       0.356278943012761
      0.3531614466064596
      0.3500802944510802
      0.3470364777033779
      0.3440309595008294
       0.341064675100912
      0.3381385320381166
      0.3352534102972192
      0.3324101625013534
      0.3296096141134853
      0.3268525636499368
      0.3241397829046631
      0.3214720171830184
      0.3188499855438058
      0.3162743810484769
       0.313745871016356
      0.3112650972848614
      0.3088326764737153
      0.3064492002521969
      0.3041152356085597
      0.3018313251207577
       0.299597987227687
      0.2974157165002293
      0.2952849839113698
      0.2932062371047775
      0.2911799006612503
      0.2892063763624638
      0.2872860434515449
      0.2854192588900086
      0.2836063576106455
      0.2818476527660066
      0.2801434359721567
      0.2784939775474051
      0.2768995267457926
      0.2753603119851165
      0.2738765410693359
      0.2724484014052296
      0.2710760602132119
      0.2697596647322521
      0.2684993424188717
      0.2672952011402298
      0.2661473293613363
      0.2650557963264596
      0.2640206522348349
      0.2630419284108041
      0.2621196374685333
      0.2612537734714994
      0.2604443120869591
      0.2596912107356232
      0.2589944087368071
      0.2583538274493382
      0.2577693704085195
      0.2572409234594807
      0.2567683548872755
      0.2563515155440774
      0.2559902389738717
      0.2556843415350586
      0.2554336225213751
      0.2552378642815951
      0.2550968323384591
      0.2550102755073076
      0.2549779260149031
      0.2549994996189544
      0.2550746957288407
       0.255203197528085
      0.2553846720990825
      0.2556187705506578
      0.2559051281489993
      0.2562433644525177
      0.2566330834512217
       0.257073873711172
      0.2575653085245883
      0.2581069460662022
      0.2586983295564374
      0.2593389874319906
      0.2600284335244105
      0.2607661672472306
      0.2615516737922678
      0.2623844243356091
      0.2632638762538869
      0.2641894733513592
      0.2651606460983617
      0.2661768118816268
      0.2672373752669933
      0.2683417282749805
      0.2694892506697007
      0.2706793102615342
      0.2719112632239964
      0.2731844544251622
      0.2744982177739997
      0.2758518765819249
      0.2772447439398558
      0.2786761231109829
      0.2801453079394443
      0.2816515832750485
      0.2831942254141148
      0.2847725025564696
      0.2863856752785599
      0.2880329970226001
      0.2897137146015829
      0.2914270687199454
      0.2931722945095729
        0.29494862208079
      0.2967552770878746
      0.2985914813085735
      0.3004564532370103
      0.3023494086892855
      0.3042695614209751
      0.3062161237556711
      0.3081883072235763
      0.3101853232091036
        0.31220638360633
      0.3142507014810208
      0.3163174917379152
      0.3184059717917923
      0.3205153622407917
      0.3226448875403407
      0.3247937766759556
      0.3269612638330811
      0.3291465890620557
      0.3313489989362012
      0.3335677472009235
      0.3358020954116783
      0.3380513135585427
      0.3403146806750783
      0.3425914854291159
      0.3448810266930227
      0.3471826140909712
      0.3494955685207018
       0.351819222647217
      0.3541529213658411
      0.3564960222320821
      0.3588478958556946
      0.3612079262564075
      0.3635755111787629
      0.3659500623635829
      0.3683310057736228
      0.3707177817710327
      0.3731098452443455
      0.3755066656828024
      0.3779077271959284
        0.38031252847644
      0.3827205827046649
      0.3851314173928488
      0.3875445741679094
      0.3899596084913794
      0.3923760893154857
      0.3947935986745906
      0.3972117312113968
      0.3996300936376582
      0.4020483041293403
      0.4044659916565326
      0.4068827952486803
      0.4092983631960221
       0.411712352188477
      0.4141244263935158
      0.4165342564749553
      0.4189415185549228
      0.4213458931215954
      0.4237470638857146
      0.4261447165892082
      0.4285385377696078
      0.4309282134843427
      0.4333134279992807
      0.4356938624462938
      0.4380691934549037
      0.4404390917634211
      0.4428032208152612
      0.4451612353464149
      0.4475127799703242
      0.4498574877666486
      0.4521949788805786
      0.4545248591396097
      0.4568467186947778
      0.4591601306935045
      0.4614646499912961
       0.463759811909508
      0.4660451310465332
      0.4683201001495845
      0.4705841890542597
      0.4728368436989313
      0.4750774852208075
      0.4773055091403486
      0.4795202846404381
      0.4817211539463839
      0.4839074318125337
      0.4860784051208364
      0.4882333325963282
      0.4903714446439571
      0.4924919433107131
      0.4945940023764738
      0.4966767675763863
       0.498739356957009
      0.5007808613677817
      0.5028003450887522
      0.5047968465948319
      0.5067693794561275
       0.508716933373214
      0.5106384753455169
      0.5125329509702798
       0.514399285868882
       0.516236387236563
       0.518043145511022
      0.5198184361546044
      0.5215611215442579
      0.5232700529627742
       0.524944072684316
      0.5265820161466942
      0.5281827142023741
      0.5297449954397515
      0.5312676885658644
       0.532749624841374
      0.5341896405583492
      0.5355865795511894
       0.536939295730824
      0.5382466556322616
      0.5395075409654621
      0.5407208511595547
       0.541885505890473
      0.5430004475822211
      0.5440646438721608
      0.5450770900309061
      0.5460368113278101
      0.5469428653332451
      0.5477943441493237
      0.5485903765611425
      0.5493301301010782
       0.550012813019172
      0.5506376761531537
       0.551204014692275
        0.55171116982961
      0.5521585302981455
      0.5525455337866062
      0.5528716682314923
       0.553136472982505
      0.5533395398391494
      0.5534805139568741
      0.5535590946217269
      0.5535750358931524
      0.5535281471150475
      0.5534182932957924
      0.5532453953585311
      0.5530094302634027
      0.5527104310040186
      0.5523484864808108
      0.5519237412543844
      0.5514363951823651
      0.5508867029435618
      0.5502749734536208
      0.5496015691766358
      0.5488669053373546
      0.5480714490389684
      0.5472157182915089
      0.5463002809561229
      0.5453257536105968
      0.5442928003415406
      0.5432021314687309
      0.5420545022071303
      0.5408507112721183
       0.539591599433358
      0.5382780480227883
      0.5369109774020614
      0.5354913453946853
      0.5340201456880008
      0.5324984062100242
      0.5309271874859861
      0.5293075809792797
       0.527640707421335
      0.5259277151347752
      0.5241697783539891
       0.522368095547096
      0.5205238877430536
      0.5186383968674626
      0.5167128840904243
      0.5147486281895719
      0.5127469239312576
      0.5107090804725755
      0.5086364197867912
      0.5065302751144924
      0.5043919894426063
      0.5022229140132276
      0.5000244068640196
      0.4977978314017754
      0.4955445550105385
      0.4932659476955354
      0.4909633807639799
       0.488638225543698
       0.486291852140315
      0.4839256282336755
      0.4815409179139601
      0.4791390805578964
      0.4767214697452898
      0.4742894322160295
      0.4718443068676013
      0.4693874237930084
      0.4669201033589749
      0.4644436553241612
      0.4619593779970572
      0.4594685574331737
      0.4569724666710427
      0.4544723650065015
      0.4519694973046804
      0.4494650933490533
      0.4469603672268682
      0.4444565167502501
       0.441954722912201
      0.4394561493767334
      0.4369619420023088
      0.4344732283977532
      0.4319911175097915
      0.4295166992413416
      0.4270510440996715
      0.4245952028735348
      0.4221502063383954
       0.419717064988826
      0.4172967687971793
      0.4148902869976422
      0.4124985678947623
      0.4101225386955537
       0.407763105364309
      0.4054211524992273
       0.403097543230009
      0.4007931191355545
       0.398508700180946
      0.3962450846728783
      0.3940030492327651
      0.3917833487867092
      0.3895867165716151
       0.387413864156674
      0.3852654814795348
      0.3831422368964567
      0.3810447772457939
      0.3789737279241595
      0.3769296929746584
       0.374913255186609
      0.3729249762061903
      0.3709653966574604
      0.3690350362732612
      0.3671343940355022
      0.3652639483243701
      0.3634241570760322
      0.3616154579484124
      0.3598382684946592
      0.3580929863439351
      0.3563799893891881
      0.3546996359816006
      0.3530522651313905
      0.3514381967147295
      0.3498577316864943
      0.3483111522986455
      0.3467987223240172
      0.3453206872853324
      0.3438772746892773
      0.3424686942654948
      0.3410951382103573
      0.3397567814354309
      0.3384537818205186
      0.3371862804712241
      0.3359544019809765
      0.3347582546974484
      0.3335979309933744
      0.3324735075417182
      0.3313850455951792
      0.3303325912700578
      0.3293161758344605
      0.3283358160008576
      0.3273915142230197
      0.3264832589973234
      0.3256110251684656
      0.3247747742395822
      0.3239744546867816
      0.3232100022781181
      0.3224813403969951
      0.3217883803699841
      0.3211310217990844
      0.3205091528983727
      0.3199226508350309
      0.3193713820747268
      0.3188552027312943
      0.3183739589206533
      0.3179274871189159
      0.3175156145245841
      0.3171381594247668
      0.3167949315652725
      0.3164857325244964
      0.3162103560909095
      0.3159685886440247
      0.3157602095386323
       0.315584991492097
      0.3154427009744876
      0.3153330986012798
      0.3152559395283289
       0.315210973848802
      0.3151979469917222
      0.3152166001217416
      0.3152666705397046
      0.3153478920836016
      0.3154599955293805
       0.315602708991139
      0.3157757583201536
      0.3159788675021475
      0.3162117590522415
      0.3164741544069267
      0.3167657743124412
      0.3170863392088883
      0.3174355696093936
      0.3178131864736592
       0.318218911575169
      0.3186524678613856
      0.3191135798062129
