                       0
   4.996626666672919e-05
   0.0001997269431939376
   0.0004490676792340012
   0.0007977646046819464
    0.001245584370894956
    0.001792284192508782
    0.002437611889667823
    0.003181305930425995
    0.004023095473008511
    0.004962700407605179
    0.005999831397286865
    0.007134189917613869
    0.008365468294441224
    0.009693349739457988
     0.01111750838272393
     0.01263760930187568
     0.01425330854709119
     0.01596425316127066
     0.01777008119479923
     0.01967042171393601
     0.02166489480216325
     0.02375311155400446
     0.02593467405983439
     0.02820917538156529
     0.03057619951775148
     0.03303532135766258
     0.03558610662321031
     0.03822811179768819
      0.0409608840409183
     0.04378396108921481
      0.0466968711396504
     0.04969913271756891
     0.05279025452633687
     0.05596973527846197
     0.05923706350709296
     0.06259171735690151
     0.06603316435358197
     0.06956086115093327
     0.07317425325433694
     0.07687277472060289
      0.0806558478320373
     0.08452288274518775
     0.08847327711255508
     0.09250641567676665
     0.09662166983652229
      0.1008183971838986
      0.1050959410113233
      0.1094536297890455
      0.1138907766111693
      0.1184066786110247
       0.123000616343692
      0.1276718531376753
      0.1324196344131335
      0.1372431869680473
      0.1421417182306116
      0.1471144154796361
      0.1521604450319556
      0.1572789513961839
      0.1624690563952021
      0.1677298582556376
      0.1730604306650051
      0.1784598217997919
      0.1839270533207192
      0.1894611193408627
      0.1950609853627075
      0.2007255871905765
      0.2064538298148504
      0.2122445862733351
      0.2180966964890779
        0.22400896608796
      0.2299801651963334
        0.23600902722374
      0.2420942476307612
      0.2482344826853662
      0.2544283482120846
      0.2606744183343688
      0.2669712242156614
      0.2733172528044135
      0.2797109455802526
      0.2861506973142597
      0.2926348548408883
      0.2991617158487724
      0.3057295276968773
      0.3123364862563717
      0.3189807347879371
      0.3256603628581701
      0.3323734053022976
      0.3391178412369643
      0.3458915931289654
      0.3526925259312905
      0.3595184462873888
      0.3663671018129044
      0.3732361804610352
      0.3801233099813661
       0.387026057473132
      0.3939419290496589
      0.4008683696088295
      0.4078027627295179
      0.4147424306926425
      0.4216846346374882
      0.4286265748600029
      0.4355653912596126
      0.4424981639411766
      0.4494219139803267
      0.4563336043560595
      0.4632301410600932
      0.4701083743825689
      0.4769651003858019
      0.4837970625679864
      0.4906009537192219
      0.4973734179778809
       0.504111053085644
      0.5108104128450731
      0.5174680097849726
      0.5240803180260855
      0.5306437763548929
      0.5371547915027335
      0.5436097416244249
      0.5500049799747868
      0.5563368387869607
      0.5626016333359565
      0.5687956661864007
      0.5749152316244975
      0.5809566202514201
        0.58691612374587
      0.5927900397700805
       0.598574677022793
      0.6042663604162922
      0.6098614363690213
      0.6153562781981371
       0.620747291602163
      0.6260309202115292
       0.631203651194236
      0.6362620209000479
      0.6412026205240022
      0.6460221017740603
      0.6507171825195313
      0.6552846524078889
      0.6597213784236595
      0.6640243103777362
      0.6681904863036634
      0.6722170377425285
      0.6761011948989557
      0.6798402916454114
      0.6834317703659323
      0.6868731866126313
      0.6901622135617801
      0.6932966462525829
      0.6962744055987915
      0.6990935421480069
      0.7017522395859312
      0.7042488179627682
       0.706581736645156
      0.7087495969710569
      0.7107511445990135
      0.7125852715561916
      0.7142510179656258
      0.7157475734583028
      0.7170742782568313
      0.7182306239402829
      0.7192162538794916
      0.7200309633504937
      0.7206746993216222
      0.7211475599266226
      0.7214497936209243
      0.7215817980283882
       0.721544118489559
      0.7213374463132894
      0.7209626167482834
      0.7204206066794667
      0.7197125320599596
       0.718839645094639
       0.717803331187041
      0.7166051056552838
      0.7152466102446342
      0.7137296094392309
      0.7120559865920082
      0.7102277398890259
      0.7082469781611607
      0.7061159165602019
      0.7038368721158432
      0.7014122591841778
      0.6988445848057201
      0.6961364439957771
      0.6932905149652651
      0.6903095543029106
      0.6871963921295208
      0.6839539272269815
      0.6805851221709872
      0.6770929984750138
      0.6734806317506218
      0.6697511469116842
      0.6659077134166194
      0.6619535405750336
      0.6578918729177391
      0.6537259856445492
      0.6494591801639727
      0.6450947797190352
       0.640636125123672
      0.6360865706033516
       0.631449479755667
      0.6267282216289963
      0.6219261669316716
      0.6170466843690919
      0.6120931371175107
      0.6070688794386477
      0.6019772534291729
      0.5968215859200009
      0.5916051855136207
      0.5863313397736287
      0.5810033125538234
      0.5756243414758928
       0.570197635552654
      0.5647263729579287
      0.5592136989314163
      0.5536627238357547
      0.5480765213435731
      0.5424581267670487
      0.5368105355165057
      0.5311367016978045
      0.5254395368279037
      0.5197219086819892
      0.5139866402568873
      0.5082365088554773
      0.5024742452807827
      0.4967025331375811
      0.4909240082413465
      0.4851412581292926
      0.4793568216585531
      0.4735731887064107
       0.467792799950357
      0.4620180467333368
      0.4562512710072888
      0.4504947653495535
      0.4447507730499957
      0.4390214882623789
      0.4333090562173655
       0.427615573491353
      0.4219430883307128
        0.41629360102218
       0.410669064311394
      0.4050713838593482
      0.3995024187404017
      0.3939639819724459
      0.3884578410791512
      0.3829857186802657
       0.377549293106097
      0.3721501990342092
      0.3667900281458389
      0.3614703297988723
      0.3561926117131768
      0.3509583406692336
      0.3457689432142702
      0.3406258063778014
       0.335530278390188
      0.3304836694053875
      0.3254872522244363
      0.3205422630191997
      0.3156499020541115
      0.3108113344044771
      0.3060276906701822
      0.3013000676834119
      0.2966295292098035
      0.2920171066409507
      0.2874637996787172
      0.2829705770093442
      0.2785383769654578
      0.2741681081796706
      0.2698606502243019
      0.2656168542379429
      0.2614375435413496
      0.2573235142372413
      0.2532755357987027
      0.2492943516419561
      0.2453806796845942
       0.241535212890738
      0.2377586197999722
      0.2340515450424751
      0.2304146098385312
       0.226848412483048
      0.2233535288160709
      0.2199305126769631
      0.2165798963447657
      0.2133021909632718
      0.2100978869518501
      0.2069674544010546
      0.2039113434541986
       0.200929984675185
      0.1980237894010428
      0.1951931500821805
      0.1924384406074559
       0.189760016617083
      0.1871582158020464
      0.1846333581901934
      0.1821857464198322
      0.1798156660014123
      0.1775233855663624
      0.1753091571046027
      0.1731732161902598
      0.1711157821951856
      0.1691370584930103
      0.1672372326511881
      0.1654164766124818
      0.1636749468669801
      0.1620127846130016
      0.1604301159081863
      0.1589270518121522
      0.1575036885189454
      0.1561601074794725
      0.1548963755172819
      0.1537125449332493
      0.1526086536031663
      0.1515847250666663
      0.1506407686080944
      0.1497767793288435
       0.148992738212931
      0.1482886121839584
      0.1476643541550861
      0.1471199030720562
      0.1466551839476271
      0.1462701078909172
      0.1459645721283666
      0.1457384600178301
      0.1455916410570415
      0.1455239708841831
      0.1455352912728156
      0.1456254301193882
      0.1457942014255313
      0.1460414052727647
      0.1463668277921399
      0.1467702411266655
      0.1472514033873301
      0.1478100586046288
       0.148445936672549
      0.1491587532865738
      0.1499482098766034
      0.1508139935330276
      0.1517557769272564
      0.1527732182270097
      0.1538659610045141
      0.1550336341402248
      0.1562758517200846
       0.157592212927652
      0.1589823019301153
       0.160445687760067
      0.1619819241903492
      0.1635905496046444
      0.1652710868632152
      0.1670230431627675
       0.168845909892078
      0.1707391624822789
      0.1727022602543901
      0.1747346462602535
      0.1768357471204405
      0.1790049728584731
      0.1812417167314434
      0.1835453550570227
       0.185915247037302
      0.1883507345799881
      0.1908511421181945
      0.1934157764263006
      0.1960439264360931
      0.1987348630506824
      0.2014878389588051
      0.2043020884471292
      0.2071768272144824
      0.2101112521863115
      0.2131045413303705
      0.2161558534751903
      0.2192643281303155
      0.2224290853102801
      0.2256492253628247
      0.2289238288012236
      0.2322519561431753
      0.2356326477550731
      0.2390649237036483
      0.2425477836152406
      0.2460802065449433
        0.24966115085383
      0.2532895540980357
      0.2569643329297038
      0.2606843830083673
      0.2644485789276166
      0.2682557741551027
      0.2721048009892403
      0.2759944705302309
      0.2799235726711946
      0.2838908761044582
      0.2878951283494665
      0.2919350558002934
       0.296009363795005
      0.3001167367066765
      0.3042558380570866
      0.3084253106564568
      0.3126237767664662
      0.3168498382906088
       0.321102076989155
      0.3253790547247533
      0.3296793137337209
      0.3340013769260755
      0.3383437482185946
      0.3427049128935087
        0.34708333799021
      0.3514774727283368
      0.3558857489601316
      0.3603065816564274
      0.3647383694225705
       0.369179495046299
      0.3736283260794314
      0.3780832154463601
      0.3825425020883625
      0.3870045116353356
      0.3914675571093765
      0.3959299396569092
      0.4003899493090154
      0.4048458657712677
      0.4092959592392841
      0.4137384912391582
      0.4181717154933874
      0.4225938788092902
      0.4270032219880097
        0.43139798075625
      0.4357763867121504
      0.4401366682908741
      0.4444770517429107
      0.4487957621268358
       0.453091024311459
      0.4573610639856061
      0.4616041086795238
      0.4658183887843885
      0.4700021385811615
      0.4741535972662593
      0.4782710099758682
      0.4823526288112125
      0.4863967138574649
      0.4904015341955725
      0.4943653689083994
      0.4982865080787893
      0.5021632537753765
      0.5059939210294477
      0.5097768388040277
      0.5135103509447766
      0.5171928171242592
      0.5208226137730141
      0.5243981350005672
      0.5279177935040058
      0.5313800214692648
      0.5347832714623022
      0.5381260173123652
      0.5414067549944037
      0.5446240034996306
       0.547776305714617
      0.5508622292949127
      0.5538803675401884
      0.5568293402806422
      0.5597077947658577
      0.5625144065681886
      0.5652478804986142
      0.5679069515320341
      0.5704903857609477
      0.5729969813588833
      0.5754255695701604
      0.5777750157209959
      0.5800442202585779
      0.5822321198108009
      0.5843376882725905
      0.5863599379195574
      0.5882979205451337
      0.5901507286207941
      0.5919174964813063
       0.593597401527307
      0.5951896654421959
      0.5966935554286964
      0.5981083854491682
      0.5994335174722373
      0.6006683627175829
       0.601812382897723
      0.6028650914388649
       0.603826054687981
      0.6046948930911923
      0.6054712823353499
      0.6061549544457403
      0.6067456988369151
      0.6072433632981815
      0.6076478549136143
       0.607959140906715
      0.6081772493986327
      0.6083022700733246
      0.6083343547444517
      0.6082737178094509
      0.6081206365936319
      0.6078754515711616
       0.607538566459789
      0.6071104481800398
      0.6065916266826639
      0.6059826946333607
      0.6052843069564318
      0.6044971802341113
       0.603622091960062
      0.6026598796501816
      0.6016114398069279
      0.6004777267486366
      0.5992597512938771
      0.5979585793160579
      0.5965753301705344
      0.5951111749938709
      0.5935673348928721
      0.5919450790196731
      0.5902457225521706
      0.5884706245802347
      0.5866211859059698
      0.5846988467812886
      0.5827050845751933
      0.5806414113929337
      0.5785093716580184
       0.576310539658707
      0.5740465170807002
      0.5717189305287675
      0.5693294290550442
      0.5668796816960887
      0.5643713750395517
      0.5618062108184128
      0.5591859035505873
      0.5565121782306446
      0.5537867680774127
      0.5510114123542305
      0.5481878542591444
      0.5453178388930405
      0.5424031113186155
       0.539445414708723
       0.536446488583657
      0.5334080671508274
      0.5303318777428421
      0.5272196393552387
      0.5240730612899501
      0.5208938418964139
      0.5176836674212123
      0.5144442109543487
       0.511177131475662
      0.5078840729999121
      0.5045666638191185
      0.5012265158313152
      0.4978652239608293
      0.4944843656644666
      0.4910855005149213
      0.4876701698642256
      0.4842398965731311
       0.480796184811391
      0.4773405199193411
      0.4738743683256358
      0.4703991775161873
      0.4669163760511016
      0.4634273736251224
      0.4599335611618098
      0.4564363109437056
      0.4529369767692824
      0.4494368941346014
      0.4459373804326614
      0.4424397351710919
      0.4389452401984398
      0.4354551599421375
      0.4319707416505038
      0.4284932156357255
      0.4250237955173016
      0.4215636784633758
      0.4181140454234625
      0.4146760613582613
      0.4112508754564053
      0.4078396213415739
      0.4044434172705134
      0.4010633663126497
      0.3977005565214685
      0.3943560610867317
       0.391030938474896
      0.3877262325516314
      0.3844429726913274
      0.3811821738696174
      0.3779448367393653
      0.3747319476942422
      0.3715444789166177
      0.3683833884089314
       0.365249620015424
      0.3621441034268681
       0.359067754175503
      0.3560214736163662
      0.3530061488994355
      0.3500226529307078
      0.3470718443232359
      0.3441545673408519
      0.3412716518351276
      0.3384239131720102
      0.3356121521573213
      0.3328371549519287
      0.3300996929879084
      0.3274005228767242
      0.3247403863169501
      0.3221200099986263
      0.3195401055077699
      0.3170013692287239
      0.3145044822472244
      0.3120501102529125
      0.3096389034437537
      0.3072714964320921
      0.3049485081503495
      0.3026705417628535
      0.3004381845766497
        0.29825200795803
      0.2961125672507102
      0.2940204016976619
      0.2919760343677707
      0.2899799720860763
      0.2880327053658913
       0.286134708349662
      0.2842864387491874
      0.2824883377930537
      0.2807408301790721
      0.2790443240280691
      0.2773992108442907
      0.2758058654800545
      0.2742646461026416
      0.2727758941680309
      0.2713399343977466
      0.2699570747580003
      0.2686276064450976
      0.2673518038728211
      0.2661299246642602
      0.2649622096468451
      0.2638488828506003
      0.2627901515094742
      0.2617862060652387
      0.2608372201756007
      0.2599433507232499
      0.2591047378281185
      0.2583215048619201
      0.2575937584654367
      0.2569215885671434
      0.2563050684038233
       0.255744254543429
      0.2552391869092586
      0.2547898888052686
       0.254396366944431
      0.2540586114770286
      0.2537765960198483
      0.2535502776887623
      0.2533795971308543
      0.2532644785575766
      0.2532048297807564
      0.2532005422477059
      0.2532514910786107
       0.253357535105455
      0.2535185169120167
      0.2537342628737475
      0.2540045832014196
      0.2543292719835893
      0.2547081072343697
      0.2551408509384918
      0.2556272491008983
      0.2561670317986198
      0.2567599132326626
      0.2574055917842564
      0.2581037500731699
      0.2588540550174429
      0.2596561578970874
      0.2605096944216977
      0.2614142847997614
      0.2623695338136134
      0.2633750308942283
      0.2644303502072327
      0.2655350507352092
      0.2666886763709371
      0.2678907560113994
      0.2691408036600564
      0.2704383185328118
      0.2717827851702988
      0.2731736735553453
      0.2746104392383792
      0.2760925234670721
      0.2776193533250452
      0.2791903418761164
      0.2808048883157163
      0.2824623781296595
      0.2841621832612935
      0.2859036622861406
       0.287686160592243
      0.2895090105717014
      0.2913715318176454
      0.2932730313303088
       0.295212803730235
      0.2971901314813182
       0.299204285118891
      0.3012545234890513
      0.3033400939924115
      0.3054602328378215
      0.3076141653020882
      0.3098011059965732
      0.3120202591419137
      0.3142708188487552
      0.3165519694028822
      0.3188628855589447
      0.3212027328361851
      0.3235706678209128
      0.3259658384746571
       0.328387384441137
      0.3308344373610127
      0.3333061211866554
      0.3358015524987452
      0.3383198408245019
       0.340860088956561
      0.3434213932693714
       0.346002844035581
       0.348603525741831
      0.3512225173984639
      0.3538588928478877
      0.3565117210680112
       0.359180066469006
      0.3618629891856582
      0.3645595453614847
      0.3672687874243081
      0.3699897643550982
      0.3727215219463067
      0.3754631030480103
      0.3782135478077243
       0.380971893893669
      0.3837371767085526
      0.3865084295894675
      0.3892846839935536
       0.392064969671638
      0.3948483148255811
      0.3976337462507156
      0.4004202894651987
      0.4032069688206213
      0.4059928076001886
      0.4087768281001107
      0.4115580516940515
      0.4143354988838296
      0.4171081893363897
      0.4198751419019752
      0.4226353746222837
       0.425387904721979
       0.428131748590292
      0.4308659217481818
      0.4335894388064609
      0.4363013134150562
      0.4390005582031173
      0.4416861847146334
       0.444357203336455
      0.4470126232276528
      0.4496514522479248
      0.4522726968866848
      0.4548753621979114
      0.4574584517435888
      0.4600209675457774
       0.462561910055321
      0.4650802781353995
      0.4675750690665681
       0.470045278575361
      0.4724899008922352
      0.4749079288417153
      0.4772983539655095
      0.4796601666877882
      0.4819923565270966
      0.4842939123499331
      0.4865638226812309
       0.488801076069574
      0.4910046615106992
      0.4931735689404531
      0.4953067897837629
      0.4974033175841147
      0.4994621487013179
      0.5014822830852476
      0.5034627251281492
      0.5054024845949356
      0.5073005776335004
      0.5091560278706083
      0.5109678675833508
      0.5127351389546162
      0.5144568954030974
       0.516132202997022
       0.517760141939525
      0.5193398081210148
      0.5208703147423079
      0.5223507939973894
      0.5237803988145964
      0.5251583046427372
      0.5264837112793808
      0.5277558447346434
      0.5289739591191199
      0.5301373385465544
      0.5312452990403665
      0.5322971904380008
      0.5332923982793774
      0.5342303456637606
       0.535110495073127
      0.5359323501417501
      0.5366954573659674
      0.5373994077386843
      0.5380438382982006
      0.5386284335823484
      0.5391529269746084
      0.5396171019314108
      0.5400207930826698
      0.5403638871941889
      0.5406463239863593
      0.5408680967996033
      0.5410292530987848
      0.5411298948159043
      0.5411701785205341
      0.5411503154191077
      0.5410705711774085
      0.5409312655698094
      0.5407327719536671
      0.5404755165618517
      0.5401599776341036
      0.5397866843766157
      0.5393562157573042
      0.5388691991470368
      0.5383263088115086
      0.5377282642635661
      0.5370758284803624
      0.5363698060039931
      0.5356110409276412
      0.5348004147805466
       0.533938844331809
      0.5330272793130562
      0.5320667000781137
      0.5310581152161952
      0.5300025591282941
      0.5289010895730166
      0.5277547852079223
      0.5265647431292221
      0.5253320764222055
       0.524057911742598
      0.5227433869253688
      0.5213896486511409
      0.5199978501606882
      0.5185691490401078
      0.5171047050810997
      0.5156056782233901
      0.5140732265845129
      0.5125085045932151
      0.5109126612138221
      0.5092868382885146
      0.5076321689802953
      0.5059497763295131
      0.5042407719294022
      0.5025062547156932
      0.5007473098688983
      0.4989650078347774
      0.4971604034640101
      0.4953345352560453
      0.4934884247200202
      0.4916230758442822
      0.4897394746682878
      0.4878385889546705
      0.4859213679621109
      0.4839887423083745
      0.4820416239204939
      0.4800809060688203
      0.4781074634796378
      0.4761221525163674
      0.4741258114322002
      0.4721192606805399
      0.4701033032820857
      0.4680787252443632
      0.4660462960205461
      0.4640067690156232
      0.4619608821198004
      0.4599093582745182
      0.4578529060624033
      0.4557922203159313
      0.4537279827417395
      0.4516608625550684
      0.4495915171210833
      0.4475205925984274
      0.4454487245826001
      0.4433765387427979
      0.4413046514542903
      0.4392336704158168
      0.4371641952586426
      0.4350968181357083
      0.4330321242962292
       0.430970692636918
       0.428913096232648
        0.42685990284655
      0.4248116754093579
       0.422768972477896
      0.4207323486646942
      0.4187023550384188
      0.4166795394977779
       0.414664447115335
      0.4126576204516771
      0.4106595998402865
      0.4086709236424069
      0.4066921284719421
      0.4047237493913077
      0.4027663200767049
      0.4008203729558575
      0.3988864393159696
      0.3969650493839128
      0.3950567323785121
      0.3931620165368039
      0.3912814291134672
      0.3894154963542175
      0.3875647434460303
       0.385729694443238
      0.3839108721693474
      0.3821087980991782
      0.3803239922187624
        0.37855697286521
      0.3768082565488782
      0.3750783577558277
      0.3733677887351219
       0.371677059269453
      0.3700066764312204
      0.3683571443244081
      0.3667289638152274
      0.3651226322491373
      0.3635386431605056
       0.361977485969076
      0.3604396456713717
      0.3589256025221881
      0.3574358317120359
      0.3559708030384242
      0.3545309805714497
       0.353116822318257
      0.3517287798853516
      0.3503672981374882
      0.3490328148581319
      0.3477257604096574
      0.3464465573942889
       0.345195620319475
      0.3439733552638561
      0.3427801595494034
      0.3416164214166178
      0.3404825197051415
      0.3393788235437423
      0.3383056920419928
      0.3372634739946241
      0.3362525075903079
      0.3352731201318615
      0.3343256277641082
        0.33341033521326
      0.3325275355355109
      0.3316775098781667
       0.330860527249648
      0.3300768443048087
      0.3293267051397825
       0.328610341101034
      0.3279279706089475
        0.32727979898975
      0.3266660183273049
      0.3260868073260443
      0.3255423311868148
       0.325032741500285
      0.3245581761531554
      0.3241187592485785
      0.3237146010446394
      0.3233457979033383
      0.3230124322591829
       0.322714572600333
      0.3224522734645197
      0.3222255754517924
      0.3220345052527512
       0.321879075687639
      0.3217592857660697
      0.3216751207569161
      0.3216265522736919
      0.3216135383752857
      0.3216360236801473
      0.3216939394935019
      0.3217872039484821
      0.3219157221587925
      0.3220793863872349
      0.3222780762211104
      0.3225116587653009
       0.322779988840852
      0.3230829091977123
      0.3234202507368179
      0.3237918327397087
      0.3241974631083385
      0.3246369386137318
      0.3251100451496911
      0.3256165579935085
      0.3261562420728534
      0.3267288522389595
       0.327334133538458
      0.3279718214950708
      0.3286416423872886
      0.3293433135295687
      0.3300765435543788
      0.3308410326900437
      0.3316364730400537
      0.3324625488555662
      0.3333189368058135
      0.3342053062434791
      0.3351213194600655
      0.3360666319391488
      0.3370408925955029
      0.3380437440088544
      0.3390748226446773
