                       0
   1.366907387843954e-05
   5.476529344346759e-05
   0.0001234633220460648
   0.0002198950355894332
   0.0003441500882842189
   0.0004962769279596978
   0.0006762842368826854
   0.0008841427653567797
    0.001119787517817319
    0.001383120244559589
    0.001674012186797288
    0.001992307018573392
     0.00233782392624107
     0.00271036076485963
    0.003109697230947165
    0.003535597992582385
    0.003987815720809327
    0.004466093970578769
    0.004970169864932195
    0.005499776542631781
    0.006054645336770119
    0.006634507659822927
    0.007239096578906521
    0.007868148073401474
    0.008521401975351402
    0.009198602600893105
    0.009899499088179704
     0.01062384546361655
     0.01137140046356584
     0.01214192714285143
     0.01293519230432332
     0.01375096578537973
     0.01458901963770693
     0.01544912723562531
     0.01633106234645548
       0.017234598193331
     0.01815950653712198
     0.01910555679971573
     0.02007251524611165
     0.02106014423775832
     0.02206820156458078
     0.02309643985834562
     0.02414460608558979
     0.02521244111444545
      0.0262996793464335
     0.02740604840174553
     0.02853126884476008
     0.02967505393551574
     0.03083710939259078
     0.03201713315326336
     0.03321481511786026
     0.03442983686674747
      0.0356618713403496
     0.03691058247483335
     0.03817562478842366
     0.03945664291577791
     0.04075327109012159
     0.04206513257501096
     0.04339183904947174
     0.04473298995180059
     0.04608817178848781
     0.04745695741552374
     0.04883890529970696
     0.05023355876763172
     0.05164044524964946
     0.05305907552553052
     0.05448894297769218
      0.0559295228568651
     0.05738027156395629
     0.05884062595083527
     0.06031000264162865
     0.06178779737528601
     0.06327338436929762
      0.0647661157039989
     0.06626532072646414
     0.06777030547299487
      0.0692803521092946
     0.07079471838785707
     0.07231263712265407
     0.07383331568202062
     0.07535593550147736
     0.07687965161925731
     0.07840359223830674
     0.07992685831953859
     0.08144852321208609
     0.08296763232716665
     0.08448320286288374
     0.08599422358789981
     0.08749965469229658
     0.08899842771419654
     0.09048944555070973
     0.09197158256172952
     0.09344368477469062
     0.09490457019809329
      0.0963530292509857
     0.09778782531495728
     0.09920769541457213
      0.1006113510314023
      0.1019974790560705
      0.1033647428820915
      0.1047117836445801
      0.1060372216062395
      0.1073396576925438
      0.1086176751774725
      0.1098698415207116
      0.1110947103568149
      0.1122908236364544
      0.1134567139194573
       0.114590906819044
       0.115691923596213
      0.1167582839027778
      0.1177885086711331
      0.1187811231481863
      0.1197346600702874
      0.1206476629752385
      0.1215186896466555
      0.1223463156850726
      0.1231291381991786
      0.1238657796095846
      0.1245548915564274
       0.125195158901099
      0.1257853038112465
      0.1263240899172644
      0.1268103265275091
      0.1272428728885726
      0.1276206424763221
      0.1279426073027611
        0.12820780222343
      0.1284153292297916
      0.1285643617110766
      0.1286541486703374
      0.1286840188797785
      0.1286533849611805
      0.1285617473781019
      0.1284086983275844
      0.1281939255204607
      0.1279172158407669
      0.1275784588764783
      0.1271776503155105
      0.1267148952029957
      0.1261904110577739
      0.1256045308482541
      0.1249577058300716
      0.1242505082501538
      0.1234836339242062
      0.1226579046970059
      0.1217742707971086
      0.1208338130999667
      0.1198377453156927
      0.1187874161197692
      0.1176843112470472
      0.1165300555711237
      0.1153264151926038
      0.1140752995609408
      0.1127787636549869
      0.1114390102472987
      0.1100583922762673
       0.108639415347878
      0.1071847403853812
      0.1056971864397293
      0.1041797336658552
      0.1026355264594474
      0.1010678767348654
     0.09948026730675169
      0.0978763553148997
     0.09625997560295482
     0.09463514392595611
     0.09300605981839158
     0.09137710890271769
     0.08975286435754365
     0.08813808719482175
     0.08653772491689775
     0.08495690803880901
     0.08340094387164357
     0.08187530687396742
     0.08038562479743323
      0.0789376597896375
      0.0775372835850866
     0.07619044592962322
     0.07490313546310963
     0.07368133244867295
     0.07253095300192887
     0.07145778485292127
     0.07046741517002597
     0.06956515157750877
     0.06875593817652513
     0.06804426908175885
     0.06743410264053369
      0.0669287800214432
     0.06653095215483001
     0.06624251899907431
     0.06606458474483722
     0.06599743184851731
     0.06604051575291343
     0.06619248090461582
     0.06645119734839498
     0.06681381591824928
     0.06727683899129548
     0.06783620302834739
      0.0684873687481507
      0.0692254147711908
      0.0700451308773387
     0.07094110757018161
      0.0719078193361007
     0.07293969973608613
     0.07403120719530651
     0.07517688100316637
     0.07637138757095736
     0.07760955740204833
     0.07888641351325799
     0.08019719221886298
     0.08153735726961284
     0.08290260834909061
     0.08428888488877945
     0.08569236608880061
     0.08710946793791488
     0.08853683792488899
     0.08997134803159237
     0.09141008650164202
     0.09285034878996666
     0.09428962802029588
     0.09572560520937455
     0.09715613945896497
     0.09857925826814798
     0.09999314807870593
      0.1013961451339468
      0.1027867267054418
      0.1041635027218428
      0.1055252078178836
      0.1068706938097927
      0.1081989225941421
      0.1095089594606244
       0.110799966804659
      0.1120711982226323
      0.1133219929706717
       0.114551770766962
      0.1157600269172846
      0.1169463277437174
      0.1181103062969766
      0.1192516583338008
      0.1203701385415756
      0.1214655569935746
      0.1225377758191872
      0.1235867060744931
      0.1246123047996248
        0.12561457225021
      0.1265935492910421
      0.1275493149410005
      0.1284819840588217
      0.1293917051601064
      0.1302786583564644
      0.1311430534082717
      0.1319851278830781
      0.1328051454121527
        0.13360339403812
      0.1343801846472207
      0.1351358494800226
      0.1358707407150285
       0.136585229120008
      0.1372797027663388
      0.1379545658021095
      0.1386102372801803
      0.1392471500377527
      0.1398657496244689
      0.1404664932763766
       0.141049848933367
      0.1416162942980908
      0.1421663159344497
      0.1427004084040007
      0.1432190734387935
      0.1437228191490649
      0.1442121592645111
      0.1446876124076275
      0.1451497013976425
      0.1455989525836526
      0.1460358952052525
      0.1464610607791204
      0.1468749825098183
      0.1472781947230703
      0.1476712323197084
      0.1480546302485768
      0.1484289229965723
      0.1487946440942127
      0.1491523256351114
      0.1495024978079264
      0.1498456884394351
      0.1501824225476896
      0.1505132219042496
      0.1508386046047563
       0.151159084647275
      0.1514751715180385
      0.1517873697843663
       0.152096178694591
      0.1524020917850661
      0.1527055964943058
      0.1530071737843413
      0.1533072977694124
      0.1536064353520727
      0.1539050458667612
      0.1542035807307773
      0.1545024831025477
      0.1548021875469935
      0.1551031197077296
      0.1554056959856754
      0.1557103232238086
      0.1560173983975146
      0.1563273083101776
      0.1566404292936114
      0.1569571269130005
      0.1572777556760592
      0.1576026587463878
      0.1579321676608982
      0.1582666020514819
      0.1586062693712155
      0.1589514646254586
      0.1593024701084344
      0.1596595551458508
      0.1600229758443204
      0.1603929748483004
      0.1607697811053677
      0.1611536096405282
       0.161544661340245
      0.1619431227468435
      0.1623491658637876
      0.1627629479721161
      0.1631846114583623
       0.163614283653974
      0.1640520766861773
      0.1644980873401096
      0.1649523969318907
      0.1654150711922078
      0.1658861601599682
      0.1663656980855123
      0.1668537033428761
      0.1673501783506155
      0.1678551095008115
      0.1683684670958387
      0.1688902052926956
      0.1694202620547444
      0.1699585591107968
      0.1705050019216329
      0.1710594796540518
      0.1716218651627996
      0.1721920149805314
      0.1727697693162317
      0.1733549520624191
      0.1739473708113699
      0.1745468168808251
      0.1751530653492455
      0.1757658751009124
      0.1763849888808935
      0.1770101333599776
      0.1776410192094955
      0.1782773411859083
      0.1789187782250928
      0.1795649935461271
       0.180215634764421
       0.180870334014081
      0.1815287080794661
      0.1821903585359178
       0.182854871899849
      0.1835218197883645
      0.1841907590888789
      0.1848612321391566
      0.1855327669185444
      0.1862048772511315
      0.1868770630217398
      0.1875488104058079
      0.1882195921142968
      0.1888888676547054
      0.1895560836094392
      0.1902206739327456
        0.19088206026737
      0.1915396522820703
      0.1921928480311098
      0.1928410343366666
      0.1934835871951467
      0.1941198722082416
      0.1947492450394271
      0.1953710518966713
      0.1959846300419217
      0.1965893083279366
       0.197184407763109
      0.1977692421046597
       0.198343118480907
      0.1989053380430131
      0.1994551966469748
      0.1999919855663423
      0.2005149922364129
      0.2010235010306397
      0.2015167940699753
      0.2019941520659718
      0.2024548551983638
      0.2028981840280106
      0.2033234204458067
      0.2037298486583282
      0.2041167562108049
      0.2044834350477501
      0.2048291826117299
      0.2051533029803431
      0.2054551080413623
      0.2057339187058687
      0.2059890661588971
      0.2062198931469584
      0.2064257553015667
      0.2066060224976843
      0.2067600802457796
      0.2068873311160322
      0.2069871961929135
      0.2070591165583547
      0.2071025548013628
      0.2071169965518738
      0.2071019520364014
      0.2070569576529022
      0.2069815775620877
      0.2068754052920836
      0.2067380653534163
      0.2065692148607213
      0.2063685451575875
       0.206135783440422
      0.2058706943772202
      0.2055730817164066
       0.205242789880765
      0.2048797055411166
      0.2044837591637993
      0.2040549265256898
      0.2035932301900366
      0.2030987409359076
      0.2025715791335896
       0.202011916057875
       0.201419975130753
      0.2007960330845943
       0.200140421036605
       0.199453525465042
      0.1987357890773773
      0.1979877115604299
      0.1972098502023862
      0.1964028203765677
      0.1955672958767438
       0.194704009093974
      0.1938137510251109
      0.1928973711032672
      0.1919557768410636
      0.1909899332776377
      0.1900008622211878
       0.188989641279209
      0.1879574026693764
      0.1869053318048271
      0.1858346656485084
      0.1847466908321748
      0.1836427415369643
      0.1825241971334897
      0.1813924795809863
      0.1802490505864306
      0.1790954085262887
      0.1779330851353852
      0.1767636419691564
      0.1755886666478775
      0.1744097688934375
      0.1732285763717047
      0.1720467303558453
       0.170865881228507
      0.1696876838433338
      0.1685137927687787
      0.1673458574397297
      0.1661855172449583
      0.1650343965806639
      0.1638940999025853
      0.1627662068110166
      0.1616522672047594
      0.1605537965411407
      0.1594722712402419
      0.1584091242716579
      0.1573657409620678
      0.1563434550610341
      0.1553435451011314
      0.1543672310865325
       0.153415671541469
      0.1524899609467869
      0.1515911275888674
      0.1507201318407502
      0.1498778648903177
      0.1490651479249259
      0.1482827317761218
      0.1475312970220064
      0.1468114545386131
        0.14612374648544
      0.1454686477041826
      0.1448465675037811
      0.1442578517993894
      0.1437027855677994
      0.1431815955774204
      0.1426944533470898
      0.1422414782850064
      0.1418227409569322
      0.1414382664314913
      0.1410880376500829
       0.140771998769449
       0.140490058426454
      0.1402420928769438
      0.1400279489637979
       0.139847446873181
      0.1397003826426835
      0.1395865303902082
      0.1395056442382014
      0.1394574599138874
      0.1394416960124837
      0.1394580549168467
      0.1395062233734699
      0.1395858727311252
      0.1396966588545654
      0.1398382217315407
       0.140010184796788
      0.1402121540013785
      0.1404437166602608
      0.1407044401141253
      0.1409938702448184
      0.1413115298853944
      0.1416569171672252
      0.1420295038470477
      0.1424287336564763
        0.14285402071544
      0.1433047480491155
      0.1437802662455569
      0.1442798922880232
      0.1448029085925362
      0.1453485622771131
      0.1459160646848653
      0.1465045911785331
      0.1471132812194628
      0.1477412387392388
      0.1483875328076276
      0.1490511985960595
      0.1497312386315299
      0.1504266243320774
      0.1511362978111947
      0.1518591739355513
      0.1525941426175833
      0.1533400713221981
      0.1540958077650342
      0.1548601827782963
      0.1556320133191717
      0.1564101055953883
      0.1571932582821512
      0.1579802658049422
      0.1587699216631093
       0.159561021769951
      0.1603523677859165
      0.1611427704227902
      0.1619310526979758
      0.1627160531195693
      0.1634966287843716
      0.1642716583726199
      0.1650400450249427
      0.1658007190886553
      0.1665526407222831
      0.1672948023486984
      0.1680262309491218
      0.1687459901915992
      0.1694531823892972
      0.1701469502852325
      0.1708264786616447
      0.1714909957732994
      0.1721397746055462
      0.1727721339587001
        0.17338743936168
      0.1739851038185686
      0.1745645883926576
      0.1751254026331839
      0.1756671048506619
       0.176189302247103
      0.1766916509079001
      0.1771738556623556
      0.1776356698200344
       0.178076894790333
      0.1784973795924585
      0.1788970202632106
      0.1792757591695819
      0.1796335842332435
      0.1799705280736104
      0.1802866670760083
      0.1805821203912283
      0.1808570488723235
      0.1811116539543743
       0.181346176482633
      0.1815608954940614
      0.1817561269571817
      0.1819322224747504
      0.1820895679536118
      0.1822285822458893
      0.1823497157653425
      0.1824534490825883
      0.1825402915027444
      0.1826107796287288
      0.1826654759132802
      0.1827049672027484
      0.1827298632751656
      0.1827407953751869
      0.1827384147481363
      0.1827233911751676
      0.1826964115113376
      0.1826581782281459
      0.1826094079618422
      0.1825508300685853
      0.1824831851873483
      0.1824072238111196
      0.1823237048670549
      0.1822333943057113
      0.1821370636997437
      0.1820354888520543
      0.1819294484135673
       0.181819722510717
      0.1817070913827097
      0.1815923340288122
      0.1814762268660023
      0.1813595423973836
      0.1812430478920245
      0.1811275040770122
      0.1810136638427373
      0.1809022709625342
      0.1807940588281559
      0.1806897492025296
      0.1805900509915545
      0.1804956590368051
      0.1804072529309869
      0.1803254958583113
      0.1802510334617845
        0.18018449273953
      0.1801264809722834
       0.180077584684148
      0.1800383686386945
       0.180009374872356
      0.1799911217671598
      0.1799841031646514
      0.1799887875229165
      0.1800056171184543
       0.180035007294633
      0.1800773457585779
      0.1801329919279656
      0.1802022763295102
      0.1802855000506779
      0.1803829342461528
      0.1804948197005655
      0.1806213664488789
      0.1807627534557169
      0.1809191283548549
      0.1810906072498328
      0.1812772745765586
      0.1814791830285354
      0.1816963535449944
      0.1819287753621368
      0.1821764061271946
      0.1824391720747908
      0.1827169682648148
      0.1830096588805855
       0.183317077585823
      0.1836390279387233
      0.1839752838610141
      0.1843255901597139
      0.1846896630992035
      0.1850671910208421
      0.1854578350074966
      0.1858612295901178
      0.1862769834935653
       0.186704680418884
      0.1871438798592635
      0.1875941179471106
      0.1880549083296184
      0.1885257430705374
      0.1890060935758038
      0.1894954115409971
       0.189993129918612
      0.1904986639032666
      0.1910114119331987
      0.1915307567062956
      0.1920560662091739
      0.1925866947576849
      0.1931219840474294
      0.1936612642127566
      0.1942038548927968
      0.1947490663030714
      0.1952962003112102
      0.1958445515152795
      0.1963934083234246
      0.1969420540332622
      0.1974897679097373
      0.1980358262602533
      0.1985795035056676
      0.1991200732462569
        0.19965680932151
      0.2001889868629712
      0.2007158833393403
      0.2012367795932588
      0.2017509608692683
      0.2022577178325768
      0.2027563475783629
      0.2032461546314117
      0.2037264519358873
      0.2041965618352248
      0.2046558170418513
      0.2051035615967789
      0.2055391518186338
       0.205961957242055
      0.2063713615448923
      0.2067667634638805
      0.2071475776980743
      0.2075132357994055
      0.2078631870495413
      0.2081968993221279
      0.2085138599294384
       0.208813576452406
      0.2090955775529063
      0.2093594137672669
      0.2096046582798266
      0.2098309076755386
        0.21003778267052
      0.2102249288195773
       0.210392017199789
      0.2105387450692182
       0.210664836499857
      0.2107700429840426
      0.2108541440134622
      0.2109169476297889
      0.2109582909461785
      0.2109780406384157
      0.2109760934046385
      0.2109523763922175
      0.2109068475903348
      0.2108394961863412
      0.2107503428839048
      0.2106394401805058
      0.2105068726018037
      0.2103527568897029
      0.2101772421409894
      0.2099805098929745
      0.2097627741522401
      0.2095242813625848
      0.2092653103077387
        0.20898617194452
      0.2086872091618546
      0.2083687964610602
       0.208031339552716
      0.2076752748656015
      0.2073010689631352
      0.2069092178630614
      0.2065002462561918
      0.2060747066204089
      0.2056331782263886
      0.2051762660319866
      0.2047045994625591
      0.2042188310752041
      0.2037196351052914
      0.2032077058945522
       0.202683756200549
      0.2021485153883425
      0.2016027275059298
       0.201047149246224
      0.2004825477992422
      0.1999096985995187
      0.1993293829749496
      0.1987423857045811
      0.1981494924944056
      0.1975514873815367
      0.1969491500788143
      0.1963432532731945
      0.1957345598930941
      0.1951238203610309
      0.1945117698495821
      0.1938991255597952
      0.1932865840424522
      0.1926748185837005
      0.1920644766770872
      0.1914561776049364
      0.1908505101520354
      0.1902480304747946
      0.1896492601486396
      0.1890546844158319
      0.1884647506549213
      0.1878798670917999
      0.1873004017706672
      0.1867266818013618
      0.1861589928973001
      0.1855975792157994
      0.1850426435099141
      0.1844943475980824
      0.1839528131548277
      0.1834181228227702
      0.1828903216429901
      0.1823694187977155
      0.1818553896561761
      0.1813481781114864
      0.1808476991935462
      0.1803538419401505
      0.1798664725060827
      0.1793854374874671
      0.1789105674366836
      0.1784416805411914
      0.1779785864380126
      0.1775210901342272
      0.1770689960027761
      0.1766221118218929
      0.1761802528260225
      0.1757432457354992
      0.1753109327323558
      0.1748831753495433
      0.1744598582412439
      0.1740408928025048
      0.1736262206070618
      0.1732158166333501
      0.1728096922496438
      0.1724078979307707
      0.1720105256803094
      0.1716177111338953
      0.1712296353212053
      0.1708465260662445
      0.1704686590077824
      0.1700963582242939
      0.1697299964502131
      0.1693699948731436
      0.1690168225044887
      0.1686709951189362
      0.1683330737614291
      0.1680036628234272
      0.1676834076936027
      0.1673729919915366
      0.1670731343964065
      0.1667845850862637
       0.166508121806909
      0.1662445455930056
      0.1659946761675525
      0.1657593470492226
      0.1655394004005219
      0.1653356816527843
       0.165149033947224
      0.1649802924338745
      0.1648302784728634
      0.1646997937846024
      0.1645896145972674
      0.1645004858412205
       0.164433115440851
      0.1643881687546431
      0.1643662632137845
      0.1643679632087389
      0.1643937752715359
      0.1644441435991646
      0.1645194459604355
       0.164619990025036
      0.1647460101491889
      0.1648976646474435
      0.1650750335748292
      0.1652781170377614
      0.1655068340460928
      0.1657610219124032
      0.1660404361983359
      0.1663447512014696
      0.1666735609701659
      0.1670263808280275
      0.1674026493842944
       0.167801731001514
      0.1682229186877287
      0.1686654373767356
      0.1691284475571405
      0.1696110492088046
      0.1701122860038893
      0.1706311497290579
      0.1711665848854441
      0.1717174934237315
      0.1722827395729101
      0.1728611547231535
      0.1734515423254017
      0.1740526827729064
      0.1746633382327656
       0.175282257398492
      0.1759081801377406
      0.1765398420125507
      0.1771759786523291
      0.1778153299630156
      0.1784566441585324
      0.1790986816033608
      0.1797402184575655
      0.1803800501177861
      0.1810169944497753
      0.1816498948099858
       0.182277622855151
      0.1828990811403883
      0.1835132055075623
      0.1841189672667321
      0.1847153751745655
      0.1853014772142364
      0.1858763621823787
      0.1864391610889917
      0.1869890483769737
      0.1875252429682985
      0.1880470091443668
      0.1885536572682898
      0.1890445443571697
      0.1895190745125629
      0.1899766992174246
      0.1904169175078423
       0.190839276027729
       0.191243368974486
      0.1916288379433402
      0.1919953716777816
       0.192342705733006
      0.1926706220587866
      0.1929789485076983
      0.1932675582739342
      0.1935363692674451
      0.1937853434274115
       0.194014485978527
      0.1942238446329916
      0.1944135087405941
      0.1945836083887879
      0.1947343134543855
      0.1948658326080479
      0.1949784122727862
      0.1950723355373258
       0.195147921025384
      0.1952055217218134
      0.1952455237567856
      0.1952683451492924
      0.1952744345114251
      0.1952642697151989
      0.1952383565237477
      0.1951972271890034
      0.1951414390180232
      0.1950715729102845
      0.1949882318681742
      0.1948920394830108
      0.1947836383986297
      0.1946636887545371
      0.1945328666103705
      0.1943918623530967
      0.1942413790881843
      0.1940821310156814
      0.1939148417918692
      0.1937402428770588
      0.1935590718698569
      0.1933720708283579
      0.1931799845786361
      0.1929835590112477
      0.1927835393666623
      0.1925806685110381
      0.1923756852041657
      0.1921693223622231
      0.1919623053184178
      0.1917553500854748
      0.1915491616245904
      0.1913444321261699
      0.1911418393083104
      0.1909420447395267
      0.1907456921926585
      0.1905534060371558
      0.1903657896771543
      0.1901834240425807
      0.1900068661404942
      0.1898366476733204
      0.1896732737303408
      0.1895172215579898
      0.1893689394139386
      0.1892288455091508
      0.1890973270412721
      0.1889747393220433
      0.1888614050007145
      0.1887576133848174
      0.1886636198592281
      0.1885796454040967
      0.1885058762120516
      0.1884424634050253
      0.1883895228512235
      0.1883471350828461
      0.1883153453155325
      0.1882941635709511
      0.1882835649040172
      0.1882834897367056
       0.188293844300558
      0.1883145011898916
      0.1883453000277436
      0.1883860482459466
      0.1884365219802807
       0.188496467080696
      0.1885656002353654
      0.1886436102060683
      0.1887301591707583
      0.1888248841674551
      0.1889273986317205
      0.1890372940182206
      0.1891541414949481
       0.189277493697069
      0.1894068865257905
      0.1895418409764313
      0.1896818649789505
      0.1898264552336321
        0.18997509902452
      0.1901272759934476
      0.1902824598583099
      0.1904401200603287
      0.1905997233266241
      0.1907607351364202
      0.1909226210812227
