                       0
   4.996626666665872e-05
   0.0001997269431941594
   0.0004490676792339018
   0.0007977646046826442
     0.00124558437089618
    0.001792284192509609
    0.002437611889668908
    0.003181305930427576
    0.004023095473012718
    0.004962700407613141
    0.005999831397297851
    0.007134189917624822
    0.008365468294457817
     0.00969334973946211
      0.0111175083827242
     0.01263760930187473
     0.01425330854709057
     0.01596425316129492
     0.01777008119484189
     0.01967042171396288
     0.02166489480220436
     0.02375311155403845
     0.02593467405987927
     0.02820917538161107
     0.03057619951780877
     0.03303532135774109
     0.03558610662327409
     0.03822811179777072
     0.04096088404102409
     0.04378396108934177
     0.04669687113980116
     0.04969913271773721
     0.05279025452651865
     0.05596973527865371
     0.05923706350728043
     0.06259171735710324
     0.06603316435382663
     0.06956086115118364
     0.07317425325465592
     0.07687277472094789
     0.08065584783243658
     0.08452288274564677
     0.08847327711302956
     0.09250641567721697
     0.09662166983700746
      0.1008183971843627
      0.1050959410118167
      0.1094536297895677
      0.1138907766118031
      0.1184066786116451
      0.1230006163443923
       0.127671853138505
      0.1324196344141777
      0.1372431869691705
      0.1421417182318281
      0.1471144154811024
      0.1521604450336859
      0.1572789513984214
      0.1624690563980966
       0.167729858259101
      0.1730604306694158
      0.1784598218053332
      0.1839270533279755
      0.1894611193501284
      0.1950609853747954
      0.2007255872062504
      0.2064538298353232
      0.2122445863001421
      0.2180966965242186
      0.2240089661336515
      0.2299801652556737
      0.2360090273006151
      0.2420942477299492
      0.2482344828130947
      0.2544283483757605
      0.2606744185432393
      0.2669712244818144
      0.2733172531418019
      0.2797109460066131
      0.2861506978511789
      0.2926348555147025
      0.2991617166920327
      0.3057295287484068
      0.3123364875629932
      0.3189807364062188
      0.3256603648565708
      0.3323734077625461
      0.3391178442559407
      0.3458915968226916
      0.3526925304373749
      0.3595184517683296
      0.3663671084600431
      0.3732361884997655
      0.3801233196751793
      0.3870260691307859
      0.3939419430294842
      0.4008683863275778
      0.4078027826695818
      0.4147424544106795
      0.4216846627738743
      0.4286266081489353
      0.4355654305401815
      0.4424982101698968
      0.4494219682438247
      0.4563336678852474
      0.4632302152432877
      0.4701084607815283
      0.4769652007515694
      0.4837971788564375
      0.4906010881080707
       0.497373572882121
      0.5041112311732947
       0.510810617053297
       0.517468243332628
      0.5240805844273762
       0.530644079430405
      0.5371551353858139
      0.5436101307652286
      0.5500054191426842
      0.5563373330637619
       0.562602188104885
      0.5687962871165059
      0.5749159246426945
       0.580957391510309
       0.586916979577386
      0.5927909866319753
       0.598575721429297
      0.6042675088559583
      0.6098626952081148
      0.6153576535697755
      0.6207487892762735
      0.6260325454480009
      0.6312054085780522
       0.636263914156896
      0.6412046523169767
      0.6460242734792314
      0.6507194939837919
      0.6552871016858672
      0.6597239614988417
      0.6640270208653453
      0.6681933151379774
      0.6722199728510224
      0.6761042208648912
      0.6798433893656328
       0.683434916701231
      0.6868763540384768
      0.6901653698237397
      0.6932997540320195
       0.696277422189069
      0.6990964191533988
      0.7017549226443127
      0.7042512465047449
      0.7065838436868943
      0.7087513089517241
       0.710752381273615
      0.7125859459418983
      0.7142510363539392
      0.7157468354939908
      0.7170726770947947
      0.7182280464785885
      0.7192125810769454
       0.720026070629003
      0.7206684570597234
      0.7211398340399779
      0.7214404462326236
      0.7215706882292008
      0.7215311031828655
      0.7213223811449452
      0.7209453571124982
      0.7204010087962692
       0.719690454118888
      0.7188149484537124
      0.7177758816159848
      0.7165747746189497
       0.715213276207149
      0.7136931591810128
      0.7120163165268263
       0.710184757366251
      0.7082006027408517
      0.7060660812465848
      0.7037835245338377
      0.7013553626891452
      0.6987841195141504
      0.6960724077171576
      0.6932229240344984
      0.6902384442960202
      0.6871218184507515
       0.683875965568744
      0.6805038688329944
      0.6770085705364423
      0.6733931670987996
       0.669660804115692
      0.6658146714545164
      0.6618579984084655
      0.6577940489212251
       0.653626116893487
      0.6493575215810414
      0.6449916030955121
      0.6405317180152825
       0.635981235115852
      0.6313435312263289
      0.6266219872192123
      0.6218199841387009
      0.6169408994730563
      0.6119881035749102
      0.6069649562328547
      0.6018748033977003
      0.5967209740643851
      0.5915067773118684
      0.5862354995005384
      0.5809104016282087
      0.5755347168433752
      0.5701116481146409
      0.5646443660546177
      0.5591360068967849
      0.5535896706212952
      0.5480084192281296
      0.5423952751532387
      0.5367532198245596
      0.5310851923531293
      0.5253940883562191
      0.5196827589068599
      0.5139540096059109
      0.5082105997713913
      0.5024552417406082
      0.4966906002801268
      0.4909192920981666
      0.4851438854546401
      0.4793668998644245
      0.4735908058876555
      0.4678180250033175
      0.4620509295605793
      0.4562918428033061
      0.4505430389631246
      0.4448067434163465
      0.4390851329004577
      0.4333803357857297
      0.4276944323979271
      0.4220294553878349
      0.4163873901440484
      0.4107701752449663
      0.4051797029468178
      0.3996178197037857
      0.3940863267174465
      0.3885869805120873
      0.3831214935331071
      0.3776915347656616
      0.3722987303708653
      0.3669446643370031
      0.3616308791434084
      0.3563588764348856
      0.3511301177043508
      0.3459460249819267
      0.3408079815283935
      0.3357173325315442
      0.3306753858036255
      0.3256834124784566
      0.3207426477067931
      0.3158542913486332
      0.3110195086612734
      0.3062394309820655
      0.3015151564047541
      0.2968477504485455
      0.2922382467190186
       0.287687647560096
      0.2831969246963841
      0.2787670198653879
      0.2743988454386427
      0.2700932850316878
      0.2658511941022598
      0.2616734005361593
      0.2575607052207625
      0.2535138826055259
      0.2495336812495131
       0.245620824355682
       0.241776010291547
      0.2379999130963859
      0.2342931829746757
      0.2306564467758107
      0.2270903084600429
        0.22359534955054
      0.2201721295717739
      0.2168211864740943
      0.2135430370446678
      0.2103381773048051
      0.2072070828938703
      0.2041502094397974
      0.2011679929163876
      0.1982608499876206
      0.1954291783389801
      0.1926733569961813
      0.1899937466312887
      0.1873906898565359
      0.1848645115060704
      0.1824155189057604
      0.1800440021312891
      0.1777502342548264
      0.1755344715804119
      0.1733969538683221
      0.1713379045487036
      0.1693575309244994
       0.167456024364132
      0.1656335604840223
      0.1638902993211623
       0.162226385496045
      0.1606419483661281
      0.1591371021699262
      0.1577119461620845
      0.1563665647396658
      0.1551010275595619
      0.1539153896476002
      0.1528096914992195
      0.1517839591720412
      0.1508382043704332
      0.1499724245223272
      0.1491866028482624
      0.1484807084230039
      0.1478546962297234
        0.14730850720689
      0.1468420682881424
      0.1464552924349859
      0.1461480786626645
       0.145920312059242
       0.145771863797858
       0.145702591142447
       0.145712337446827
      0.1458009321473791
      0.1459681907492107
      0.1462139148060775
      0.1465378918938968
      0.1469398955781197
      0.1474196853749173
      0.1479770067061134
      0.1486115908481486
      0.1493231548749781
      0.1501114015949171
      0.1509760194816026
      0.1519166825990231
      0.1529330505206606
      0.1540247682429111
      0.1551914660926911
      0.1564327596294059
      0.1577482495412771
       0.159137521536169
      0.1606001462268688
      0.1621356790111081
      0.1637436599462607
       0.165423613618821
      0.1671750490089439
      0.1689974593499951
      0.1708903219834012
      0.1728530982087494
      0.1748852331296127
      0.1769861554950503
      0.1791552775370316
      0.1813919948040222
      0.1836956859910042
      0.1860657127661309
      0.1885014195943257
       0.191002133557992
      0.1935671641754059
       0.196195803216789
      0.1988873245186658
      0.2016409837966812
      0.2044560184574911
      0.2073316474098661
      0.2102670708756087
      0.2132614702006841
       0.216314007666956
      0.2194238263051264
      0.2225900497092935
      0.2258117818536355
      0.2290881069118109
      0.2324180890795065
      0.2358007724008269
      0.2392351805990205
       0.242720316912148
      0.2462551639341993
      0.2498386834624583
      0.2534698163515329
      0.2571474823746833
      0.2608705800933481
      0.2646379867351221
      0.2684485580811078
      0.2723011283630516
      0.2761945101712351
       0.280127494373351
      0.2840988500454942
      0.2881073244155253
      0.2921516428196693
      0.2962305086729112
      0.3003426034539918
       0.304486586705607
      0.3086610960503297
      0.3128647472232374
      0.3170961341216118
       0.321353828872791
      0.3256363819203684
        0.32994232212997
      0.3342701569151506
      0.3386183723838527
      0.3429854335068688
      0.3473697843085491
      0.3517698480807648
      0.3561840276211653
        0.36061070549636
      0.3650482443312398
       0.369494987125284
      0.3739492575968023
      0.3784093605566782
      0.3828735823121236
      0.3873401911022502
      0.3918074375663854
      0.3962735552466854
      0.4007367611264572
      0.4051952562054953
        0.40964722611421
      0.4140908417681501
      0.4185242600644788
      0.4229456246222197
      0.4273530665681508
      0.4317447053698042
      0.4361186497180523
      0.4404729984604743
      0.4448058415878295
      0.4491152612751645
      0.4533993329796373
      0.4576561265966997
      0.4618837076759107
      0.4660801386987977
      0.4702434804190705
      0.4743717932673644
      0.4784631388211638
      0.4825155813404113
      0.4865271893697983
      0.4904960374078257
      0.4944202076423999
      0.4982977917524662
       0.502126892775136
      0.5059056270365618
      0.5096321261446319
      0.5133045390419984
      0.5169210341156277
      0.5204798013600526
      0.5239790545900973
      0.5274170336987001
      0.5307920069545061
      0.5341022733335433
      0.5373461648787315
      0.5405220490796884
      0.5436283312662963
      0.5466634570065314
      0.5496259145009845
      0.5525142369646803
      0.5553270049858435
      0.5580628488525813
      0.5607204508360955
      0.5632985474202871
      0.5657959314670681
      0.5682114543051162
      0.5705440277324489
      0.5727926259205934
      0.5749562872098891
      0.5770341157846345
      0.5790252832182482
      0.5809290298779789
       0.582744666179393
      0.5844715736820788
      0.5861092060180769
      0.5876570896452626
      0.5891148244195668
      0.5904820839801684
      0.5917586159424552
       0.592944241896008
      0.5940388572046525
      0.5950424306074661
      0.5959550036204952
      0.5967766897411236
       0.597507673456779
      0.5981482090620208
      0.5986986192893875
      0.5991592937599295
      0.5995306872607169
      0.5998133178585647
      0.6000077648591229
      0.6001146666222299
      0.6001347182452694
        0.60006866912711
      0.5999173204256486
      0.5996815224233477
      0.5993621718146399
       0.598960208930455
      0.5984766149149081
      0.5979124088697106
      0.5972686449812006
      0.5965464096457267
      0.5957468186081681
      0.5948710141285275
      0.5939201621908357
      0.5928954497680502
      0.5917980821562403
      0.5906292803898168
      0.5893902787502422
      0.5880823223779129
      0.5867066649969948
      0.5852645667622784
      0.5837572922345561
      0.5821861084917146
      0.5805522833798855
      0.5788570839091893
      0.5771017747970418
      0.5752876171596781
      0.5734158673536964
      0.5714877759662863
      0.5695045869524078
      0.5674675369170362
      0.5653778545380175
      0.5632367601256663
      0.5610454653132936
      0.5588051728731972
      0.5565170766505859
      0.5541823616090644
      0.5518022039790778
      0.5493777715014038
      0.5469102237573722
      0.5444007125761821
      0.5418503825113055
      0.5392603713764706
      0.5366318108318023
      0.5339658270114181
      0.5312635411840138
       0.528526070436878
      0.5257545283755103
      0.5229500258305851
      0.5201136715642916
      0.5172465729691533
        0.51434983675177
      0.5114245695955991
      0.5084718787966939
      0.5054928728667251
      0.5024886620984329
      0.4994603590896107
      0.4964090792212434
      0.4933359410866406
      0.4902420668690783
      0.4871285826653249
      0.4839966187539211
      0.4808473098063891
        0.47768179504088
      0.4745012183180604
      0.4713067281793415
      0.4680994778278894
      0.4648806250532345
      0.4616513321011942
      0.4584127654900739
       0.455166095775416
      0.4519124972651609
       0.448653147687817
      0.4453892278158025
      0.4421219210470579
      0.4388524129472633
      0.4355818907559998
      0.4323115428597419
        0.42904255823465
      0.4257761258622925
      0.4225134341216775
      0.4192556701601696
      0.4160040192469309
      0.4127596641116617
      0.4095237842713501
      0.4062975553486384
      0.4030821483837125
      0.3998787291432768
       0.396688457428528
      0.3935124863851052
      0.3903519618169787
      0.3872080215067879
      0.3840817945447049
      0.3809744006674492
      0.3778869496096143
      0.3748205404689606
      0.3717762610868157
      0.3687551874455233
      0.3657583830836948
      0.3627868985307435
      0.3598417707613665
      0.3569240226710386
      0.3540346625732282
      0.3511746837187669
      0.3483450638379125
      0.3455467647057603
        0.34278073173069
      0.3400478935666946
      0.3373491617489525
      0.3346854303532764
      0.3320575756788515
      0.3294664559543771
      0.3269129110671019
      0.3243977623146457
       0.321921812179115
       0.319485844123148
        0.31709062240724
      0.3147368919279337
      0.3124253780764289
      0.3101567866165539
       0.307931803582011
      0.3057510951917617
      0.3036153077831355
      0.3015250677619037
      0.2994809815684085
      0.2974836356591989
      0.2955335965035356
      0.2936314105934903
      0.2917776044676177
       0.289972684746871
      0.2882171381821385
      0.2865114317129644
      0.2848560125363244
      0.2832513081848969
      0.2816977266142373
      0.2801956562978551
      0.2787454663297191
      0.2773475065336271
      0.2760021075784325
      0.2747095810988237
      0.2734702198208427
       0.272284297691607
      0.2711520700126512
      0.2700737735763097
      0.2690496268046256
       0.268079829890136
      0.2671645649382486
       0.266303996110534
      0.2654982697685542
       0.264747514617687
      0.2640518418506684
      0.2634113452903383
      0.2628261015311956
      0.2622961700794516
      0.2618215934912286
       0.261402397508415
       0.261038591192098
      0.2607301670531952
       0.260477101179788
      0.2602793533612213
       0.260136867208547
      0.2600495702709956
      0.2600173741484731
      0.2600401745996948
      0.2601178516457806
      0.2602502696691993
      0.2604372775079448
      0.2606787085445432
      0.2609743807901017
      0.2613240969627779
      0.2617276445611795
      0.2621847959320358
      0.2626953083321871
      0.2632589239850519
      0.2638753701311113
      0.2645443590725326
      0.2652655882119771
      0.2660387400853071
      0.2668634823882007
      0.2677394679968281
      0.2686663349822606
      0.2696437066190911
      0.2706711913874323
      0.2717483829693831
       0.272874860238991
      0.2740501872465074
      0.2752739131963917
      0.2765455724195987
      0.2778646843399485
      0.2792307534348519
       0.280643269190305
      0.2821017060505869
       0.283605523362463
      0.2851541653143507
      0.2867470608705809
       0.288383623700943
      0.2900632521056881
       0.291785328936432
      0.2935492215132827
      0.2953542815382652
       0.297199845005759
      0.2990852321101198
        0.30100974715108
      0.3029726784372401
      0.3049732981884582
      0.3070108624373176
      0.3090846109307406
      0.3111937670319921
      0.3133375376240788
      0.3155151130152036
      0.3177256668469836
      0.3199683560064139
      0.3222423205426199
      0.3245466835890043
      0.3268805512922681
      0.3292430127490468
      0.3316331399512985
      0.3340499877421512
      0.3364925937827314
      0.3389599785318766
       0.341451145239828
      0.3439650799574012
      0.3465007515620833
      0.3490571118027793
      0.3516330953645829
      0.3542276199551666
      0.3568395864148739
      0.3594678788517832
      0.3621113648037637
      0.3647688954293656
      0.3674393057291901
      0.3701214147998014
      0.3728140261220274
       0.375515927885374
      0.3782258933506675
      0.3809426812528624
      0.3836650362454869
      0.3863916893892261
      0.3891213586859308
      0.3918527496601617
      0.3945845559899176
      0.3973154601880953
      0.4000441343364992
      0.4027692408737539
      0.4054894334384233
      0.4082033577689206
      0.4109096526608372
      0.4136069509830401
      0.4162938807532717
      0.4189690662735956
      0.4216311293261423
      0.4242786904296389
      0.4269103701559652
      0.4295247905070164
      0.4321205763505804
      0.4346963569148151
      0.4372507673395613
      0.4397824502829827
      0.4422900575816526
      0.4447722519614014
      0.4472277087965629
      0.4496551179138737
      0.4520531854377131
      0.4544206356727957
       0.456756213019553
      0.4590586839173355
      0.4613268388103313
      0.4635594941299598
       0.465755494288067
      0.4679137136738679
      0.4700330586478629
      0.4721124695250436
      0.4741509225397761
      0.4761474317843308
      0.4781010511123572
      0.4800108759984907
      0.4818760453458445
      0.4836957432314206
      0.4854692005806551
      0.4871956967617157
      0.4888745610897186
      0.4905051742327646
      0.4920869695089377
      0.4936194340665028
      0.4951021099380136
      0.4965345949598186
      0.4979165435492157
      0.4992476673313714
      0.5005277356087836
       0.501756575667479
      0.5029340729135694
      0.5040601708357774
      0.5051348707889257
      0.5061582315959142
       0.507130368965753
      0.5080514547259424
      0.5089217158692054
      0.5097414334151313
      0.5105109410890153
      0.5112306238207514
      0.5119009160676796
      0.5125222999669573
      0.5130953033239081
      0.5136204974439165
      0.5140984948162022
       0.514529946659312
      0.5149155403394157
      0.5152559966721271
      0.5155520671211475
      0.5158045309063461
      0.5160141920356598
      0.5161818762751529
      0.5163084280721777
      0.5163947074471775
       0.516441586869917
      0.5164499481359069
      0.5164206792589227
      0.5163546713955041
      0.5162528158170083
      0.5161160009447759
      0.5159451094628683
      0.5157410155232249
      0.5155045820566367
      0.5152366582027076
      0.5149380768706473
      0.5146096524421401
      0.5142521786271973
         0.5138664264807
      0.5134531425887132
       0.513013047431201
      0.5125468339264196
      0.5120551661615123
      0.5115386783123317
      0.5109979737547171
      0.5104336243670856
      0.5098461700245529
      0.5092361182825514
      0.5086039442463695
      0.5079500906235958
      0.5072749679539407
      0.5065789550100689
      0.5058623993628594
      0.5051256181037032
      0.5043688987143685
       0.503592500076037
      0.5027966536077404
      0.5019815645233611
      0.5011474131976865
      0.5002943566292684
      0.4994225299903213
      0.4985320482516311
      0.4976230078713934
      0.4966954885370347
      0.4957495549488844
      0.4947852586342574
      0.4938026397826193
       0.492801729089935
      0.4917825496038194
      0.4907451185593491
      0.4896894491962724
      0.4886155525496861
      0.4875234392062732
      0.4864131210184965
      0.4852846127697119
      0.4841379337851234
      0.4829731094818345
      0.4817901728536186
      0.4805891658861047
      0.4793701408986848
      0.4781331618095678
      0.4768783053218869
      0.4756056620286245
      0.4743153374348275
      0.4730074528960295
      0.4716821464727377
      0.4703395737002851
      0.4689799082749593
      0.4676033426568613
      0.4662100885904311
       0.464800377544653
      0.4633744610736409
      0.4619326111006541
      0.4604751201270014
      0.4590023013685104
      0.4575144888221368
      0.4560120372653861
      0.4544953221914393
       0.452964739682919
      0.4514207062272967
      0.4498636584769941
      0.4482940529574673
      0.4467123657259844
       0.445119091984802
      0.4435147456511143
      0.4418998588875122
      0.4402749815953949
      0.4386406808748125
      0.4369975404532343
      0.4353461600859851
      0.4336871549316994
      0.4320211549046312
      0.4303488040068611
      0.4286707596428789
      0.4269876919185615
      0.4253002829271192
      0.4236092260240958
      0.4219152250933974
      0.4202189938064222
      0.4185212548761503
      0.4168227393078545
      0.4151241856483424
      0.4134263392350351
      0.4117299514466091
      0.4100357789565116
      0.4083445829907366
      0.4066571285909466
      0.4049741838843162
       0.403296519361107
      0.4016249071608131
      0.3999601203680221
      0.3983029323188669
      0.3966541159185942
      0.3950144429712503
      0.3933846835220673
      0.3917656052130123
      0.3901579726522894
      0.3885625467979961
      0.3869800843565969
      0.3854113371964189
       0.383857051776665
      0.3823179685919231
      0.3807948216328257
      0.3792883378625024
      0.3777992367095626
      0.3763282295771694
      0.3748760193686516
      0.3734433000293342
      0.3720307561048257
      0.3706390623156889
      0.3692688831481916
      0.3679208724610691
      0.3665956731084203
      0.3652939165781018
      0.3640162226457002
      0.3627631990437591
      0.3615354411457929
      0.3603335316650469
      0.3591580403674128
       0.358009523798309
      0.3568885250230843
      0.3557955733802417
      0.3547311842476917
      0.3536958588207796
      0.3526900839023125
      0.3517143317036016
      0.3507690596562905
      0.3498547102343049
      0.3489717107855406
      0.3481204733725577
      0.3473013946220831
      0.3465148555823033
      0.3457612215879088
      0.3450408421319923
      0.3443540507443151
      0.3437011648758563
      0.3430824857883291
      0.3424982984487939
      0.3419488714287889
      0.3414344568071003
       0.340955290076114
      0.3405115900511937
      0.3401035587823603
      0.3397313814683871
      0.3393952263723126
      0.3390952447384245
      0.3388315707103162
      0.3386043212494197
      0.3384135960539126
      0.3382594774780294
      0.3381420304508427
      0.3380613023950529
      0.3380173231453251
      0.3380101048659563
      0.3380396419679998
      0.3381059110258704
      0.3382088706932987
      0.3383484616189566
      0.3385246063614731
      0.3387372093047294
       0.338986156572777
      0.3392713159455905
      0.3395925367752828
      0.3399496499035124
      0.3403424675806075
      0.3407707833866676
      0.3412343721552286
      0.3417329899003124
      0.3422663737472963
      0.3428342418682626
      0.3434362934225089
      0.3440722085034632
      0.3447416480918809
      0.3454442540171528
      0.3461796489269359
      0.3469474362660853
      0.3477472002662368
      0.3485785059463071
      0.3494408991255886
      0.3503339064499302
      0.3512570354321274
       0.352209774507956
      0.3531915931080838
      0.3542019417478581
      0.3552402521352282
      0.3563059372983662
