                       0
   1.287591312466663e-05
   5.159258001104139e-05
   0.0001163349071061989
   0.0002072676791012424
   0.0003245355096446724
   0.0004682628441538775
   0.0006385540142760549
    0.000835493343259298
    0.001059145301237732
    0.001309554709182194
    0.001586746990021548
    0.001890728465200019
    0.002221486694704532
    0.002578990858373803
     0.00296319217608915
    0.003374024364246149
    0.003811404125718573
    0.004275231670350978
    0.004765391262856236
    0.005281751794848429
     0.00582416737761325
    0.006392477952104158
    0.006986509912558532
    0.007606076740049994
     0.00825097964223415
    0.008921008195506027
    0.009615940985765079
     0.01033554624398356
     0.01107958247279107
     0.01184779906032647
     0.01263993687766512
      0.0134557288562047
     0.01429490054148932
     0.01515717062006453
     0.01604225141608659
     0.01694984935455971
     0.01787966538823753
     0.01883139538540981
     0.01980473047598585
     0.02079935735349918
     0.02181495853087782
     0.02285121254805538
     0.02390779412974333
     0.02498437429193412
     0.02608062039596211
     0.02719619614921295
     0.02833076155184028
     0.02948397278911668
     0.03065548206931881
     0.03184493740731487
     0.03305198235429468
     0.03427625567434502
     0.03551739096883438
     0.03677501624982855
     0.03804875346400552
      0.0393382179687787
     0.04064301796256966
     0.04196275387139409
     0.04329701769413632
     0.04464539230908981
     0.04600745074453193
     0.04738275541628014
      0.0487708573353444
     0.05017129528895186
     0.05158359499835864
     0.05300726825700946
       0.054441812052724
     0.05588670767770931
      0.0573414198303058
      0.0588053957124709
     0.06027806412710716
     0.06175883457941337
     0.06324709638653297
     0.06474221779984231
     0.06624354514429653
     0.06775040197931459
     0.06926208828576622
      0.0707778796836659
     0.07229702668526136
     0.07381875398825061
     0.07534225981392564
     0.07686671529509585
     0.07839126391869762
     0.07991502102804712
     0.08143707338973583
     0.08295647883021404
     0.08447226594713732
     0.08598343390057706
     0.08748895228921202
     0.08898776111661837
      0.0904787708527668
     0.09196086259580254
     0.09343288833913863
     0.09489367134882054
     0.09634200665602628
     0.09777666166943322
     0.09919637691204605
      0.1005998668868675
      0.1019858210756029
      0.1033529050742865
      0.1046997618694451
      0.1060250132580577
      0.1073272614141733
       0.108605090604621
      0.1098570690557571
      0.1110817509726593
      0.1122776787116221
      0.1134433851061507
      0.1145773959460141
      0.1156782326081972
      0.1167444148378411
      0.1177744636764943
      0.1187669045341622
       0.119720270400835
      0.1206331051923002
      0.1215039672241878
      0.1223314328073398
      0.1231140999567161
      0.1238505922052211
      0.1245395625130111
      0.1251796972620514
      0.1257697203249723
      0.1263083971965817
      0.1267945391757849
      0.1272270075851491
      0.1276047180149014
       0.127926644577832
      0.1281918241613491
      0.1283993606628597
      0.1285484291946739
      0.1286382802448481
      0.1286682437807061
      0.1286377332822778
      0.1285462496935782
      0.1283933852804556
      0.1281788273847663
      0.1279023620657869
      0.1275638776211284
      0.1271633679809362
      0.1267009359708115
      0.1261767964407391
      0.1255912792592782
       0.124944832174359
      0.1242380235442936
      0.1234715449448953
      0.1226462136610229
       0.121762975073314
      0.1208229049533287
      0.1198272116827678
      0.1187772384147932
      0.1176744651976873
      0.1165205110831226
       0.115317136242994
      0.1140662441200731
      0.1127698836384723
      0.1114302514999115
      0.1100496945908496
      0.1086307125234387
      0.1071759603296121
      0.1056882513221518
      0.1041705601287532
      0.1026260258944292
      0.1010579556334674
      0.0994698276938344
     0.09786529527360138
     0.09624818989982364
     0.09462252474436794
     0.09299249760757784
      0.0913624933485991
     0.08973708548007145
     0.08812103657458394
     0.08651929705133972
     0.08493700182536935
     0.08337946421134435
     0.08185216638436739
     0.08036074561821926
     0.07891097545737492
     0.07750874094572427
     0.07616000704832619
     0.07487077948111008
      0.0736470573265596
     0.07249477707893959
     0.07141974814344669
     0.07042758031310786
      0.0695236043541818
     0.06871278751511144
     0.06799964648392107
     0.06738816098181388
     0.06688169170885309
     0.06648290665935284
     0.06619371981987725
      0.0660152459007356
      0.0659477740263314
     0.06599076226755636
     0.06614285363869431
     0.06640191283809213
     0.06676508173752106
     0.06722885056011724
     0.06778914093648822
     0.06844139664806129
     0.06918067785639936
     0.07000175492979731
     0.07089919853379152
     0.07186746335529144
     0.07290096358785479
     0.07399413903969684
     0.07514151137927853
     0.07633773057171404
     0.07757761196943348
     0.07885616480527509
     0.08016861300899093
     0.08151040934832854
     0.08287724390465605
     0.08426504785073413
     0.08566999342253045
     0.08708849088228635
     0.08851718316749801
     0.08995293881789275
     0.09139284367523753
     0.09283419176199127
     0.09427447566607788
     0.09571137669086512
     0.09714275497152083
     0.09856663971058541
     0.09998121964585219
      0.1013848338314335
      0.1027759627871414
       0.104153220051003
      0.1055153441539563
      0.1068611910237012
      0.1081897268156365
      0.1095000211621844
      0.1107912408270841
      0.1120626437480426
      0.1133135734490782
      0.1145434538027754
       0.115751784122187
      0.1169381345621755
      0.1181021418103907
      0.1192435050487243
      0.1203619821669358
      0.1214573862110822
      0.1225295820503655
      0.1235784832470566
      0.1246040491151574
      0.1256062819544539
      0.1265852244475782
      0.1275409572085939
      0.1284735964724806
      0.1293832919156885
      0.1302702245986938
      0.1311346050221604
      0.1319766712889531
       0.132796687364842
      0.1335949414312684
      0.1343717443240468
      0.1351274280523066
      0.1358623443924217
      0.1365768635520219
      0.1372713728995595
      0.1379462757551912
      0.1386019902390426
      0.1392389481732002
      0.1398575940339898
      0.1404583839513572
      0.1410417847523755
      0.1416082730460691
      0.1421583343469635
      0.1426924622349246
      0.1432111575489836
      0.1437149276130498
      0.1442042854914843
      0.1446797492727057
      0.1451418413790578
       0.145591087901351
      0.1460280179565445
      0.1464531630671655
      0.1468670565611774
      0.1472702329910628
      0.1476632275710075
      0.1480465756311392
      0.1484208120878541
      0.1487864709293518
      0.1491440847155466
      0.1494941840915887
      0.1498372973143159
       0.150173949790973
      0.1505046636296133
      0.1508299572006366
      0.1511503447089396
      0.1514663357762409
      0.1517784350331199
      0.1520871417203847
      0.1523929492993888
      0.1526963450709594
      0.1529978098026028
      0.1532978173636815
       0.153596834368295
      0.1538953198255823
      0.1541937247972023
      0.1544924920617572
      0.1547920557859402
      0.1550928412021994
      0.1553952642927265
      0.1556997314796061
      0.1560066393209542
      0.1563163742129018
      0.1566293120973181
      0.1569458181751426
      0.1572662466252506
       0.157590940328788
      0.1579202305989258
       0.158254436916012
       0.158593866668134
      0.1589388148970927
      0.1592895640498798
       0.159646383735693
      0.1600095304886254
      0.1603792475361328
      0.1607557645734507
        0.16113929754412
      0.1615300484268236
      0.1619282050287629
      0.1623339407857967
      0.1627474145695952
      0.1631687705020979
      0.1635981377775112
      0.1640356304921714
       0.164481347482541
      0.1649353721716365
      0.1653977724241574
      0.1658686004106321
      0.1663478924808234
      0.1668356690466705
      0.1673319344750081
      0.1678366769902953
       0.168349868587544
      0.1688714649556727
      0.1694014054113943
      0.1699396128438065
      0.1704859936697918
      0.1710404378002931
      0.1716028186175377
      0.1721729929632315
      0.1727508011377328
      0.1733360669101933
      0.1739285975396278
      0.1745281838068601
      0.1751346000572854
      0.1757476042543734
      0.1763669380438345
      0.1769923268283643
      0.1776234798528945
      0.1782600903002865
      0.1789018353974071
      0.1795483765315655
       0.180199359377287
       0.180854414033464
       0.181513155170913
      0.1821751821904629
      0.1828400793916873
      0.1835074161524698
      0.1841767471196528
      0.1848476124110415
      0.1855195378291053
      0.1861920350868117
      0.1868646020460052
      0.1875367229689032
      0.1882078687832664
      0.1888774973618929
      0.1895450538171418
      0.1902099708112427
      0.1908716688832136
      0.1915295567932431
      0.1921830318854522
      0.1928314804700045
      0.1934742782255458
       0.194110790623013
      0.1947403733718619
      0.1953623728898033
      0.1959761267971244
      0.1965809644367204
      0.1971762074209146
      0.1977611702061877
      0.1983351606968844
      0.1988974808789598
      0.1994474274848161
      0.1999842926901983
      0.2005073648441384
      0.2010159292328072
      0.2015092688781575
      0.2019866653721008
      0.2024473997469317
       0.202890753382614
      0.2033160089514613
      0.2037224514006344
      0.2041093689727934
       0.204476054265108
       0.204821805326741
      0.2051459267947554
      0.2054477310683054
      0.2057265395207882
      0.2059816837495372
      0.2062125068624117
      0.2064183648005617
      0.2065986276963825
      0.2067526812655658
      0.2068799282319407
      0.2069797897835798
      0.2070517070584574
      0.2070951426577404
      0.2071095821845369
      0.2070945358056992
      0.2070495398340397
       0.206974158328046
      0.2068679847058917
      0.2067306433702992
      0.2065617913404699
      0.2063611198870208
      0.2061283561655299
      0.2058632648439799
        0.20556564971904
      0.2052353553158051
      0.2048722684652161
      0.2044763198530804
      0.2040474855342198
      0.2035857884049237
      0.2030912996265158
      0.2025641399925281
      0.2020044812315869
      0.2014125472378059
      0.2007886152201865
      0.2001330167621909
      0.1994461387824404
      0.1987284243872193
      0.1979803736052771
      0.1972025439953023
      0.1963955511162859
       0.195560068851006
      0.1946968295728403
      0.1938066241462199
      0.1928903017512265
      0.1919487695230379
      0.1909829919973253
      0.1899939903531122
      0.1889828414451664
      0.1879506766186617
      0.1868986802996226
      0.1858280883555597
      0.1847401862217785
      0.1836363067899474
      0.1825178280568757
      0.1813861705328785
      0.1802427944106729
      0.1790891964975061
      0.1779269069150475
      0.1767574855735894
      0.1755825184291758
      0.1744036135345585
      0.1732223968971182
      0.1720405081593506
      0.1708595961199042
      0.1696813141156568
      0.1685073152877843
      0.1673392477571612
      0.1661787497368205
      0.1650274446113623
      0.1638869360152781
       0.162758802943933
      0.1616445949324926
      0.1605458273392532
      0.1594639767706486
      0.1584004766855368
      0.1573567132162477
      0.1563340212431603
        0.15533368075836
      0.1543569135520198
      0.1534048802527191
      0.1524786777497836
      0.1515793370220534
      0.1507078213932002
      0.1498650252289155
      0.1490517730860286
      0.1482688193179458
      0.1475168481348735
      0.1467964741111397
      0.1461082431257594
      0.1454526337162223
      0.1448300588195726
      0.1442408678692144
      0.1436853492107013
      0.1431637327951865
      0.1426761931052624
       0.142222852264787
      0.1418037832819705
      0.1414190133736065
      0.1410685273178554
      0.1407522707834812
      0.1404701535848674
      0.1402220528144701
      0.1400078158075571
       0.139827262898079
      0.1396801899291622
      0.1395663704870369
      0.1394855578329238
       0.139437486513593
      0.1394218736376275
      0.1394384198109556
      0.1394868097316751
      0.1395667124505358
      0.1396777813095708
       0.139819653577071
      0.1399919498024111
      0.1401942729189526
      0.1404262071273714
      0.1406873165951988
      0.1409771440110684
      0.1412952090341127
      0.1416410066801302
      0.1420140056865503
      0.1424136468978815
       0.142839341712224
      0.1432904706276909
      0.1437663819251902
      0.1442663905210596
      0.1447897770196357
      0.1453357869919951
      0.1459036305029797
      0.1464924819042375
      0.1471014799065562
      0.1477297279401984
      0.1483762948075059
      0.1490402156276558
      0.1497204930693219
      0.1504160988630869
      0.1511259755818988
      0.1518490386746318
      0.1525841787350182
      0.1533302639858181
      0.1540861429561183
      0.1548506473281413
       0.155622594928805
      0.1564007928406296
      0.1571840406062344
      0.1579711335007528
      0.1587608658469007
      0.1595520343480817
      0.1603434414159054
      0.1611338984696385
      0.1619222291864734
      0.1627072726830084
       0.163487886609943
      0.1642629501436867
       0.165031366860319
      0.1657920674790925
      0.1665440124644449
      0.1672861944771687
      0.1680176406671045
      0.1687374148013185
      0.1694446192232316
      0.1701383966396769
       0.170817931734152
      0.1714824526058158
       0.172131232034935
       0.172763588576493
      0.1733788874846598
      0.1739765414715973
      0.1745560113048749
      0.1751168062483298
      0.1756584843518144
      0.1761806525956852
      0.1766829668962494
      0.1771651319787201
      0.1776269011243955
      0.1780680757989479
      0.1784885051688197
      0.1788880855126985
      0.1792667595350922
      0.1796245155888976
      0.1799613868137902
      0.1802774501971214
      0.1805728255638125
      0.1808476745015607
       0.181102199227425
      0.1813366414016644
      0.1815512808943871
      0.1817464345103424
         0.1819224546769
      0.1820797280999489
      0.1822186743922124
      0.1823397446781373
      0.1824434201792316
       0.182530210783474
      0.1826006536020925
      0.1826553115167408
      0.1826947717198612
      0.1827196442507129
      0.1827305605293341
      0.1827281718904505
       0.182713148119115
      0.1826861759896499
       0.182647957809272
      0.1825992099675902
      0.1825406614930024
      0.1824730526168667
      0.1823971333461821
      0.1823136620454157
      0.1822234040280013
      0.1821271301579544
      0.1820256154620196
      0.1819196377526598
      0.1818099762622543
      0.1816974102888123
      0.1815827178535376
      0.1814666743706143
      0.1813500513296332
      0.1812336149911229
      0.1811181250957719
      0.1810043335879399
      0.1808929833542596
      0.1807848069781582
      0.1806805255112896
      0.1805808472630001
      0.1804864666090642
      0.1803980628210739
      0.1803162989180037
      0.1802418205415995
      0.1801752548573625
      0.1801172094830426
      0.1800682714466456
      0.1800290061760774
      0.1799999565226074
      0.1799816418204344
      0.1799745569846685
      0.1799791716500849
      0.1799959293530081
      0.1800252467586698
      0.1800675129363503
      0.1801230886845624
      0.1801923059084253
      0.1802754670512859
      0.1803728445825076
       0.180484680543168
      0.1806111861512635
      0.1807525414677883
      0.1809088951248358
      0.1810803641166807
      0.1812670336544762
      0.1814689570850253
      0.1816861558737625
      0.1819186196518208
      0.1821663063268248
      0.1824291422567405
      0.1827070224858524
      0.1829998110417162
      0.1833073412916516
       0.183629416357132
      0.1839658095842048
      0.1843162650678844
      0.1846804982282779
      0.1850581964360584
      0.1854490196847604
      0.1858526013072701
      0.1862685487337987
      0.1866964442885658
       0.187135846022398
      0.1875862885784086
      0.1880472840879641
      0.1885183230941546
      0.1889988755000584
      0.1894883915391264
      0.1899863027651308
       0.190492023059212
      0.1910049496516546
      0.1915244641561702
      0.1920499336145683
      0.1925807115498517
      0.1931161390258972
      0.1936555457120412
      0.1941982509509939
      0.1947435648286939
      0.1952907892447842
      0.1958392189825877
      0.1963881427775278
       0.196936844383072
      0.1974846036333913
      0.1980306975020038
      0.1985744011557721
      0.1991149890036887
      0.1996517357399503
       0.200183917380881
      0.2007108122952991
      0.2012317022279632
      0.2017458733157499
        0.20225261709623
      0.2027512315083299
      0.2032410218847362
        0.20372130193572
      0.2041913947240242
       0.204650633630438
      0.2050983633096674
      0.2055339406360667
      0.2059567356387746
      0.2063661324257623
      0.2067615300962635
      0.2071423436409935
       0.207508004829596
      0.2078579630846161
      0.2081916863413592
      0.2085086618928956
      0.2088083972194344
      0.2090904208012855
      0.2093542829145647
      0.2095995564087466
      0.2098258374651651
      0.2100327463354833
      0.2102199280591148
      0.2103870531585482
      0.2105338183114443
      0.2106599469983398
      0.2107651901247059
       0.210849326616038
      0.2109121639845794
      0.2109535388661897
      0.2109733175257396
      0.2109713963293511
      0.2109477021815978
       0.210902192925763
      0.2108348577049536
       0.210745717281877
      0.2106348243147559
      0.2105022635868329
      0.2103481521866249
       0.210172639635942
      0.2099759079625095
      0.2097581717138251
      0.2095196779087069
      0.2092607059228269
      0.2089815673043466
      0.2086826055156576
      0.2083641955971102
      0.2080267437485203
      0.2076706868242247
      0.2072964917374443
      0.2069046547697767
      0.2064957007817507
      0.2060701823205529
       0.205628678621306
      0.2051717944985882
      0.2047001591253224
      0.2042144246966471
      0.2037152649770172
      0.2032033737294418
      0.2026794630266058
      0.2021442614444789
      0.2015985121400551
       0.201042970815917
      0.2004784035755242
      0.1999055846743826
      0.1993252941735814
      0.1987383155035795
      0.1981454329475601
      0.1975474290551553
      0.1969450819987952
      0.1963391628864138
      0.1957304330456806
      0.1951196412962838
      0.1945075212280921
      0.1938947885041585
      0.1932821382086146
      0.1926702422603394
      0.1920597469139601
      0.1914512703702231
      0.1908454005179893
       0.190242692830071
      0.1896436684348342
      0.1890488123848989
      0.1884585721433904
      0.1878733563070445
      0.1872935335839735
       0.186719432042214
      0.1861513386431242
      0.1855894990714885
      0.1850341178716836
      0.1844853588966199
      0.1839433460733332
      0.1834081644861589
      0.1828798617754014
      0.1823584498463165
      0.1818439068801799
      0.1813361796361682
      0.1808351860298339
      0.1803408179711255
      0.1798529444422431
      0.1793714147931267
       0.178896062230105
      0.1784267074712213
      0.1779631625399733
       0.177505234667702
      0.1770527302736716
      0.1766054589909266
      0.1761632377053809
      0.1757258945752251
      0.1752932729976339
       0.174865235489928
       0.174441667452758
      0.1740224807835095
      0.1736076173090106
      0.1731970520076775
      0.1727907959924862
      0.1723888992275918
      0.1719914529529984
      0.1715985917934294
      0.1712104955294312
      0.1708273905107434
      0.1704495506941545
      0.1700772982902947
      0.1697110040062738
       0.169351086873561
      0.1689980136532117
      0.1686522978133209
      0.1683144980765044
      0.1679852165383013
       0.167665096360552
      0.1673548190471221
      0.1670551013127841
      0.1667666915595592
      0.1664903659784587
       0.166226924298173
      0.1659771852059604
      0.1657419814696185
      0.1655221547930126
      0.1653185504410956
       0.165132011673649
      0.1649633740300258
      0.1648134595099317
      0.1646830706976403
      0.1645729848789943
      0.1644839482019789
      0.1644166699325131
      0.1643718168573669
      0.1643500078857052
      0.1643518088996469
      0.1643777279024451
      0.1644282105103418
      0.1645036358309518
      0.1646043127671435
      0.1647304767809081
      0.1648822871466301
      0.1650598247177319
      0.1652630902247556
      0.1654920031168429
      0.1657464009523298
      0.1660260393378593
      0.1663305924092731
      0.1666596538415287
      0.1670127383693042
      0.1673892837946769
      0.1677886534536093
       0.168210139108818
      0.1686529642331387
       0.169116287644679
      0.1695992074529453
      0.1701007652736921
      0.1706199506695267
      0.1711557057731789
      0.1717069300508808
       0.172272485164369
      0.1728511998915562
      0.1734418750679296
       0.174043288513056
      0.1746541999091802
      0.1752733556017541
      0.1758994932946726
        0.17653134661607
      0.1771676495335786
      0.1778071406010013
      0.1784485670213167
      0.1790906885137558
      0.1797322809754242
      0.1803721399304599
      0.1810090837620512
      0.1816419567247977
      0.1822696317368221
      0.1828910129527686
      0.1835050381203291
      0.1841106807242858
       0.184706951923129
      0.1852929022842965
      0.1858676233247896
      0.1864302488645686
      0.1869799562005601
      0.1875159671094156
      0.1880375486873983
      0.1885440140358367
      0.1890347228005854
      0.1895090815738731
      0.1899665441667397
       0.190406611760062
      0.1908288329419223
      0.1912328036387281
       0.191618166947213
      0.1919846128740487
      0.1923318779894218
      0.1926597450005738
      0.1929680422508569
      0.1932566431494952
      0.1935254655368042
      0.1937744709892842
      0.1940036640685321
      0.1942130915176198
       0.194402841408168
      0.1945730422410113
      0.1947238620030191
      0.1948555071823093
      0.1949682217437898
       0.195062286066712
      0.1951380158456112
      0.1951957609558303
      0.1952359042845635
      0.1952588605281949
       0.195265074956545
      0.1952550221444693
      0.1952292046711813
      0.1951881517875595
      0.1951324180516462
      0.1950625819325202
      0.1949792443827279
      0.1948830273794617
      0.1947745724347668
      0.1946545390751035
      0.1945236032907442
      0.1943824559555864
      0.1942318012181664
      0.1940723548648387
      0.1939048426563061
      0.1937299986389529
      0.1935485634326649
      0.1933612824971616
      0.1931689043791298
      0.1929721789427896
      0.1927718555868771
      0.1925686814513413
       0.192363399617424
      0.1921567473051437
      0.1919494540725413
      0.1917422400213916
      0.1915358140144079
      0.1913308719092696
      0.1911280948150984
       0.190928147377241
      0.1907316760964638
      0.1905393076888126
      0.1903516474925435
      0.1901692779286307
      0.1899927570213456
      0.1898226169854366
      0.1896593628863024
      0.1895034713794502
      0.1893553895352909
      0.1892155337550796
      0.1890842887834513
      0.1889620068226311
      0.1888490067529258
      0.1887455734636031
      0.1886519572976885
      0.1885683736136369
      0.1884950024661297
      0.1884319884076087
      0.1883794404114316
      0.1883374319167999
      0.1883060009948588
      0.1882851506346463
      0.1882748491467999
       0.188275030682225
      0.1882855958621905
       0.188306412515697
      0.1883373165192484
      0.1883781127336218
      0.1884285760316575
       0.188488452410587
      0.1885574601820066
      0.1886352912322157
      0.1887216123453274
      0.1888160665813248
      0.1889182747010606
      0.1890278366300825
      0.1891443329531286
      0.1892673264311441
      0.1893963635327788
      0.1895309759724344
       0.189670682247139
      0.1898149891647741
      0.1899633933564581
      0.1901153827662458
      0.1902704381116405
      0.1904280343088584
      0.1905876418571907
      0.1907487281772783
      0.1909107588985819
