                       0
   1.287591312466674e-05
   5.159258001105414e-05
   0.0001163349071065444
    0.000207267679104744
   0.0003245355096656941
   0.0004682628442447693
   0.0006385540145895216
   0.0008354933441755952
    0.001059145303598339
    0.001309554714686822
    0.001586747001862792
    0.001890728489029822
    0.002221486740048647
    0.002578990940634532
    0.002963192319302612
    0.003374024604788391
     0.00381140451718417
    0.004275232289858866
     0.00476539221906953
     0.00528175323802862
    0.005824169512062645
    0.006392481051385697
    0.006986514337916555
    0.007606082962490768
    0.008250988268760124
    0.008921020000031449
    0.009615956945275152
     0.01033556758053149
     0.01107961070195937
      0.0118478360468085
     0.01263998489865095
     0.01345579067328231
     0.01429497948179521
     0.01515727066743911
      0.0160423773130084
     0.01695000671564661
     0.01787986082611576
     0.01883163664975697
     0.01980502660655927
     0.02079971884795779
     0.02181539752819884
     0.02285174302833593
     0.02390843213115718
     0.02498513814558839
     0.02608153097936671
     0.02719727715903513
     0.02833203979656668
     0.02948547850218805
     0.03065724924323291
     0.03184700414911509
      0.0330543912627684
     0.03427905423915276
     0.03552063199167348
     0.03677875828760067
     0.03805306129380848
     0.03934316307437669
     0.04064867904181126
     0.04196921736384188
     0.04330437832794683
     0.04465375366593373
       0.046016925841072
     0.04739346730042745
     0.04878293969519102
     0.05018489307192384
     0.05159886503775823
     0.05302437990270087
     0.05446094780227922
     0.05590806380385834
     0.05736520700003042
     0.05883183959254748
     0.06030740597032797
     0.06179133178512247
     0.06328302302847234
     0.06478186511364127
     0.06628722196624212
     0.06779843512732256
     0.06931482287271419
     0.07083567935249116
     0.07236027375442741
      0.0738878494953871
     0.07541762344463149
     0.07694878518307789
     0.07848049630260223
     0.08001188974953775
     0.08154206921658673
     0.08307010858743094
     0.08459505143839889
      0.0861159106016227
     0.08763166779419515
     0.08914127331791455
     0.09064364583428343
     0.09213767221950182
     0.09362220750426768
     0.09509607490326251
      0.0965580659392582
     0.09800694066682784
     0.09944142800067807
      0.1008602261536387
       0.102262003189347
      0.1036453976946416
      0.1050090195766387
      0.1063514509893898
      0.1076712473949216
      0.1089669387633233
      0.1102370309163789
      0.1114800070190397
      0.1126943292227807
      0.1138784404646045
      0.1150307664251225
      0.1161497176487691
      0.1172336918287859
      0.1182810762591468
      0.1192902504550832
      0.1202595889433139
      0.1211874642224832
      0.1220722498936726
      0.1229123239601703
       0.123706072294971
      0.1244518922737341
      0.1251481965701592
      0.1257934171099542
      0.1263860091787705
      0.1269244556786806
       0.127407271526983
      0.1278330081903389
      0.1282002583465015
      0.1285076606651933
      0.1287539046990349
      0.1289377358748499
      0.1290579605751787
      0.1291134512994417
      0.1291031518939253
      0.1290260828396369
      0.1288813465871122
       0.128668132927474
      0.1283857243894699
      0.1280335016528755
      0.1276109489695601
      0.1271176595847155
      0.1265533411522584
      0.1259178211402706
      0.1252110522245731
      0.1244331176711618
      0.1235842367113152
      0.1226647699167337
      0.1216752245861413
      0.1206162601593965
      0.1194886936803618
      0.1182935053356032
      0.1170318441024594
      0.1157050335471561
      0.1143145778214506
      0.1128621679147629
      0.1113496882278351
      0.1097792235435756
      0.1081530664807336
      0.1064737255261657
      0.1047439337513402
      0.1029666583278157
      0.1011451109639591
     0.09928275939001782
     0.09738334001929216
     0.09545087190745899
     0.09348967211721486
     0.09150437256752524
       0.089499938400879
     0.08748168783157979
      0.0854553133350759
     0.08342690389254526
     0.08140296780439958
     0.07939045531742508
     0.07739677995860295
     0.07542983702105464
     0.07349801709526596
     0.07161021188267776
     0.06977580878727932
     0.06800467000033168
     0.06630709106067706
     0.06469373332831285
      0.0631755246533995
     0.06176352301535214
     0.06046873933688655
     0.05930191830730995
     0.05827328001394996
     0.05739223036566014
     0.05666705421289019
     0.05610461081565962
     0.05571005563186247
     0.05548661395907087
     0.05543542975556751
     0.05555550673922297
     0.05584374937620005
     0.05629510031353892
     0.05690276035010996
     0.05765846918015372
     0.05855282113289959
     0.05957559019132613
      0.0607160419932786
     0.06196321603192077
      0.0633061675065005
      0.0647341641023822
     0.06623683769533859
     0.06780429429794203
      0.0694271875386086
      0.0710967618195651
     0.07280487134332184
     0.07454398072292326
     0.07630715214159554
     0.07808802317871297
     0.07988077858579866
     0.08168011854357049
     0.08348122528835575
     0.08527972947000181
     0.08707167718678616
     0.08885349832223408
     0.09062197656836088
     0.09237422134410771
     0.09410764169265247
     0.09581992215496705
     0.09750900055975252
     0.09917304763400937
      0.1008104483180178
      0.1024197846588658
      0.1039998201544716
      0.1055494854227934
      0.1070678650767929
      0.1085541856934164
       0.110007804773476
      0.1114282005982291
       0.112814962897259
      0.1141677842506809
      0.1154864521565904
      0.1167708417019458
      0.1180209087817023
      0.1192366838169959
      0.1204182659285365
      0.1215658175261443
       0.122679559279596
      0.1237597654396938
      0.1248067594817621
      0.1258209100466781
      0.1268026271570822
      0.1277523586886429
      0.1286705870782005
      0.1295578262523177
      0.1304146187612612
      0.1312415331047392
      0.1320391612368672
      0.1328081162388325
      0.1335490301486109
      0.1342625519378608
       0.134949345626803
      0.1356100885284995
      0.1362454696144815
      0.1368561879941542
      0.1374429515008398
      0.1380064753777039
      0.1385474810571667
       0.139066695027721
      0.1395648477823765
       0.140042672843227
      0.1405009058568922
      0.1409402837558331
      0.1413615439807666
      0.1417654237596276
       0.142152659438738
      0.1425239858620463
      0.1428801357945001
       0.143221839385807
      0.1435498236710295
      0.1438648121046427
      0.1441675241248658
      0.1444586747452594
      0.1447389741707515
      0.1450091274354315
      0.1452698340596175
      0.1455217877238713
      0.1457656759577958
      0.1460021798416103
      0.1462319737186534
      0.1464557249171163
      0.1466740934794555
      0.1468877318980777
      0.1470972848560269
      0.1473033889715379
      0.1475066725454496
      0.1477077553105912
      0.1479072481823771
      0.1481057530099532
      0.1483038623273471
      0.1485021591041752
      0.1487012164955525
      0.1489015975909429
      0.1491038551617703
      0.1493085314076882
      0.1495161577014802
      0.1497272543326287
      0.1499423302496522
      0.1501618828013687
      0.1503863974772945
      0.1506163476474342
      0.1508521943017611
      0.1510943857897256
      0.1513433575601627
      0.1515995319019995
      0.1518633176861901
      0.1521351101093287
      0.1524152904394066
       0.152704225764199
      0.1530022687427744
      0.1533097573606313
      0.1536270146889682
      0.1539543486485974
      0.1542920517790099
      0.1546404010130915
      0.1549996574579866
      0.1553700661825871
      0.1557518560121155
      0.1561452393302459
      0.1565504118891901
      0.1569675526281447
      0.1573968235004698
      0.1578383693099355
      0.1582923175563369
      0.1587587782907382
      0.1592378439805671
      0.1597295893847319
       0.160234071438889
      0.1607513291509392
      0.1612813835067749
       0.161824237386254
      0.1623798754893147
      0.1629482642720957
      0.1635293518928663
      0.1641230681675209
      0.1647293245343327
      0.1653480140276125
      0.1659790112598674
      0.1666221724120033
      0.1672773352310755
      0.1679443190350452
      0.1686229247239682
      0.1693129347970082
      0.1700141133746412
      0.1707262062254007
      0.1714489407964964
      0.1721820262476376
      0.1729251534873881
      0.1736779952113949
      0.1744402059418446
       0.175211422067528
      0.1759912618839279
      0.1767793256327828
      0.1775751955406329
      0.1783784358559082
      0.1791885928841866
      0.1800051950213211
      0.1808277527842173
      0.1816557588391283
      0.1824886880274289
      0.1833259973889315
      0.1841671261829116
      0.1850114959071213
      0.1858585103151876
       0.186707555432907
      0.1875579995740765
      0.1884091933566228
      0.1892604697199195
      0.1901111439443141
      0.1909605136740119
      0.1918078589445968
      0.1926524422165962
      0.1934935084166257
       0.194330284987774
      0.1951619819510106
      0.1959877919795204
      0.1968068904879826
      0.1976184357389236
      0.1984215689683782
       0.199215414533195
      0.1999990800824151
      0.2007716567552401
      0.2015322194081869
      0.2022798268740972
      0.2030135222557371
      0.2037323332567744
      0.2044352725529727
      0.2051213382064757
      0.2057895141260852
      0.2064387705764568
      0.2070680647391409
      0.2076763413284016
      0.2082625332647267
      0.2088255624089251
      0.2093643403596692
      0.2098777693172969
      0.2103647430166311
      0.2108241477315065
      0.2112548633536147
      0.2116557645481883
      0.2120257219889435
      0.2123636036745875
      0.2126682763290761
      0.2129386068876694
      0.2131734640706927
      0.2133717200467568
      0.2135322521870254
      0.2136539449119517
      0.2137356916317237
      0.2137763967814759
      0.2137749779521324
      0.2137303681175534
      0.2136415179584598
        0.21350739828341
      0.2133270025469085
      0.2130993494645257
      0.2128234857247232
      0.2124984887968885
      0.2121234698349131
      0.2116975766754842
      0.2112199969301105
       0.210689961169777
      0.2101067462010104
      0.2094696784320565
      0.2087781373278118
      0.2080315589521274
      0.2072294395961105
      0.2063713394910966
      0.2054568866050512
      0.2044857805212902
      0.2034577963985823
      0.2023727890119219
      0.2012306968735273
      0.2000315464339387
      0.1987754563634535
      0.1974626419145386
      0.1960934193663022
      0.1946682105525743
      0.1931875474756251
      0.1916520770080317
       0.190062565685658
      0.1884199045951123
      0.1867251143593591
      0.1849793502253337
      0.1831839072573858
      0.1813402256400888
      0.1794498960933009
      0.1775146654012532
      0.1755364420557217
       0.173517302010877
      0.1714594945439766
      0.1693654482114812
      0.1672377768841377
      0.1650792858367977
       0.162892977858856
      0.1606820593388161
      0.1584499462611595
      0.1562002700349369
      0.1539368830508041
      0.1516638638360741
      0.1493855216452754
       0.147106400286282
       0.144831280939067
      0.1425651836755052
      0.1403133673347662
      0.1380813273505634
      0.1358747910654142
      0.1336997100055997
      0.1315622485322853
      0.1294687682342215
      0.1274258073920347
      0.1254400548313615
      0.1235183175014619
      0.1216674811780457
      0.1198944638048383
      0.1182061611681132
      0.1166093848499085
      0.1151107927324508
      0.1137168127253192
      0.1124335608461288
      0.1112667552824477
      0.1102216285635246
      0.1093028404312414
      0.1085143943695924
      0.1078595609784509
      0.1073408114136593
      0.1069597639287758
      0.1067171461326816
      0.1066127749368026
      0.1066455553486054
      0.1068134983409659
      0.1071137570724031
       0.107542679837846
      0.1080958773724584
      0.1087683015722843
      0.1095543323694365
      0.1104478694123327
      0.1114424253332966
      0.1125312176970548
      0.1137072571628713
      0.1149634299054284
      0.1162925728738721
      0.1176875409821633
       0.119141265785731
      0.1206468055899562
      0.1221973872464251
      0.1237864401230346
      0.1254076228899298
      0.1270548438547777
      0.1287222756196708
      0.1304043648299453
      0.1320958377534873
      0.1337917023774085
      0.1354872476452952
      0.1371780403888622
      0.1388599204374681
      0.1405289943208726
      0.1421816279170077
      0.1438144383386686
      0.1454242853015023
      0.1470082621706052
      0.1485636868442166
      0.1500880926000037
      0.1515792190017269
      0.1530350029410774
      0.1544535698705813
      0.1558332252681146
      0.1571724463612201
      0.1584698741296033
      0.1597243055964675
      0.1609346864133727
      0.1621001037387483
      0.1632197794067778
      0.1642930633808923
      0.1653194274843582
      0.1662984593992685
      0.1672298569245247
      0.1681134224830121
      0.1689490578680467
      0.1697367592192426
      0.1704766122181484
      0.1711687874942973
      0.1718135362326731
       0.172411185973981
       0.172962136599515
       0.173466856492814
      0.1739258788706873
      0.1743397982765578
      0.1747092672294117
      0.1750349930219595
      0.1753177346618908
      0.1755582999503576
      0.1757575426920386
      0.1759163600313225
       0.176035689909306
      0.1761165086364314
      0.1761598285756891
      0.1761666959313899
      0.1761381886385658
      0.1760754143480923
      0.1759795085026424
      0.1758516324985817
      0.1756929719289012
      0.1755047349022557
      0.1752881504331437
      0.1750444668982177
      0.1747749505536666
      0.1744808841085584
      0.1741635653489783
      0.1738243058077446
      0.1734644294744349
      0.1730852715404115
      0.1726881771735034
      0.1722745003169725
      0.1718456025073872
      0.1714028517060304
      0.1709476211384964
      0.1704812881371805
      0.1700052329814396
      0.1695208377303095
       0.169029485042798
      0.1685325569809516
      0.1680314337910995
      0.1675274926589411
      0.1670221064344364
      0.1665166423228119
      0.1660124605383892
      0.1655109129183968
      0.1650133414944262
      0.1645210770197527
      0.1640354374513485
      0.1635577263860823
      0.1630892314513071
      0.1626312226507988
      0.1621849506678043
      0.1617516451277951
      0.1613325128243797
       0.160928735912711
        0.16054147007561
      0.1601718426685102
      0.1598209508501947
      0.1594898597071327
       0.159179600380011
      0.1588911682017848
      0.1586255208572224
      0.1583835765744791
      0.1581662123596829
      0.1579742622858483
       0.157808515847627
      0.1576697163934552
      0.1575585596465556
      0.1574756923259873
      0.1574217108785145
      0.1573971603314777
      0.1574025332761066
      0.1574382689898196
      0.1575047527050206
      0.1576023150307424
       0.157731231532218
      0.1578917224721037
      0.1580839527156533
      0.1583080318006761
      0.1585640141716271
       0.158851899575698
      0.1591716336173357
      0.1595231084662228
      0.1599061637124474
       0.160320587361377
      0.1607661169596606
      0.1612424408428232
      0.1617491994940992
      0.1622859870034914
      0.1628523526155368
      0.1634478023539126
      0.1640718007108314
      0.1647237723891364
      0.1654031040851163
       0.166109146300307
      0.1668412151709106
      0.1675985943039424
       0.168380536609787
      0.1691862661214965
      0.1700149797918812
      0.1708658492602083
      0.1717380225811255
      0.1726306259092447
       0.173542765133654
      0.1744735274574451
      0.1754219829181571
      0.1763871858458202
      0.1773681762560384
       0.178363981176264
      0.1793736159040933
      0.1803960851970335
      0.1814303843937747
      0.1824755004675206
      0.1835304130124136
      0.1845940951645102
      0.1856655144591429
      0.1867436336268296
      0.1878274113301783
      0.1889158028444724
      0.1900077606848246
      0.1911022351829507
      0.1921981750167441
      0.1932945276959329
      0.1943902400071715
      0.1954842584219681
      0.1965755294708739
      0.1976630000873672
      0.1987456179248559
      0.1998223316501986
      0.2008920912171064
       0.201953848122745
      0.2030065556507983
      0.2040491691041957
      0.2050806460306366
      0.2060999464439724
      0.2071060330444349
      0.2080978714406137
       0.209074430376012
      0.2100346819629212
       0.210977601926274
      0.2119021698600486
      0.2128073694987098
      0.2136921890060874
      0.2145556212840041
      0.2153966643028756
       0.216214321456419
      0.2170076019425147
      0.2177755211721795
      0.2185171012085172
      0.2192313712374229
      0.2199173680717269
      0.2205741366903745
      0.2212007308141436
      0.2217962135193144
      0.2223596578906124
      0.2228901477146544
      0.2233867782150387
      0.2238486568301281
      0.2242749040344864
      0.2246646542048412
      0.2250170565313568
      0.2253312759749196
      0.2256064942710495
       0.225841910980977
      0.2260367445903397
      0.2261902336558837
       0.226301638000479
      0.2263702399566914
      0.2263953456590901
      0.2263762863854094
      0.2263124199466294
      0.2262031321259893
      0.2260478381669047
      0.2258459843097179
      0.2255970493771811
      0.2253005464085402
      0.2249560243420691
      0.2245630697458849
      0.2241213085968657
      0.2236304081074853
       0.223090078600382
       0.222500075430475
      0.2218602009544585
      0.2211703065475029
      0.2204302946670116
       0.219640120963285
      0.2187997964369571
      0.2179093896430693
      0.2169690289416447
      0.2159789047946111
      0.2149392721088923
      0.2138504526254376
      0.2127128373538897
      0.2115268890524821
      0.2102931447526178
      0.2090122183273825
      0.2076848031029988
      0.2063116745118984
      0.2048936927856793
      0.2034318056856969
      0.2019270512683974
      0.2003805606817107
      0.1987935609878587
      0.1971673780067631
      0.1955034391728321
      0.1938032763962168
      0.1920685289176233
      0.1903009461433848
      0.1885023904447027
      0.1866748399016794
      0.1848203909689458
      0.1829412610352565
      0.1810397908443255
      0.1791184467383394
      0.1771798226789565
       0.175226641993122
      0.1732617587826735
       0.171288158927457
      0.1693089606015433
       0.167327414211183
      0.1653469016514892
      0.1633709347666699
      0.1614031528862295
      0.1594473192973073
      0.1575073165017241
      0.1555871400960381
      0.1536908911047742
      0.1518227665919806
      0.1499870483755383
      0.1481880896735084
      0.1464302995236741
      0.1447181248378041
      0.1430560299824741
      0.1414484738198432
      0.1398998841955655
      0.1384146299275487
      0.1369969904283375
      0.1356511231844399
      0.1343810294157617
      0.1331905183441068
      0.1320831706068485
      0.1310623014545933
      0.1301309244632646
      0.1292917165642883
      0.1285469852442622
      0.1278986387811182
      0.1273481603622805
      0.1268965868687368
      0.1265444930070781
      0.1262919813322754
       0.126138678533193
      0.1260837381593192
      0.1261258497617345
      0.1262632542159401
      0.1264937648008832
      0.1268147934383493
      0.1272233813588385
      0.1277162333603264
      0.1282897547680336
       0.128940090186425
      0.1296631631562261
      0.1304547158840604
      0.1313103482936357
        0.13222555574766
      0.1331957649012137
      0.1342163672630477
      0.1352827501550494
      0.1363903248670267
      0.1375345519004111
      0.1387109632781926
      0.1399151819682599
      0.1411429385231711
      0.1423900850818491
      0.1436526069089016
      0.1449266316666874
      0.1462084366255245
      0.1474944540202039
      0.1487812747578366
      0.1500656506744615
      0.1513444955270514
      0.1526148848946577
      0.1538740551483181
      0.1551194016347234
      0.1563484762040453
      0.1575589841981667
      0.1587487810021148
      0.1599158682489512
      0.1610583897568428
      0.1621746272665473
       0.163262996038121
      0.1643220403572369
       0.165350428994061
      0.1663469506510763
      0.1673105094305183
      0.1682401203470927
       0.169134904907321
      0.1699940867731174
      0.1708169875239769
      0.1716030225293801
      0.1723516969406357
      0.1730626018093348
      0.1737354103378325
      0.1743698742656649
      0.1749658203945072
      0.1755231472531621
      0.1760418219031004
      0.1765218768842377
       0.176963407299906
      0.1773665680393422
      0.1777315711354623
      0.1780586832552029
      0.1783482233192795
      0.1786005602478347
      0.1788161108281071
      0.1789953376999558
      0.1791387474548039
      0.1792468888433261
      0.1793203510869908
      0.1793597622883749
      0.1793657879349956
      0.1793391294912515
      0.1792805230729249
      0.1791907381985739
      0.1790705766120326
      0.1789208711701409
      0.1787424847897334
      0.1785363094478465
      0.1783032652290292
      0.1780442994135895
      0.1777603856005538
      0.1774525228590804
        0.17712173490203
      0.1767690692753744
      0.1763955965571093
      0.1760024095593293
      0.1755906225271295
      0.1751613703280137
      0.1747158076255208
       0.174255108030826
       0.173780463226135
      0.1732930820537777
      0.1727941895650091
      0.1722850260226637
      0.1717668458519702
      0.1712409165340335
      0.1707085174367245
      0.1701709385780003
      0.1696294793169995
       0.169085446968637
      0.1685401553378556
      0.1679949231701814
      0.1674510725157912
      0.1669099270049201
        0.16637281003313
      0.1658410428557268
      0.1653159425914442
       0.164798820136422
       0.164290977990477
      0.1637937079987038
      0.1633082890125374
      0.1628359844755559
      0.1623780399404834
      0.1619356805250671
      0.1615101083157257
      0.1611024997290839
      0.1607140028427035
      0.1603457347074721
      0.1599987786551958
      0.1596741816159324
      0.1593729514604866
      0.1590960543842305
       0.158844412348995
        0.15861890060018
      0.1584203452764351
      0.1582495211292424
      0.1581071493694902
      0.1579938956576433
      0.1579103682533853
      0.1578571163396505
      0.1578346285347565
       0.157843331604935
      0.1578835893879365
       0.157955701936586
       0.158059904889219
      0.1581963690718604
      0.1583652003348633
      0.1585664396245333
      0.1588000632880673
      0.1590659836079781
      0.1593640495600874
      0.1596940477871928
      0.1600557037786809
       0.160448683244696
       0.160872593672009
      0.1613269860474811
      0.1618113567340004
      0.1623251494829853
      0.1628677575670117
      0.1634385260158181
      0.1640367539388692
      0.1646616969178049
      0.1653125694524473
       0.165988547444565
      0.1666887707042828
      0.1674123454648452
      0.1681583468923787
        0.16892582157832
      0.1697137900032576
      0.1705212489620618
      0.1713471739413184
      0.1721905214412164
      0.1730502312351659
      0.1739252285614976
      0.1748144262426359
      0.1757167267281076
      0.1766310240586588
      0.1775562057495812
      0.1784911545921062
      0.1794347503724002
      0.1803858715082838
      0.1813433966043185
      0.1823062059263369
       0.183273182796858
      0.1842432149131276
      0.1852151955897489
      0.1861880249280476
      0.1871606109144311
      0.1881318704500767
      0.1891007303143163
      0.1900661280640813
      0.1910270128717399
      0.1919823463036048
      0.1929311030413108
      0.1938722715481772
      0.1948048546825696
      0.1957278702601715
       0.196640351566969
       0.197541347824651
      0.1984299246100184
      0.1993051642299075
      0.2001661660530409
      0.2010120468001433
      0.2018419407935914
      0.2026550001678141
      0.2034503950416143
      0.2042273136535573
       0.204984962461551
      0.2057225662077425
      0.2064393679498663
      0.2071346290601976
      0.2078076291933036
      0.2084576662238269
      0.2090840561555944
      0.2096861330034088
      0.2102632486489548
      0.2108147726723346
      0.2113400921608349
