                       0
   1.287591312466668e-05
   5.159258001104123e-05
   0.0001163349071061984
   0.0002072676791012426
   0.0003245355096446723
   0.0004682628441538779
   0.0006385540142760546
   0.0008354933432592975
    0.001059145301237725
    0.001309554709182183
    0.001586746990021538
    0.001890728465200008
    0.002221486694704508
    0.002578990858373779
    0.002963192176089118
    0.003374024364246103
    0.003811404125718492
    0.004275231670350858
    0.004765391262856002
    0.005281751794848023
    0.005824167377612499
     0.00639247795210279
    0.006986509912556073
    0.007606076740045551
    0.008250979642226356
    0.008921008195492616
    0.009615940985742435
     0.01033554624394594
     0.01107958247272965
     0.01184779906022798
     0.01263993687750965
     0.01345572885596288
      0.0142949005411185
     0.01515717061950326
     0.01604225141524755
     0.01694984935331978
     0.01787966538642561
      0.0188313953827898
     0.01980473047223522
      0.0207993573481813
     0.02181495852340593
     0.02285121253764745
     0.02390779411536527
     0.02498437427222826
      0.0260806203691582
     0.02719619611301823
     0.02833076150330407
     0.02948397272446491
     0.03065548198375261
     0.03184493729476777
     0.03305198220713978
      0.0342762554830443
     0.03551739072152128
     0.03677501593181384
      0.0380487530571938
     0.03933821745098396
     0.04064301730671557
     0.04196275304458406
     0.04329701665657753
     0.04464539101285401
     0.04600744913213455
     0.04738275341905899
      0.0487708548716196
     0.05017129226194533
     0.05158359129385721
     0.05300726374075074
     0.05444180656748901
     0.05588670104010763
     0.05734141182724142
     0.05880538609728497
     0.06027805261539219
      0.0617588208445102
      0.0632470800547251
     0.06474219844527473
     0.06624352228366125
     0.06775037506636568
     0.06926205670573743
     0.07077784274769931
     0.07229698362497433
     0.07381870395060498
     0.07534220185659973
     0.07686664838260096
     0.07839118691952951
     0.07991493271321586
     0.08143697243308129
     0.08295636381097879
     0.08447213535534562
     0.08598328614585017
     0.08748878571374079
     0.08898757401311248
     0.09047856148830453
     0.09196062924261943
     0.09343262931351269
     0.09489338505933821
     0.09634169166264253
     0.09777631675488407
      0.0991960011672981
       0.100599459812444
      0.1019853827007437
       0.103352436096054
      0.1046992638140059
      0.1060244886664824
      0.1073267140552047
      0.1086045257169371
      0.1098564936223122
      0.1110811740297191
      0.1122771116950791
      0.1134428422376734
       0.114576894661462
      0.1156777940305728
      0.1167440642968241
       0.117774231276288
      0.1187668257710093
      0.1197203868310713
      0.1206334651512426
      0.1215046265954793
      0.1223324558415691
      0.1231155601372343
      0.1238525731580391
      0.1245421589565042
      0.1251830159909232
      0.1257738812215115
        0.12631353426072
      0.1268008015638218
      0.1272345606452402
      0.1276137443055632
      0.1279373448537713
      0.1282044183089275
      0.1284140885654517
      0.1285655515061229
      0.1286580790471586
      0.1286910231001022
      0.1286638194358296
      0.1285759914367651
      0.1284271537243846
      0.1282170156502854
      0.1279453846405205
      0.1276121693845236
      0.1272173828617963
      0.1267611452015807
      0.1262436863729865
      0.1256653487054799
       0.125026589242247
      0.1243279819317053
      0.1235702196653241
       0.122754116172913
      0.1218806077895972
      0.1209507551117991
      0.1199657445626365
      0.1189268898901718
      0.1178356336248568
      0.1166935485252261
      0.1155023390433297
      0.1142638428434445
      0.1129800324091522
      0.1116530167747637
      0.1102850434171285
      0.1088785003428636
       0.107435918403723
      0.1059599738688512
      0.1044534912766601
      0.1029194465805577
      0.1013609705911763
      0.0997813527024605
     0.09818404486921618
     0.09657266577863971
     0.09495100512700951
     0.09332302787413076
       0.091692878301286
     0.09006488364246236
     0.08844355699282842
     0.08683359912257754
     0.08523989873880677
     0.08366753064458667
     0.08212175114581918
     0.08060798995794131
     0.07913183777361735
     0.07769902857996021
     0.07631541577360726
     0.07498694113155613
     0.07371959577515767
     0.07251937243530707
     0.07139220860840435
     0.07034392059935045
     0.06938012898352069
     0.06850617667211434
     0.06772704150130951
     0.06704724602816055
     0.06647076792526593
     0.06600095492577605
     0.06564044858057881
     0.06539112106479707
     0.06525402885881908
     0.06522938632778771
     0.06531656108916099
     0.06551409170216849
       0.065819726786375
     0.06623048334316119
     0.06674272096195433
     0.06735222784952904
     0.06805431427615699
     0.06884390907825423
     0.06971565523521042
     0.07066400115762704
     0.07168328508210459
      0.0727678107661375
     0.07391191343554591
     0.07511001560019974
      0.0763566728903062
     0.07764661046539814
     0.07897475081760487
     0.08033623394630593
     0.08172643094441451
     0.08314095202998006
      0.0845756500016127
     0.08602662001043013
     0.08749019643917777
     0.08896294757161143
     0.09044166862968364
     0.09192337365738888
      0.0934052866410815
     0.09488483217793987
     0.09635962593721079
      0.0978274651024453
     0.09928631893624414
      0.1007343195709745
      0.1021697530983544
       0.103591051006593
      0.1049967819948939
       0.106385644180621
      0.1077564577034955
      0.1091081577231175
      0.1104397878003167
      0.1117504936488371
      0.1130395172412415
       0.114306191251377
      0.1155499338149922
      0.1167702435899434
      0.1179666950976978
      0.1191389343284228
      0.1202866745927185
       0.121409692603955
      0.1225078247761436
      0.1235809637232593
      0.1246290549469213
       0.125652093700292
      0.1266501220169703
      0.1276232258945125
      0.1285715326230185
      0.1294952082499624
      0.1303944551731191
      0.1312695098540697
      0.1321206406453222
      0.1329481457245991
      0.1337523511302994
      0.1345336088925611
      0.1352922952547174
      0.1360288089802813
      0.1367435697408895
      0.1374370165809105
        0.13810960645467
      0.1387618128324675
      0.1393941243717574
       0.140007043650064
      0.1406010859563604
      0.1411767781378042
      0.1417346574988741
      0.1422752707500822
      0.1427991730035758
       0.143306926813062
      0.1437991012556097
      0.1442762710529979
      0.1447390157303874
      0.1451879188102041
      0.1456235670392206
      0.1460465496469286
       0.146457457633391
       0.146856883084855
      0.1472454185155063
      0.1476236562338318
      0.1479921877321453
      0.1483516030979182
      0.1487024904456387
          0.149045435368
      0.1493810204053003
       0.149709824532003
       0.150032422659483
      0.1503493851540454
      0.1506612773693705
      0.1509686591926004
      0.1512720846033316
      0.1515721012448441
      0.1518692500069354
      0.1521640646197859
      0.1524570712583196
      0.1527487881565718
      0.1530397252316116
       0.153330383716606
      0.1536212558026496
      0.1539128242890147
      0.1542055622415117
      0.1544999326586826
      0.1547963881455741
      0.1550953705948769
       0.155397310875237
      0.1557026285265803
      0.1560117314623198
      0.1563250156783378
      0.1566428649686749
      0.1569656506478767
      0.1572937312799813
      0.1576274524141649
      0.1579671463270827
      0.1583131317719794
        0.15866571373467
       0.159025183196514
      0.1593918169045467
      0.1597658771489424
      0.1601476115480241
      0.1605372528410465
      0.1609350186890098
      0.1613411114837792
      0.1617557181657991
      0.1621790100507123
      0.1626111426652066
      0.1630522555924107
      0.1635024723271856
       0.163961900141643
      0.1644306299612301
      0.1649087362517197
        0.16539627691743
      0.1658932932109898
      0.1663998096549581
      0.1669158339755789
      0.1674413570489445
       0.167976352859812
      0.1685207784732951
      0.1690745740196319
      0.1696376626921996
      0.1702099507589231
      0.1707913275871953
      0.1713816656824034
      0.1719808207401259
      0.1725886317120481
      0.1732049208856129
      0.1738294939774124
      0.1744621402403024
      0.1751026325842157
      0.1757507277106316
      0.1764061662606597
      0.1770686729766945
      0.1777379568775936
      0.1784137114473457
      0.1790956148372036
      0.1797833300812726
      0.1804765053255631
      0.1811747740705452
      0.1818777554272613
       0.182585054387094
      0.1832962621053068
      0.1840109561985225
      0.1847287010563314
      0.1854490481672611
      0.1861715364593776
      0.1868956926558224
      0.1876210316456218
      0.1883470568701407
      0.1890732607255744
      0.1897991249819005
      0.1905241212187255
      0.1912477112784732
      0.1919693477373672
      0.1926884743946461
      0.1934045267804474
      0.1941169326827584
      0.1948251126938041
      0.1955284807761917
       0.196226444849069
      0.1969184073944838
      0.1976037660840406
      0.1982819144258542
      0.1989522424316802
      0.1996141373039771
      0.2002669841425104
      0.2009101666699495
      0.2015430679757419
      0.2021650712773605
       0.202775560697829
      0.2033739220582156
      0.2039595436835743
      0.2045318172205834
      0.2050901384648931
      0.2056339081959595
      0.2061625330168936
      0.2066754261966116
      0.2071720085113227
      0.2076517090821573
      0.2081139662054946
      0.2085582281723278
      0.2089839540727922
      0.2093906145817797
      0.2097776927213926
      0.2101446845958277
      0.2104911000941632
      0.2108164635564177
      0.2111203143981975
      0.2114022076892223
      0.2116617146810467
      0.2118984232793593
      0.2121119384563712
      0.2123018825989703
      0.2124678957885601
      0.2126096360087924
      0.2127267792777617
      0.2128190197016481
      0.2128860694472944
      0.2129276586317464
      0.2129435351274237
      0.2129334642822638
      0.2128972285549531
      0.2128346270661615
      0.2127454750675842
      0.2126296033315123
      0.2124868574646438
      0.2123170971508507
      0.2121201953286753
      0.2118960373104032
      0.2116445198506431
      0.2113655501734311
       0.211059044967964
      0.2107249293641106
      0.2103631358998784
      0.2099736034939786
      0.2095562764375333
      0.2091111034198022
       0.208638036603534
      0.2081370307661733
      0.2076080425236667
      0.2070510296539793
      0.2064659505376745
      0.2058527637329851
      0.2052114277027266
      0.2045419007101618
      0.2038441409005092
      0.2031181065842024
      0.2023637567372544
      0.2015810517331498
      0.2007699543196077
      0.1999304308523064
      0.1990624527962751
      0.1981659985041282
      0.1972410552786728
      0.1962876217256551
      0.1953057104005669
      0.1942953507514977
      0.1932565923580301
      0.1921895084641291
      0.1910941998009091
      0.1899707986930579
       0.188819473440591
       0.187640432965497
      0.1864339317107146
       0.185200274776761
      0.1839398232792057
       0.182652999908033
      0.1813402946677448
      0.1800022707748176
      0.1786395706867762
      0.1772529222346901
      0.1758431448282463
       0.174411155699695
      0.1729579761498042
       0.171484737755461
       0.169992688494634
       0.168483198739987
      0.1669577670674526
        0.16541802582042
      0.1638657463638469
      0.1623028439554687
      0.1607313821533218
      0.1591535766700236
      0.1575717985746448
      0.1559885767326815
      0.1544065993636815
      0.1528287145847445
       0.151257929796692
      0.1496974097586375
      0.1481504731865315
      0.1466205877027453
      0.1451113629577687
      0.1436265417426879
      0.1421699889135027
      0.1407456779568854
      0.1393576750431328
      0.1380101204372697
      0.1367072071749355
      0.1354531569569593
      0.1342521932762212
      0.1331085118626938
       0.132026248616934
       0.131009445297214
      0.1300620133283393
      0.1291876962071633
      0.1283900310858641
      0.1276723102131477
      0.1270375429988714
      0.1264884195320608
      0.1260272764191063
      0.1256560658122766
      0.1253763284644192
      0.1251891715720153
      0.1250952520565687
      0.1250947657875399
      0.1251874430754784
      0.1253725505708446
      0.1256488995031064
      0.1260148599976123
      0.1264683810257119
      0.1270070153864875
      0.1276279489939634
      0.1283280336567295
      0.1291038224895104
      0.1299516070874293
      0.1308674556201306
      0.1318472510592161
      0.1328867288320355
      0.1339815132906652
      0.1351271524899109
      0.1363191508759856
      0.1375529995927306
      0.1388242042105824
      0.1401283097719092
      0.1414609231229394
      0.1428177325664305
      0.1441945249204367
      0.1455872001076649
      0.1469917834280059
      0.1484044356852393
      0.1498214613490991
       0.151239314937326
      0.1526546058004318
      0.1540641014859438
      0.1554647298500045
      0.1568535800733438
      0.1582279027265889
      0.1595851090172814
      0.1609227693383063
      0.1622386112250786
      0.1635305168170275
      0.1647965199078559
      0.1660348026588138
       0.167243692039892
      0.1684216560553843
      0.1695672998027126
      0.1706793614066667
      0.1717567078652723
      0.1727983308382742
      0.1738033424046534
       0.174770970811622
      0.1757005562340906
      0.1765915465606232
      0.1774434932193132
      0.1782560470548152
      0.1790289542658414
      0.1797620524108199
       0.180455266487983
      0.1811086050949683
      0.1817221566719619
      0.1822960858315267
       0.182830629777486
      0.1833260948145652
      0.1837828529499113
      0.1842013385871102
      0.1845820453128692
      0.1849255227761553
      0.1852323736592185
      0.1855032507396375
      0.1857388540422389
      0.1859399280795003
      0.1861072591788244
      0.1862416728948622
        0.18634403150489
      0.1864152315850684
      0.1864562016652621
      0.1864678999599597
      0.1864513121727044
      0.1864074493713339
      0.1863373459312203
      0.1862420575436147
      0.1861226592861163
      0.1859802437522177
       0.185815919236824
      0.1856308079745945
      0.1854260444279282
      0.1852027736213921
      0.1849621495193915
      0.1847053334438866
      0.1844334925289914
      0.1841477982093288
      0.1838494247390807
      0.1835395477387435
       0.183219342766704
        0.18288998391286
      0.1825526424116517
      0.1822084852720275
      0.1818586739220431
      0.1815043628660011
      0.1811466983522525
      0.1807868170500349
      0.1804258447339814
      0.1800648949752242
       0.179705067838325
      0.1793474485835816
      0.1789931063746151
      0.1786430929914836
      0.1782984415499467
      0.1779601652278819
      0.1776292560002318
       0.177306683384256
      0.1769933931972379
      0.1766903063291805
      0.1763983175333917
      0.1761182942382079
      0.1758510753834414
      0.1755974702854382
      0.1753582575349057
      0.1751341839319125
      0.1749259634626525
      0.1747342763227206
      0.1745597679917467
      0.1744030483642805
      0.1742646909418128
      0.1741452320907524
       0.174045170371045
       0.173964965939937
      0.1739050400351371
      0.1738657745413239
      0.1738475116435801
      0.1738505535709237
      0.1738751624326381
      0.1739215601495995
      0.1739899284822538
      0.1740804091563204
      0.1741931040867046
      0.1743280756994846
      0.1744853473512235
       0.174664903844232
      0.1748666920358018
      0.1750906215388324
      0.1753365655107069
      0.1756043615267343
        0.17589381253397
      0.1762046878807772
      0.1765367244170718
      0.1768896276598414
      0.1772630730182241
      0.1776567070721799
       0.178070148898604
      0.1785029914385916
      0.1789548028994898
      0.1794251281853495
      0.1799134903494176
      0.1804193920623903
      0.1809423170902735
      0.1814817317758554
      0.1820370865180066
      0.1826078172432485
      0.1831933468642996
      0.1837930867205881
      0.1844064379960195
      0.1850327931096057
      0.1856715370748842
      0.1863220488243774
      0.1869837024956747
      0.1876558686760426
      0.1883379156027832
      0.1890292103168719
       0.189729119767699
      0.1904370118670276
      0.1911522564905418
      0.1918742264256154
      0.1926022982641644
        0.19333585323966
      0.1940742780075817
      0.1948169653687667
      0.1955633149352778
      0.1963127337385559
      0.1970646367797524
      0.1978184475222548
      0.1985735983265166
      0.1993295308273902
      0.2000856962542411
      0.2008415556941835
      0.2015965802988403
      0.2023502514350794
      0.2031020607802243
      0.2038515103622807
      0.2045981125457617
      0.2053413899637332
      0.2060808753967459
      0.2068161115993629
      0.2075466510750416
      0.2082720558001867
      0.2089918968982498
      0.2097057542648235
      0.2104132161447664
      0.2111138786624732
      0.2118073453065261
      0.2124932263700638
      0.2131711383483497
      0.2138407032951571
      0.2145015481397496
      0.2151533039664146
      0.2157956052586879
      0.2164280891106172
      0.2170503944076258
      0.2176621609797695
      0.2182630287304204
      0.2188526367436669
      0.2194306223739778
      0.2199966203219567
      0.2205502617002817
      0.2210911730942109
      0.2216189756213143
      0.2221332839953761
      0.2226337055996821
      0.2231198395751867
      0.2235912759292994
      0.2240475946712951
      0.2244883649805626
      0.2249131444141333
      0.2253214781601053
      0.2257128983437461
      0.2260869233931851
      0.2264430574717025
      0.2267807899836944
      0.2270995951613995
      0.2273989317394775
      0.2276782427244645
      0.2279369552660235
       0.228174480636773
       0.228390214327283
      0.2285835362625873
      0.2287538111462876
      0.2289003889379912
      0.2290226054694606
      0.2291197832044414
      0.2291912321466804
      0.2292362509001624
      0.2292541278850681
       0.229244142712408
      0.2292055677196938
       0.229137669669421
      0.2290397116114888
      0.2289109549100636
      0.2287506614347186
       0.228558095915036
       0.228332528457175
      0.2280732372202565
      0.2277795112497409
      0.2274506534643187
      0.2270859837921906
      0.2266848424519705
      0.2262465933728202
      0.2257706277478298
      0.2252563677140529
      0.2247032701520422
      0.2241108305971755
      0.2234785872545223
      0.2228061251084792
      0.2220930801178965
      0.2213391434869146
      0.2205440660012425
      0.2197076624191172
      0.2188298159056886
      0.2179104824990687
      0.2169496955957625
      0.2159475704426359
      0.2149043086219895
      0.2138202025156554
      0.2126956397333227
      0.2115311074894966
      0.2103271969126043
      0.2090846072687362
      0.2078041500813521
      0.2064867531269574
      0.2051334642852317
      0.2037454552203605
      0.2023240248683316
      0.2008706027027086
      0.1993867517488309
      0.1978741713135061
      0.1963346993940196
      0.1947703147266857
      0.1931831384311785
      0.1915754352025186
      0.1899496139978664
      0.1883082281602253
      0.1866539749158266
       0.184989694176467
      0.1833183665725005
      0.1816431106367236
      0.1799671790542529
      0.1782939538889479
      0.1766269406932973
      0.1749697614063873
      0.1733261459440382
      0.1716999223869698
      0.1700950056775164
       0.168515384743553
      0.1669651079805771
      0.1654482670398819
      0.1639689788930426
      0.1625313661709183
      0.1611395358093077
      0.1597975560732777
       0.158509432077704
      0.1572790799719711
      0.1561103000109712
      0.1550067487908206
      0.1539719109840218
      0.1530090709625348
      0.1521212847455086
      0.1513113527481447
      0.1505817938361749
      0.1499348212038524
      0.1493723205897176
      0.1488958313220173
      0.1485065306437866
      0.1482052217066322
      0.1479923255437889
      0.1478678772398737
      0.1478315264107765
      0.1478825419970168
      0.1480198212628092
      0.1482419027863206
      0.1485469831291545
      0.1489329367892891
      0.1493973389749111
      0.1499374906890331
      0.1505504455874279
      0.1512330380649958
      0.1519819120368467
      0.1527935499078812
      0.1536643012656194
      0.1545904108821947
      0.1555680456694622
      0.1565933202928518
      0.1576623212119828
       0.158771128976698
      0.1599158386640511
      0.1610925783934593
      0.1622975259027252
      0.1635269232064682
      0.1647770893905192
      0.1660444316212765
       0.167325454468247
      0.1686167676516524
      0.1699150923356893
      0.1712172660925379
      0.1725202466632184
      0.1738211146395719
      0.1751170751876316
      0.1764054589269893
      0.1776837220739502
      0.1789494459487012
      0.1802003359387482
       0.181434220002755
      0.1826490467908813
      0.1838428834498981
      0.1850139131739069
      0.1861604325544529
      0.1872808487772769
      0.1883736767069095
      0.1894375358947829
      0.1904711475415271
      0.1914733314395901
      0.1924430029182743
       0.193379169809682
      0.1942809294508592
      0.1951474657346189
      0.1959780462190636
      0.1967720193036725
      0.1975288114779573
      0.1982479246470926
      0.1989289335375429
      0.1995714831845449
      0.2001752865023145
      0.2007401219370191
      0.2012658312018752
      0.2017523170931655
      0.2021995413855165
      0.2026075228044216
      0.2029763350737125
      0.2033061050354725
      0.2035970108397352
      0.2038492802012103
      0.2040631887202191
      0.2042390582649936
      0.2043772554124961
      0.2044781899449358
      0.2045423133992026
      0.2045701176664773
      0.2045621336393452
      0.2045189299037944
       0.204441111473543
      0.2043293185641997
      0.2041842254048178
      0.2040065390844501
      0.2037969984313606
      0.2035563729225725
      0.2032854616214686
      0.2029850921411632
      0.2026561196313768
      0.2022994257865332
      0.2019159178727865
       0.201506527771654
      0.2010722110379013
      0.2006139459692789
      0.2001327326856581
      0.1996295922150622
      0.1991055655840215
       0.198561712909623
      0.1979991124905581
      0.1974188598944057
      0.1968220670383335
       0.196209861260339
      0.1955833843781079
      0.1949437917325289
      0.1942922512128804
      0.1936299422606942
      0.1929580548493127
      0.1922777884361848
      0.1915903508850028
      0.1908969573548586
      0.1901988291537162
      0.1894971925536267
      0.1887932775653079
       0.188088316669901
      0.1873835435059898
      0.1866801915102478
      0.1859794925104127
      0.1852826752696731
      0.1845909639819566
      0.1839055767180824
      0.1832277238232319
      0.1825586062667381
      0.1818994139457663
      0.1812513239450682
      0.1806154987556302
      0.1799930844556896
      0.1793852088582699
      0.1787929796300677
      0.1782174823872027
      0.1776597787740124
      0.1771209045317245
      0.1766018675644573
      0.1761036460105765
      0.1756271863279543
      0.1751734014021375
      0.1747431686868089
      0.1743373283862163
      0.1739566816894395
      0.1736019890664514
       0.173273968635905
      0.1729732946144298
      0.1727005958569545
      0.1724564544971817
      0.1722414046968209
      0.1720559315115543
      0.1719004698809607
      0.1717754037487719
      0.1716810653188829
       0.171617734451525
      0.1715856382029035
       0.171584950510483
      0.1716157920249161
      0.1716782300884568
       0.171772278858515
      0.1718978995738845
      0.1720550009600796
      0.1722434397691983
      0.1724630214487817
       0.172713500933302
      0.1729945835511672
      0.1733059260395103
      0.1736471376585419
      0.1740177813968629
      0.1744173752589068
      0.1748453936255562
      0.1753012686789939
      0.1757843918829702
      0.1762941155098967
      0.1768297542065101
      0.1773905865902526
       0.177975856869004
      0.1785847764773373
      0.1792165257230471
       0.179870255438322
      0.1805450886305437
