                       0
   4.996626666666525e-05
   0.0001997269431941533
   0.0004490676792340927
   0.0007977646046844333
    0.001245584370907061
    0.001792284192556544
     0.00243761188982931
    0.003181305930891405
    0.004023095474192878
     0.00496270041032776
    0.005999831403050739
    0.007134189929015658
    0.008365468315755286
    0.009693349777379073
     0.01111750844742393
     0.01263760940825233
     0.01425330871635525
     0.01596425342288025
     0.01777008158867161
     0.01967042229307652
     0.02166489563574337
     0.02375311273060756
     0.02593467569123757
     0.02820917760668978
     0.03057620250699901
     0.03303532531741481
     0.03558611180047645
     0.03822811848500596
     0.04096089258108879
     0.04378397188010053
     0.04669688463883447
     0.04969914944678004
     0.05279027507560111
     0.05596976030986497
     0.05923709375807745
     0.06259175364308588
     0.06603320757092231
     0.06956091227717075
     0.07317431334995866
     0.07687284492869188
     0.08065592937767056
     0.08452297693375412
     0.08847338532726412
      0.0925065393753509
      0.0966218105470823
      0.1008185564995512
      0.1050961205843405
      0.1094538313237343
       0.113891001856107
      0.1184069293499856
      0.1230008943863325
      0.1276721603086666
      0.1324199725407034
      0.1372435578712754
      0.1421421237063677
      0.1471148572881955
      0.1521609248813373
      0.1572794709260352
      0.1624696171588818
      0.1677304617012167
      0.1730610781156799
      0.1784605144314914
       0.183927792139153
      0.1894619051554175
      0.1950618187595035
      0.2007264685017034
       0.206454759085679
      0.2122455632259195
      0.2180977204820104
      0.2240100360715445
      0.2299812796637026
      0.2360101841557322
      0.2420954444347579
      0.2482357161275708
      0.2544296143412761
      0.2606757123978871
      0.2669725405662092
      0.2733185847945894
      0.2797122854483306
      0.2861520360558619
      0.2926361820679601
      0.2991630196346014
      0.3057307944042684
      0.3123377003507793
      0.3189818786329764
      0.3256614164928462
      0.3323743461978962
      0.3391186440338383
      0.3458922293538702
      0.3526929636910603
      0.3595186499405446
      0.3663670316184325
      0.3732357922045012
      0.3801225545759073
      0.3870248805392653
      0.3939402704685748
      0.4008661630565214
       0.407799935186759
       0.414738901934773
      0.4216803167049098
      0.4286213715110959
       0.435559197408669
      0.4424908650845917
      0.4494133856131305
       0.456323711383827
      0.4632187372083064
      0.4700953016120955
      0.4769501883172408
      0.4837801279210339
      0.4905817997756283
      0.4973518340727646
      0.5040868141371535
      0.5107832789313802
      0.5174377257744305
      0.5240466132751018
      0.5306063644807077
      0.5371133702405445
      0.5435639927825912
      0.5499545695009103
      0.5562814169501451
        0.56254083504237
       0.568729111440446
      0.5748425261408626
      0.5808773562378368
      0.5868298808592977
      0.5926963862641411
       0.598473171089001
      0.6041565517315822
      0.6097428678564736
      0.6152284880082648
      0.6206098153157337
      0.6258832932698678
      0.6310454115575647
      0.6360927119320223
      0.6410217941000568
      0.6458293216059465
      0.6505120276908402
      0.6550667211063601
       0.659490291860708
       0.663779716875427
      0.6679320655309323
      0.6719445050790402
      0.6758143059009757
      0.6795388465897352
      0.6831156188362644
      0.6865422320995618
      0.6898164180416937
      0.6929360347096722
      0.6958990704472746
      0.6987036475210868
      0.7013480254464608
      0.7038306040004796
      0.7061499259106359
      0.7083046792095216
      0.7102936992475476
      0.7121159703574853
      0.7137706271663862
      0.7152569555522895
      0.7165743932449078
      0.7177225300713428
      0.7187011078496268
      0.7195100199346518
       0.720149310422729
      0.7206191730226503
      0.7209199496026344
      0.7210521284239874
      0.7210163420736452
      0.7208133651089562
      0.7204441114291774
      0.7199096313890868
      0.7192111086709494
      0.7183498569317665
      0.7173273162432632
      0.7161450493424868
      0.7148047377111458
      0.7133081775019626
      0.7116572753302939
      0.7098540439491914
      0.7079005978257833
      0.7057991486365622
      0.7035520006986886
      0.7011615463538834
      0.6986302613208834
      0.6959607000317496
       0.693155490966529
      0.6902173320000469
      0.6871489857737254
      0.6839532751044595
      0.6806330784417521
      0.6771913253833765
      0.6736309922589561
      0.6699550977899993
      0.6661666988340194
      0.6622688862195629
      0.6582647806781384
      0.6541575288782375
      0.6499502995659409
      0.6456462798158138
      0.6412486713952167
      0.6367606872444601
      0.6321855480746977
      0.6275264790848886
      0.6227867067986971
      0.6179694560217204
      0.6130779469190583
      0.6081153922128674
      0.6030849944992028
      0.5979899436832001
      0.5928334145313635
       0.587618564339529
      0.5823485307148896
      0.5770264294702667
      0.5716553526287382
      0.5662383665365711
      0.5607785100823149
      0.5552787930198781
      0.5497421943932848
      0.5441716610608094
      0.5385701063161201
      0.5329404086040572
      0.5272854103286121
      0.5216079167507062
      0.5159106949733211
      0.5101964730115474
      0.5044679389451002
      0.4987277401508609
      0.4929784826130096
      0.4872227303083045
       0.481463004664065
      0.4757017840864508
      0.4699415035565901
      0.4641845542921569
        0.45843328347198
      0.4526899940212854
      0.4469569444551802
      0.4412363487779931
      0.4355303764361065
      0.4298411523219182
      0.4241707568265929
      0.4185212259392748
      0.4128945513904546
      0.4072926808371974
      0.4017175180879771
      0.3961709233648631
      0.3906547136008575
      0.3851706627701914
      0.3797205022494343
      0.3743059212072991
      0.3689285670210661
      0.3635900457175886
      0.3582919224368806
      0.3530357219163451
      0.3478229289937336
      0.3426549891269908
      0.3375333089291785
      0.3324592567167345
      0.3274341630693758
      0.3224593214000077
      0.3175359885330658
      0.3126653852897753
      0.3078486970788628
      0.3030870744913358
      0.2983816338979866
      0.2937334580483553
      0.2891435966699373
      0.2846130670664908
       0.280142854714352
      0.2757339138557459
      0.2713871680881143
      0.2671035109485654
       0.262883806492601
      0.2587288898663283
      0.2546395678714351
      0.2506166195222479
      0.2466607965942522
      0.2427728241635156
      0.2389534011364874
      0.2352032007697142
       0.231522871179049
      0.2279130358379794
      0.2243742940647478
      0.2209072214979697
      0.2175123705605096
      0.2141902709113951
      0.2109414298856005
      0.2077663329215583
      0.2046654439762889
      0.2016392059280716
      0.1986880409666036
      0.1958123509706268
      0.1930125178730189
      0.1902889040133735
      0.1876418524781118
      0.1850716874281854
      0.1825787144144535
      0.1801632206808254
      0.1778254754552773
      0.1755657302288639
      0.1733842190228555
      0.1712811586441427
      0.1692567489290515
      0.1673111729757303
      0.1654445973652645
      0.1636571723716825
      0.1619490321610219
      0.1603202949796235
      0.1587710633318215
      0.1573014241472045
      0.1559114489376096
      0.1546011939440212
      0.1533707002735382
      0.1522199940265717
      0.1511490864144314
      0.1501579738674563
      0.1492466381338361
      0.1484150463692756
      0.1476631512176338
      0.1469908908826807
      0.1463981891910963
      0.1458849556468391
      0.1454510854769993
       0.145096459669257
      0.1448209450010464
      0.1446243940605355
      0.1445066452595166
      0.1444675228383042
      0.1445068368627295
      0.1446243832133225
       0.144819943566761
       0.145093285369675
      0.1454441618048825
      0.1458723117501391
      0.1463774597294854
      0.1469593158572655
       0.147617575774908
      0.1483519205805515
      0.1491620167516045
      0.1500475160603399
      0.1510080554826154
      0.1520432570998403
      0.1531527279942978
      0.1543360601379543
      0.1555928302748907
      0.1569225997975111
      0.1583249146166913
      0.1597993050260478
      0.1613452855605249
      0.1629623548495194
      0.1646499954647721
      0.1664076737632897
      0.1682348397255752
      0.1701309267894697
      0.1720953516799396
      0.1741275142351671
      0.1762267972293293
      0.1783925661924862
      0.1806241692280278
      0.1829209368281629
      0.1852821816879658
      0.1877071985185411
      0.1901952638598906
      0.1927456358941158
      0.1953575542596262
      0.1980302398670615
      0.2007628947176735
      0.2035547017249673
       0.206404824540429
      0.2093124073842219
      0.2122765748817621
      0.2152964319071431
      0.2183710634344051
      0.2214995343976978
      0.2246808895614205
      0.2279141534014614
      0.2311983299986987
       0.234532402945968
      0.2379153352697151
       0.241346069367612
       0.244823526963419
      0.2483466090804126
      0.2519141960347256
      0.2555251474499431
      0.2591783022943377
      0.2628724789421156
        0.26660647526006
      0.2703790687209424
       0.274189016545081
      0.2780350558713877
      0.2819159039592419
      0.2858302584224849
      0.2897767974967956
      0.2937541803416528
      0.2977610473780432
       0.301796020663001
      0.3058577043019856
      0.3099446849000294
      0.3140555320524743
      0.3181887988760286
       0.322343022580739
      0.3265167250833544
      0.3307084136624253
      0.3349165816553089
      0.3391397091971183
      0.3433762640014653
      0.3476247021826653
      0.3518834691188927
       0.356151000355564
      0.3604257225480253
      0.3647060544424033
      0.3689904078932457
      0.3732771889163722
      0.3775647987750964
      0.3818516350977574
      0.3861360930242729
      0.3904165663791468
       0.394691448868177
      0.3989591352958373
      0.4032180228000893
      0.4074665121011598
      0.4117030087606012
      0.4159259244467452
       0.420133678202478
      0.4243246977110819
      0.4284974205557314
         0.4326502954681
      0.4367817835614122
       0.440890359543182
      0.4449745129028201
      0.4490327490692593
      0.4530635905337167
      0.4570655779327717
      0.4610372710869773
      0.4649772499903211
      0.4688841157459795
      0.4727564914439928
      0.4765930229766786
      0.4803923797878518
      0.4841532555522136
      0.4878743687815643
      0.4915544633548911
      0.4951923089697504
      0.4987867015127907
      0.5023364633477406
      0.5058404435196695
      0.5092975178748415
      0.5127065890960327
      0.5160665866537422
      0.5193764666743067
      0.5226352117265208
       0.525841830528975
      0.5289953575808976
      0.5320948527199298
      0.5351394006108092
      0.5381281101695639
      0.5410601139283342
      0.5439345673465105
      0.5467506480743755
      0.5495075551758973
      0.5522045083177562
      0.5548407469321026
      0.5574155293608195
      0.5599281319894108
       0.562377848378798
      0.5647639884035237
      0.5670858774048974
      0.5693428553676814
       0.571534276128874
      0.5736595066269917
      0.5757179262001106
      0.5777089259406445
      0.5796319081145025
      0.5814862856518884
      0.5832714817165353
      0.5849869293596247
      0.5866320712640701
      0.5882063595841992
      0.5897092558851679
      0.5911402311857057
      0.5924987661070151
      0.5937843511298557
      0.5949964869609738
      0.5961346850092323
      0.5971984679709059
      0.5981873705227517
      0.5991009401206117
      0.5999387379004539
      0.6007003396779471
      0.6013853370418405
      0.6019933385356898
      0.6025239709217304
      0.6029768805200337
      0.6033517346154645
      0.6036482229243877
      0.6038660591125885
      0.6040049823554292
      0.6040647589309176
      0.6040451838360618
      0.6039460824166843
      0.6037673120007281
      0.6035087635250224
      0.6031703631455031
      0.6027520738209642
      0.6022538968605615
      0.6016758734255589
       0.601018085976075
      0.6002806596539491
      0.5994637635932902
      0.5985676121507165
      0.5975924660478414
      0.5965386334191093
      0.5954064707586929
      0.5941963837608257
      0.5929088280485648
      0.5915443097866951
       0.590103386175185
      0.5885866658202807
      0.5869948089810775
       0.585328527690084
      0.5835885857470136
      0.5817757985857024
      0.5798910330147606
      0.5779352068331568
        0.57590928832261
      0.5738142956192187
      0.5716512959673217
      0.5694214048591337
      0.5671257850641318
      0.5647656455526593
      0.5623422403186022
      0.5598568671063469
      0.5573108660475324
      0.5547056182134285
      0.5520425440889435
        0.54932310197451
      0.5465487863221734
      0.5437211260123895
      0.5408416825780357
      0.5379120483822006
      0.5349338447562886
      0.5319087201049414
      0.5288383479841999
      0.5257244251591954
      0.5225686696475668
      0.5193728187545895
      0.5161386271058431
      0.5128678646830462
      0.5095623148684203
      0.5062237725027475
      0.5028540419620031
      0.4994549352571914
      0.4960282701617195
      0.4925758683703811
      0.4890995536937277
      0.4856011502912948
      0.4820824809468877
      0.4785453653888125
      0.4749916186576759
      0.4714230495240557
      0.4678414589580958
      0.4642486386527808
      0.4606463696023976
      0.4570364207374046
      0.4534205476167053
      0.4498004911780654
      0.4461779765471867
      0.4425547119057317
      0.4389323874183765
      0.4353126742187922
      0.4316972234542384
      0.4280876653883174
      0.4244856085612329
      0.4208926390067915
      0.4173103195252081
      0.4137401890106835
      0.4101837618325793
      0.4066425272689365
      0.4031179489909743
      0.3996114645971273
      0.3961244851951227
      0.3926583950305113
      0.3892145511600355
      0.3857942831681692
      0.3823988929251178
      0.3790296543845619
      0.3756878134193856
      0.3723745876936403
      0.3690911665689751
      0.3658387110437693
      0.3626183537232214
       0.359431198818645
      0.3562783221742465
      0.3531607713196926
      0.3500795655467807
      0.3470356960085811
      0.3440301258394267
        0.34106379029419
      0.3381375969053044
       0.335252425656044
      0.3324091291686147
      0.3296085329056511
      0.3268514353837692
      0.3241386083978738
      0.3214707972549603
       0.318848721016207
       0.316273072746214
      0.3137445197682769
      0.3112637039246545
      0.3088312418408319
      0.3064477251928283
      0.3041137209766702
      0.3018297717791736
      0.2995963960492508
       0.297414088369007
      0.2952833197239237
      0.2932045377714969
       0.291178167107735
      0.2892046095309649
      0.2872842443024517
      0.2854174284033756
      0.2836044967877547
      0.2818457626309497
      0.2801415175734263
       0.278492031959486
      0.2768975550707317
      0.2753583153540602
      0.2738745206440138
      0.2724463583793685
      0.2710739958138623
      0.2697575802210073
      0.2684972390929626
      0.2672930803334773
      0.2661451924449457
      0.2650536447096452
      0.2640184873652591
      0.2630397517748177
      0.2621174505912147
      0.2612515779164842
      0.2604421094560508
      0.2596890026681933
      0.2589921969089788
      0.2583516135729565
      0.2577671562299164
      0.2572387107580414
      0.2567661454738124
      0.2563493112590245
      0.2559880416853113
      0.2556821531365882
      0.2554314449298375
      0.2552356994346781
      0.2550946821921825
      0.2550081420334143
      0.2549758111981719
       0.254997405454449
      0.2550726242191157
       0.255201150680362
      0.2553826519224232
      0.2556167790531476
      0.2559031673349613
      0.2562414363197836
      0.2566311899884745
      0.2570720168953797
      0.2575634903185633
      0.2581051684162931
      0.2586965943903787
      0.2593372966569334
      0.2600267890251469
      0.2607645708846383
      0.2615501274019763
      0.2623829297269152
       0.263262435208917
      0.2641880876244951
      0.2651593174159255
      0.2661755419418295
      0.2672361657401416
      0.2683405808039355
      0.2694881668705748
      0.2706782917246161
      0.2719103115148792
      0.2731835710860596
      0.2744974043252245
      0.2758511345235053
      0.2772440747532605
       0.278675528260927
      0.2801447888757522
       0.281651141434539
      0.2831938622224851
      0.2847722194301495
      0.2863854736265124
      0.2880328782480425
      0.2897136801036096
      0.2914271198950298
      0.2931724327529339
      0.2949488487876045
      0.2967555936543268
      0.2985918891327259
      0.3004569537194893
      0.3023500032337709
       0.304270251434492
      0.3062169106486747
      0.3081891924098302
      0.3101863081053496
      0.3122074696317373
      0.3142518900564388
      0.3163187842849093
      0.3184073697314787
      0.3205168669924739
      0.3226465005199547
      0.3247954992943319
      0.3269630974940382
      0.3291485351603372
      0.3313510588552659
      0.3335699223106137
      0.3358043870657778
      0.3380537230922445
      0.3403172094023829
      0.3425941346401761
      0.3448837976514549
      0.3471855080311518
      0.3494985866450585
      0.3518223661235295
      0.3541561913245633
       0.356499419763681
      0.3588514220080186
      0.3612115820320697
      0.3635792975325385
      0.3659539801998064
       0.368335055943565
      0.3707219650702432
       0.373114162409935
      0.3755111173906397
      0.3779123140577312
      0.3803172510367285
      0.3827254414375568
      0.3851364126986763
      0.3875497063696374
      0.3899648778308053
      0.3923814959492269
      0.3947991426698352
      0.3972174125414408
      0.3996359121772237
      0.4020542596497015
      0.4044720838204667
      0.4068890236052722
      0.4093047271753626
      0.4117188510962894
      0.4141310594057657
      0.4165410226324843
      0.4189484167581597
      0.4213529221254075
       0.423754222294452
      0.4261520028519987
      0.4285459501759684
      0.4309357501601579
       0.433321086903216
      0.4357016413666982
      0.4380770900072624
      0.4404471033884112
      0.4428113447774643
      0.4451694687337455
      0.4475211196942176
      0.4498659305630497
      0.4522035213117863
      0.4545334975970046
      0.4568554494024665
      0.4591689497129089
      0.4614735532266925
      0.4637687951145447
      0.4660541898317062
      0.4683292299906645
      0.4705933853016495
      0.4728461015879021
      0.4750867998825883
      0.4773148756139839
      0.4795296978853392
      0.4817306088554919
      0.4839169232259881
      0.4860879278400442
      0.4882428813982986
      0.4903810142957834
      0.4925015285840693
      0.4946035980619868
      0.4966863684977471
       0.498748957984684
      0.5007904574322021
      0.5028099311928568
      0.5048064178258452
        0.50677893099647
      0.5087264605104583
      0.5106479734813125
      0.5125424156281816
      0.5144087127010336
       0.516245772029216
      0.5180524841888619
      0.5198277247838924
      0.5215703563347959
       0.523279230268725
      0.5249531890039201
      0.5265910681209287
      0.5281916986126181
        0.52975390920453
      0.5312765287367485
      0.5327583885981232
      0.5341983252033869
      0.5355951825035066
      0.5369478145194173
      0.5382550878892018
       0.539515884418706
       0.540729103625607
      0.5418936652670094
      0.5430085118407774
      0.5440726110509939
      0.5450849582281504
      0.5460445786950067
      0.5469505300693527
      0.5478019044953019
      0.5485978307951872
      0.5493374765345799
      0.5500200499934544
      0.5506448020370475
      0.5512110278805494
      0.5517180687422861
      0.5521653133806984
      0.5525521995110242
      0.5528782150981771
      0.5531428995229659
      0.5533458446194193
      0.5534866955815763
      0.5535651517387127
      0.5535809671986012
      0.5535339513589249
      0.5534239692875652
      0.5532509419730083
      0.5530148464466068
      0.5527157157789572
      0.5523536389530526
      0.5519287606173346
      0.5514412807221454
      0.5508914540434143
        0.55027958959777
      0.5496060499535336
      0.5488712504422816
      0.5480756582759367
      0.5472197915744579
       0.546304218309397
      0.5453295551686951
      0.5442964663481549
      0.5432056622750928
      0.5420578982696954
      0.5408539731496088
      0.5395947277832244
      0.5382810435971194
      0.5369138410429978
      0.5354940780293883
      0.5340227483232396
      0.5325008799264322
      0.5309295334320531
      0.5293098003651457
      0.5276428015124514
      0.5259296852454947
      0.5241716258411653
      0.5223698218037551
      0.5205254941922057
      0.5186398849561258
      0.5167142552839225
      0.5147498839661808
      0.5127480657772436
      0.5107101098776876
      0.5086373382402575
      0.5065310841015529
      0.5043926904416147
      0.5022235084933416
      0.5000248962834886
      0.4977982172068197
      0.4955448386348145
      0.4932661305601485
      0.4909634642780275
      0.4886382111052738
      0.4862917411379445
       0.483925422048099
      0.4815406179202081
       0.479138688127578
      0.4767209862490262
      0.4742888590259566
      0.4718436453598581
      0.4693866753501637
      0.4669192693723084
       0.464442737195749
      0.4619583771416149
      0.4594674752796097
      0.4569713046636923
      0.4544711246060178
      0.4519681799885671
      0.4494637006118332
      0.4469589005798912
      0.4444549777211462
      0.4419531130439989
      0.4394544702266619
      0.4369601951403077
      0.4344714154047237
      0.4319892399756183
      0.4295147587627187
      0.4270490422777682
      0.4245931413115416
      0.4221480866389817
      0.4197148887515509
      0.4172945376158966
       0.414888002457934
      0.4124962315714446
      0.4101201521502954
      0.4077606701434036
      0.4054186701315618
      0.4030950152252713
       0.400790546982723
      0.3985060853471007
      0.3962424286023785
      0.3940003533468244
      0.3917806144834103
      0.3895839452263843
      0.3874110571232492
      0.3852626400914364
       0.383139362468974
      0.3810418710784824
      0.3789707913038391
      0.3769267271788935
       0.374910261487638
      0.3729219558752496
      0.3709623509694649
      0.3690319665117643
      0.3671313014978675
      0.3652608343270743
       0.363421022960009
      0.3616123050843495
      0.3598350982881541
      0.3580898002404186
       0.356376788878526
      0.3546964226022814
       0.353049040474229
      0.3514349624260047
      0.3498544894704672
      0.3483079039193976
      0.3467954696065731
      0.3453174321160345
      0.3438740190153963
      0.3424654400940677
      0.3410918876062609
      0.3397535365187018
      0.3384505447629476
       0.337183053492255
      0.3359511873429473
      0.3347550547002354
      0.3335947479684701
      0.3324703438458154
      0.3313819036033278
      0.3303294733684435
      0.3293130844128906
      0.3283327534450267
      0.3273884829066289
      0.3264802612741468
      0.3256080633644449
      0.3247718506450493
      0.3239715715489161
      0.3232071617937312
      0.3224785447057601
      0.3217856315482331
      0.3211283218542738
      0.3205065037643448
      0.3199200543681895
      0.3193688400512223
      0.3188527168453304
      0.3183715307840016
      0.3179251182617082
      0.3175133063974376
      0.3171359134022623
      0.3167927489507955
      0.3164836145563956
      0.3162083039499201
      0.3159666034618457
      0.3157582924075236
      0.3155831434753262
      0.3154409231174194
      0.3153313919428688
      0.3152543051127582
      0.3152094127369869
      0.3151964602723815
      0.3152151889217327
      0.3152653360333441
      0.3153466355006606
      0.3154588181615184
      0.3156016121965347
      0.3157747435261403
      0.3159779362057228
      0.3162109128183451
      0.3164733948644731
      0.3167651031481393
      0.3170857581589327
      0.3174350804492106
      0.3178127910059125
      0.3182186116163162
      0.3186522652271065
      0.3191134762960814
