                       0
   4.996626666666419e-05
   0.0001997269431941469
   0.0004490676792340893
   0.0007977646046844287
    0.001245584370907051
    0.001792284192556508
    0.002437611889829218
    0.003181305930891295
    0.004023095474192796
    0.004962700410327482
    0.005999831403050501
    0.007134189929015431
    0.008365468315754835
    0.009693349777378747
     0.01111750844742347
     0.01263760940825187
     0.01425330871635498
     0.01596425342288054
     0.01777008158867207
     0.01967042229307855
     0.02166489563574798
      0.0237531127306165
     0.02593467569125484
     0.02820917760672124
     0.03057620250705482
     0.03303532531751134
     0.03558611180063972
     0.03822811848527865
     0.04096089258153513
     0.04378397188081717
     0.04669688463996689
     0.04969914944854246
     0.05279027507830536
     0.05596976031396013
     0.05923709376420327
     0.06259175365214359
     0.06603320758416815
     0.06956091229633836
     0.07317431337742179
     0.07687284496766811
     0.08065592943249297
     0.08452297701020696
     0.08847338543301279
     0.09250653952048433
     0.09662181074478854
      0.1008185567669566
      0.1050961209435547
      0.1094538318031241
      0.1138910024918635
      0.1184069301880262
      0.1230008954846193
      0.1276721617399874
      0.1324199743960267
      0.1372435602637477
      0.1421421267760959
      0.1471148612079114
      0.1521609298630977
      0.1572794772291132
      0.1624696250990239
       0.167730471661478
      0.1730610905590608
         0.1784605299156
      0.1839278113332077
      0.1894619288598564
      0.1950618479285777
      0.2007265042693815
      0.2064548027952983
      0.2122456164640169
      0.2180977851167973
      0.2240101142965621
      0.2299813740472203
       0.236010297696475
      0.2420955806246156
      0.2482358790219916
      0.2544298086380345
      0.2606759435250538
      0.2669728147801226
      0.2733189092886062
      0.2797126684733868
      0.2861524870536373
      0.2926367118176635
      0.2991636404143373
      0.3057315201679324
      0.3123385469215288
      0.3189828639142333
      0.3256625606978143
       0.332375672098508
      0.3391201772300692
      0.3458939985642647
      0.3526950010651946
       0.359520991394106
      0.3663697171914794
      0.3732388664432902
      0.3801260669384834
      0.3870288858249065
       0.393944829270797
      0.4008713422392776
      0.4078058083830055
      0.4147455500663302
      0.4216878285221605
        0.42862984415068
      0.4355687369668657
       0.442501587203649
      0.4494254160772359
      0.4563371867209376
      0.4632338052934066
      0.4701121222669536
      0.4769689339010123
      0.4838009839054328
      0.4906049652978027
      0.4973775224581934
      0.5041152533843645
      0.5108147121495521
      0.5174724115642468
      0.5240848260427386
      0.5306483946741235
      0.5371595244967318
      0.5436145939740765
      0.5500099566693588
      0.5563419451144818
      0.5626068748689159
      0.5688010487623059
      0.5749207613138724
      0.5809623033207603
      0.5869219666061462
      0.5927960489172687
      0.5985808589621694
      0.6042727215733157
      0.6098679829851835
      0.6153630162119412
      0.6207542265106304
      0.6260380569144445
      0.6312109938200757
      0.6362695726122458
      0.6412103833082593
      0.6460300762047075
      0.6507253675083097
      0.6552930449323757
      0.6597299732403379
      0.6640330997176567
      0.6681994595534528
      0.6722261811133163
      0.6761104910849808
      0.6798497194790067
      0.6834413044667175
      0.6868827970385813
      0.6901718654665443
      0.6933062995547201
      0.6962840146633963
      0.6991030554926323
      0.7017615996120642
      0.7042579607252076
       0.706590591656968
      0.7087580870546905
      0.7107591857940432
      0.7125927730821164
      0.7142578822516124
      0.7157536962408936
      0.7170795487563689
      0.7182349251143884
      0.7192194627615713
      0.7200329514735265
      0.7206753332331362
      0.7211467017907588
      0.7214473019100512
      0.7215775283041643
      0.7215379242680826
      0.7213291800141592
       0.720952130718688
      0.7204077542885555
      0.7196971688578601
      0.7188216300251137
      0.7177825278426816
      0.7165813835706749
      0.7152198462083239
        0.71369968881637
      0.7120228046447057
      0.7101912030796411
      0.7082070054261104
      0.7060724405398905
      0.7037898403255411
      0.7013616351158877
      0.6987903489488404
       0.696078594757387
      0.6932290694888856
      0.6902445491691428
      0.6871278839268951
      0.6838819929942401
      0.6805098596976751
      0.6770145264545486
      0.6733990897890922
      0.6696666953815772
      0.6658205331638366
      0.6618638324735822
      0.6577998572793485
       0.653631901487398
       0.649363284340736
      0.6449973459203878
      0.6405374427574798
      0.6359869435645401
      0.6313492250932996
      0.6266276681256536
      0.6218256536034077
      0.6169465589020063
      0.6119937542522884
      0.6069705993137284
      0.6018804399019954
      0.5967266048726119
      0.5915124031620885
      0.5862411209871636
      0.5809160192019441
      0.5755403308125949
      0.5701172586481451
      0.5646499731857548
      0.5591416105284045
      0.5535952705320574
      0.5480140150795715
      0.5424008664977162
      0.5367588061137697
      0.5310907729474315
      0.5253996625341208
      0.5196883258749355
      0.5139595685087972
      0.5082161497019171
      0.5024607817498428
      0.4966961293870843
      0.4909248092992935
      0.4851493897330574
      0.4793723901983826
      0.4735962812587098
      0.4678234844037774
      0.4620563720003284
      0.4562972673159711
      0.4505484446115168
      0.4448121292972275
       0.439090498148593
      0.4333856795772598
      0.4276997539530137
      0.4220347539727511
      0.4163926650725894
      0.4107754258793704
      0.4051849286980316
      0.3996230200313474
      0.3940915011288625
       0.388592128561835
      0.3831266148212906
      0.3776966289363351
      0.3723037971100868
      0.3669497033706873
      0.3616358902350328
      0.3563638593830072
      0.3511350723400541
      0.3459509511661648
      0.3408128791493781
      0.3357222015021037
       0.330680226058631
      0.3256882239723011
      0.3207474304109775
      0.3158590452494917
      0.3110242337578353
      0.3062441272840727
      0.3015198239308612
      0.2968523892246988
      0.2922428567770289
      0.2876922289364113
      0.2832014774310802
      0.2787715440012476
      0.2744033410205123
      0.2700977521059726
      0.2658556327165193
      0.2616778107389036
      0.2575650870612885
      0.2535182361339193
      0.2495380065167037
      0.2456251214135027
      0.2417802791929014
      0.2380041538953999
      0.2342973957268816
      0.2306606315383131
      0.2270944652916499
      0.2235994785119207
       0.220176230725544
      0.2168252598848804
      0.2135470827791463
      0.2103421954317308
      0.2072110734840526
      0.2041541725660593
      0.2011719286535354
      0.1982647584123597
      0.1954330595298863
      0.1926772110336215
      0.1899975735973923
      0.1873944898351913
      0.1848682845829346
      0.1824192651682907
       0.180047721668843
      0.1777539271587823
      0.1755381379443517
       0.173400593788274
      0.1713415181233698
      0.1693611182556249
      0.1674595855568857
      0.1656370956474293
      0.1638938085686212
      0.1622298689458891
      0.1606454061421939
      0.1591405344022546
       0.157715352987656
        0.15636994630312
      0.1551043840140809
      0.1539187211557511
      0.1528129982338799
      0.1517872413173597
      0.1508414621228437
      0.1499756580915599
      0.1491898124584184
      0.1484838943136246
      0.1478578586568673
      0.1473116464442514
      0.1468451846280805
      0.1464583861896239
      0.1461511501649232
      0.1459233616638017
       0.145774891882115
      0.1457055981073687
      0.1457153237177516
       0.145803898174695
      0.1459711370089714
      0.1462168418004661
       0.146540800151615
       0.146942785654614
      0.1474225578524421
      0.1479798621937064
      0.1486144299814344
      0.1493259783157943
      0.1501142100308186
      0.1509788136251937
      0.1519194631871092
       0.152935818313311
      0.1540275240223131
      0.1551942106618887
      0.1564354938108813
       0.157750974175415
      0.1591402374795676
      0.1606028543505776
      0.1621383801987191
      0.1637463550918973
       0.165426303625081
      0.1671777347847297
      0.1690001418082996
      0.1708930020389918
      0.1728557767759104
      0.1748879111198025
      0.1769888338145254
        0.17915795708451
      0.1813946764683895
      0.1836983706490364
      0.1860684012802709
      0.1885041128105183
      0.1910048323036677
      0.1935698692574811
      0.1961985154198654
      0.1988900446033242
      0.2016437124979763
      0.2044587564835535
      0.2073343954407112
      0.2102698295621311
      0.2132642401638119
      0.2163167894970537
      0.2194266205615583
      0.2225928569201814
      0.2258146025158182
      0.2290909414909457
      0.2324209380103992
      0.2358036360879068
      0.2392380594169222
      0.2427232112064233
      0.2462580740221801
      0.2498416096341397
      0.2534727588705555
      0.2571504414794115
      0.2608735559978773
      0.2646409796303483
      0.2684515681357433
      0.2723041557246742
      0.2761975549672099
      0.2801305567117897
      0.2841019300160594
      0.2881104220901857
      0.2921547582533626
      0.2962336419041554
      0.3003457545053849
      0.3044897555841938
      0.3086642827479533
      0.3128679517167534
      0.3170993563730952
      0.3213570688295541
      0.3256396395150576
      0.3299455972805425
      0.3342734495247502
      0.3386216823408199
       0.342988760684611
      0.3473731285654494
      0.3517732092601527
      0.3561874055512793
      0.3606140999904219
      0.3650516551875714
       0.369498414127512
      0.3739527005142895
      0.3784128191449608
      0.3828770563136246
      0.3873436802471183
      0.3918109415736135
      0.3962770738253769
      0.4007402939773256
      0.4051988030226754
      0.4096507865873217
      0.4140944155845835
      0.4185278469119719
      0.4229492241916921
      0.4273566785567139
      0.4317483294841621
      0.4361222856779264
      0.4404766460023192
      0.4448095004686434
      0.4491189312764826
      0.4534030139115822
      0.4576598183019676
      0.4618874100339693
      0.4660838516297799
      0.4702472038878602
      0.4743755272874129
       0.478466883458002
      0.4825193367151516
      0.4865309556623588
      0.4904998148597919
      0.4944239965596381
      0.4983015925074284
      0.5021307058087151
      0.5059094528595232
      0.5096359653388811
      0.5133083922611547
      0.5169249020853107
      0.5204836848776578
       0.523982954524181
      0.5274209509878757
      0.5307959426058937
      0.5341062284207977
      0.5373501405394776
      0.5405260465127205
      0.5436323517280033
      0.5466675018071788
      0.5496299850005796
      0.5525183345681053
      0.5553311311379332
      0.5580670050325791
      0.5607246385519251
      0.5633027682025572
      0.5658001868625087
      0.5682157458701256
      0.5705483570262453
      0.5727969944981958
      0.5749606966149974
      0.5770385675425497
      0.5790297788286969
      0.5809335708079167
      0.5827492538559299
      0.5844762094855147
       0.586113891274998
      0.5876618256219944
      0.5891196123157815
      0.5904869249225754
      0.5917635109789955
      0.5929491919902031
      0.5940438632302718
      0.5950474933434631
      0.5959601237464711
        0.59678186783283
      0.5975129099820616
      0.5981535043771643
      0.5987039736357166
      0.5991647072606489
      0.5995361599182619
      0.5998188495520989
      0.6000133553423774
      0.6001203155217419
      0.6001404250589036
      0.6000744332228671
      0.5999231410409225
      0.5996873986643257
      0.5993681026561632
      0.5989661932162139
      0.5984826513580639
      0.5979184960536991
       0.597274781361058
      0.5965525935496832
      0.5957530482396907
      0.5948772875687043
       0.593926477401109
      0.5929018045933709
      0.5918044743284531
      0.5906357075316495
      0.5893967383794607
      0.5880888119118735
      0.5867131817577039
      0.5852711079815617
      0.5837638550597811
      0.5821926899916758
      0.5805588805511791
      0.5788636936829381
      0.5771083940456867
      0.5752942427044049
      0.5734224959719739
      0.5714944043996868
      0.5695112119148861
      0.5674741551032609
       0.565384462632069
      0.5632433548098215
      0.5610520432770952
      0.5588117308225181
      0.5565236113169572
       0.554188869758895
      0.5518086824229091
      0.5493842171031651
      0.5469166334433272
      0.5444070833439267
       0.541856711438427
       0.539266655628762
      0.5366380476712488
      0.5339720138038633
      0.5312696754061537
      0.5285321496828327
      0.5257605503628706
      0.5229559884057328
      0.5201195727072969
      0.5172524107978143
      0.5143556095251727
      0.5114302757169625
      0.5084775168154454
      0.5054984414799932
      0.5024941601519753
      0.4994657855780014
      0.4964144332873912
      0.4933412220208461
      0.4902472741074897
      0.4871337157879512
       0.484001677481999
      0.4808522939993555
      0.4776867046929645
      0.4745060535544947
      0.4713114892521757
      0.4681041651115125
      0.4648852390397187
      0.4616558733952683
      0.4584172348039932
      0.4551704939236877
      0.4519168251591782
      0.4486574063303586
      0.4453934182955722
      0.4421260445331245
      0.4388564706836218
      0.4355858840561987
      0.4323154731015634
      0.4290464268549323
      0.4257799343519782
      0.4225171840208641
      0.4192593630535554
      0.4160076567593334
      0.4127632479037178
      0.4095273160355812
      0.4063010368055256
      0.4030855812781696
      0.3998821152411799
      0.3966917985135145
        0.39351578425548
      0.3903552182828464
      0.3872112383872922
      0.3840849736653121
      0.3809775438574087
       0.377890058699506
      0.3748236172881925
      0.3717793074612971
      0.3687582051952737
       0.365761374020516
      0.3627898644558484
      0.3598447134630651
      0.3569269439224165
      0.3540375641297822
      0.3511775673160626
      0.3483479311893275
      0.3455496175001135
       0.342783571630046
      0.3400507222040616
      0.3373519807261803
      0.3346882412389339
      0.3320603800062118
      0.3294692552194565
      0.3269157067268651
      0.3244005557853017
      0.3219246048345649
      0.3194886372935253
      0.3170934173776385
      0.3147396899373189
      0.3124281803166114
      0.3101595942314652
      0.3079346176670559
      0.3057539167934291
      0.3036181378987662
      0.3015279073396268
      0.2994838315072963
      0.2974864968096675
      0.2955364696677958
      0.2936342965263742
      0.2917805038774567
      0.2899755982965966
      0.2882200664906567
      0.2865143753565899
      0.2848589720504237
      0.2832542840657098
      0.2817007193207497
      0.2801986662538685
      0.2787484939260401
      0.2773505521302474
      0.2760051715068474
      0.2747126636643315
      0.2734733213048731
      0.2722874183540345
      0.2711552100940566
      0.2700769333001694
        0.26905280637938
      0.2680830295112063
      0.2671677847898588
      0.2663072363673665
      0.2655015305972137
      0.2647507961780227
      0.2640551442968516
       0.263414668771713
      0.2628294461929455
      0.2622995360630017
      0.2618249809344014
      0.2614058065454286
      0.2610420219533085
      0.2607336196645742
      0.2604805757622745
      0.2602828500298517
      0.2601403860713664
      0.2600531114278787
      0.2600209376897134
      0.2600437606044744
      0.2601214601805537
      0.2602539007859624
      0.2604409312423702
      0.2606823849141069
      0.2609780797920735
      0.2613278185723172
      0.2617313887292846
      0.2621885625835264
      0.2626990973637844
      0.2632627352634077
      0.2638792034909398
      0.2645482143148958
      0.2652694651025339
      0.2660426383527527
      0.2668674017228747
      0.2677434080494178
      0.2686702953627658
      0.2696476868957866
      0.2706751910862887
      0.2717524015734473
      0.2728788971881365
      0.2740542419372792
      0.2752779849821445
      0.2765496606108209
      0.2778687882047838
       0.279234872199792
      0.2806474020410952
      0.2821058521332305
       0.283609681784444
      0.2851583351459481
      0.2867512411462727
      0.2883878134208707
      0.2900674502372173
      0.2917895344157646
      0.2935534332469922
      0.2953584984049099
       0.297204065857418
      0.2990894557739035
      0.3010139724305469
      0.3029769041137995
      0.3049775230226195
      0.3070150851699353
      0.3090888302840935
      0.3111979817108333
      0.3133417463165613
      0.3155193143937186
      0.3177298595689442
      0.3199725387150178
      0.3222464918674851
      0.3245508421468514
      0.3268846956875014
      0.3292471415743414
      0.3316372517883734
      0.3340540811623432
      0.3364966673477847
       0.338964030794783
      0.3414551747457569
      0.3439690852447936
      0.3465047311639386
      0.3490610642480736
       0.351637019179889
      0.3542315136666261
      0.3568434485503357
      0.3594717079432819
      0.3621151593903483
      0.3647726540602217
      0.3674430269671885
      0.3701250972254083
      0.3728176683375774
      0.3755195285197947
      0.3782294510646347
      0.3809461947442481
      0.3836685042553767
      0.3863951107081736
      0.3891247321606526
      0.3918560742005264
      0.3945878305761885
      0.3973186838784921
        0.40004730627491
      0.4027723602975748
      0.4054924996865238
      0.4082063702895419
         0.4109126110195
      0.4136098548703259
      0.4162967299923321
       0.418971860827397
      0.4216338693044929
      0.4242813760956079
      0.4269130019320083
      0.4295273689804036
      0.4321231022783541
       0.434698831227983
        0.43725319114662
      0.4397848248727284
      0.4422923844251584
      0.4447745327132391
      0.4472299452950357
      0.4496573121804646
      0.4520553396756907
      0.4544227522648461
      0.4567582945244812
      0.4590607330659315
      0.4613288585002163
      0.4635614874196622
       0.465757464390153
      0.4679156639472279
      0.4700349925891316
      0.4721143907592655
      0.4741528348103896
        0.47614933894231
      0.4781029571047435
       0.480012784856509
      0.4818779611723021
        0.48369767018774
      0.4854711428735575
      0.4871976586295391
      0.4888765467888008
      0.4905071880233492
      0.4920890156412714
       0.493621516766969
       0.495104233395363
      0.4965367633117266
      0.4979187608689741
      0.4992499376149515
      0.5005300627624845
      0.5017589634959458
      0.5029365251083736
      0.5040626909643874
      0.5051374622844774
       0.506160897747606
      0.5071331129097112
      0.5080542794367724
      0.5089246241521748
      0.5097444278990995
      0.5105140242199089
      0.5112337978555849
      0.5119041830692456
      0.5125256617991498
      0.5130987616475809
       0.513624053713242
      0.5141021502756263
      0.5145337023411419
       0.514919397061736
      0.5152599550373577
      0.5155561275150212
      0.5158086934974577
      0.5160184567754491
      0.5161862428983059
      0.5163128960975567
      0.5163992761792372
      0.5164462554005339
      0.5164547153466709
      0.5164255438238303
      0.5163596317841127
      0.5162578702980616
      0.5161211475901437
      0.5159503461520458
       0.515746339948198
      0.5155099917271883
      0.5152421504520873
      0.5149436488617756
      0.5146153011743652
       0.514257900943154
      0.5138722190739308
      0.5134590020117548
      0.5130189701040795
      0.5125528161456496
      0.5120612041096064
      0.5115447680678959
       0.511004111302916
      0.5104398056107369
      0.5098523907956828
      0.5092423743542039
      0.5086102313451119
      0.5079564044422737
      0.5072813041646191
      0.5065853092773419
      0.5058687673574123
      0.5051319955157281
       0.504375281267099
      0.5035988835392231
      0.5028030338107214
      0.5019879373680713
      0.5011537746709416
      0.5003007028148281
      0.4994288570801531
      0.4985383525565167
      0.4976292858307937
      0.4967017367280998
      0.4957557700944004
      0.4947914376099235
      0.4938087796229973
      0.4928078269937285
      0.4917886029379709
       0.490751124861994
      0.4896954061788752
      0.4886214580982086
      0.4875292913812982
      0.4864189180544023
      0.4852903530732697
      0.4841436159329908
      0.4829787322174368
      0.4817957350834127
      0.4805946666752263
      0.4793755794659661
      0.4781385375222112
      0.4768836176897578
      0.4756109106981877
       0.474320522182863
       0.473012573623337
      0.4716872031975645
        0.47034456655196
      0.4689848374875503
      0.4676082085629811
      0.4662148916154178
      0.4648051182008499
      0.4633791399553009
      0.4619372288791603
      0.4604796775465518
      0.4590067992423873
      0.4575189280294975
      0.4560164187486251
      0.4544996469541308
      0.4529690087883091
      0.4514249207973117
       0.449867819691824
      0.4482981620554362
      0.4467164240039839
      0.4451231007988102
      0.4435187064171019
      0.4419037730823733
      0.4402788507580136
      0.4386445066069639
      0.4370013244202997
      0.4353499040176098
      0.4336908606218469
      0.4320248242113733
      0.4303524388516698
      0.4286743620092876
      0.4269912638502872
      0.4253038265255409
      0.4236127434450633
      0.4219187185433854
      0.4202224655380249
      0.4185247071829189
      0.4168261745185476
      0.4151276061205622
       0.413429747348358
      0.4117333495952516
      0.4100391695415608
      0.4083479684120165
      0.4066605112386383
      0.4049775661303612
      0.4032999035504267
      0.4016282956025169
      0.3999635153266388
      0.3983063360055983
      0.3966575304828064
      0.3950178704921823
      0.3933881260008498
       0.391769064565126
      0.3901614507004494
      0.3885660452656183
      0.3869836048618709
      0.3854148812470863
      0.3838606207654973
      0.3823215637930854
      0.3807984441990143
       0.379291988823119
      0.3778029169697004
      0.3763319399176414
      0.3748797604469249
      0.3734470723814833
      0.3720345601484406
      0.3706428983536199
      0.3692727513731454
       0.367924772961123
      0.3665996058731051
      0.3652978815051784
      0.3640202195484314
       0.362767227658521
       0.361539501140032
      0.3603376226453298
      0.3591621618875278
      0.3580136753672313
      0.3568927061126472
      0.3557997834326015
      0.3547354226821561
      0.3537001250402094
      0.3526943772987713
       0.351718651663352
      0.3507734055639668
      0.3498590814763027
      0.3489761067525229
      0.3481248934611663
      0.3473058382356882
      0.3465193221310024
       0.345765710487644
      0.3450453528029169
       0.344358582608519
      0.3437057173541866
       0.343087058296816
      0.3425028903944816
      0.3419534822049569
      0.3414390857882484
      0.3409599366125642
      0.3405162534634029
      0.3401082383552128
      0.3397360764452936
      0.3393999359494625
      0.3390999680591791
      0.3388363068597379
      0.3386090692492773
      0.3384183548581897
      0.3382642459688401
      0.3381468074352295
      0.3380660866025046
      0.3380221132261133
      0.3380148993905784
      0.3380444394276765
      0.3381107098341544
      0.3382136691888986
      0.3383532580696905
      0.3385293989695735
      0.3387419962131362
      0.3389909358727324
      0.3392760856851061
      0.3395972949685606
      0.3399543945411547
      0.3403471966402828
      0.3407754948441347
      0.3412390639955371
      0.3417376601287958
      0.3422710204001252
      0.3428388630223269
      0.3434408872044856
      0.3440767730974338
      0.3447461817458166
      0.3454487550475898
      0.3461841157218857
      0.3469518672861368
      0.3477515940435216
      0.3485828610816357
      0.3494452142835058
      0.3503381803519025
      0.3512612668481438
       0.352213962246417
      0.3531957360046264
      0.3542060386530578
      0.3552443019017594
      0.3563099387678413
