                       0
   4.996626666666861e-05
   0.0001997269431941888
   0.0004490676792341237
   0.0007977646046844863
    0.001245584370907169
    0.001792284192556789
    0.002437611889829847
    0.003181305930891999
    0.004023095474193381
    0.004962700410329444
    0.005999831403052257
    0.007134189929017093
    0.008365468315758068
    0.009693349777381318
     0.01111750844742692
     0.01263760940825575
     0.01425330871635846
     0.01596425342288262
     0.01777008158867718
     0.01967042229308204
     0.02166489563575045
     0.02375311273061978
     0.02593467569125626
     0.02820917760672306
     0.03057620250705749
     0.03303532531751679
     0.03558611180065081
     0.03822811848528703
     0.04096089258153837
     0.04378397188081924
     0.04669688463996614
     0.04969914944853988
     0.05279027507830368
     0.05596976031396191
     0.05923709376420684
     0.06259175365214861
      0.0660332075841691
     0.06956091229633721
     0.07317431337741247
     0.07687284496765975
      0.0806559294324789
     0.08452297701018517
     0.08847338543298655
     0.09250653952045503
     0.09662181074475709
      0.1008185567669307
      0.1050961209435211
      0.1094538318030761
      0.1138910024917915
       0.118406930187938
      0.1230008954844934
      0.1276721617398171
      0.1324199743957689
      0.1372435602633959
      0.1421421267756205
      0.1471148612072707
      0.1521609298622129
      0.1572794772278729
      0.1624696250973147
      0.1677304716591485
        0.17306109055587
      0.1784605299112626
      0.1839278113273254
       0.189461928851941
      0.1950618479179528
       0.200726504255184
      0.2064548027764258
      0.2122456164390066
      0.2180977850838092
      0.2240101142532685
      0.2299813739906501
      0.2360102976228752
      0.2420955805292756
      0.2482358788989517
       0.254429808479925
      0.2606759433227152
      0.2669728145220445
      0.2733189089607547
      0.2797126680584124
      0.2861524865302789
      0.2926367111599407
      0.2991636395905513
      0.3057315191396684
      0.3123385456423147
      0.3189828623280226
       0.325662558737188
      0.3323756696827488
       0.339120174262834
      0.3458939949307908
      0.3526949966292682
      0.3595209859946403
       0.366369710638481
      0.3732388585133288
      0.3801260573697069
      0.3870288743112543
      0.3939448154558099
      0.4008713257089414
      0.4078057886579417
      0.4147455265931964
      0.4216878006642809
      0.4286298111777179
      0.4355686980437461
      0.4425015413784607
      0.4494253622684099
      0.4563371237035286
      0.4632337316847724
      0.4701120365116065
      0.4769688342549357
       0.483800868420148
      0.4906048318039508
      0.4973773685495029
      0.5041150764017942
       0.510814509166015
       0.517472179370668
      0.5240845611354074
      0.5306480932442197
      0.5371591824227059
       0.543614206817379
      0.5500095196739686
       0.556341453211997
      0.5626063226890652
      0.5688004306503341
      0.5749200713560463
      0.5809615353785148
      0.5869211143605483
      0.5927951059243273
       0.598579818720914
      0.6042715776074202
      0.6098667289390641
      0.6153616459627114
       0.620752734296823
      0.6260364374826993
      0.6312092425899273
      0.6362676858602092
      0.6412083583711531
      0.6460279117028779
      0.6507230635881494
      0.6552906035277736
      0.6597273983524045
      0.6640303977113352
       0.668196639469531
      0.6722232549936921
      0.6761074743089907
      0.6798466311070787
      0.6834381675887053
      0.6868796391223045
      0.6901687187024618
      0.6933032011913386
      0.6962810073291292
      0.6991001874971984
      0.7017589252228621
      0.7042555404110684
      0.7065884922941035
      0.7087563820879287
      0.7107579553467721
      0.7125921040091511
      0.7142578681282689
      0.7157544372834771
      0.7170811516675906
      0.7182375028502174
      0.7192231342152361
      0.7200378410731892
      0.7206815704511099
      0.7211544205635531
      0.7214566399688415
      0.7215886264164575
      0.7215509253933025
      0.7213442283763531
      0.7209693708015728
      0.7204273297587998
      0.7197192214234831
      0.7188462982380373
      0.7178099458546517
      0.7166116798534548
      0.7152531422494322
       0.713736097802709
      0.7120624301464479
      0.7102341377488088
      0.7082533297221849
      0.7061222214970218
       0.703843130374802
      0.7014184709754692
      0.6988507505952839
      0.6961425644905446
      0.6932965911011348
      0.6903155872296933
      0.6872023831911221
      0.6839598779446231
      0.6805910342242188
      0.6770988736795071
      0.6734864720394637
      0.6697569543118519
      0.6659134900292178
      0.6619592885525917
      0.6578975944435557
      0.6537316829132956
      0.6494648553595896
      0.6451004349974068
      0.6406417625932727
      0.6360921923091321
       0.631455087662363
      0.6267338176073487
      0.6219317527447275
      0.6170522616612074
       0.612098707405004
      0.6070744440997979
      0.6019828136990651
      0.5968271428838472
      0.5916107401049675
      0.5863368927702025
      0.5810088645780396
      0.5756298929964907
      0.5702031868873066
      0.5647319242748688
      0.5592192502571459
       0.553668275058916
      0.5480820722230295
      0.5424636769391521
      0.5368160845054606
      0.5311422489224309
      0.5254450816130966
       0.519727450268183
      0.5139921778113754
      0.5082420414817059
      0.5024797720281168
      0.4967080530126524
      0.4909295202182731
      0.4851467611566795
      0.4793623146713922
      0.4735786706329543
       0.467798269720408
      0.4620235032856711
      0.4562567132959837
      0.4505001923501636
      0.4447561837644957
      0.4390268817235983
      0.4333144314926576
      0.4276209296864592
       0.421948424591504
      0.4162989165371029
      0.4106743583118276
      0.4050766556213294
      0.3995076675843761
      0.3939692072632425
      0.3884630422254441
       0.382990895133324
      0.3775544443586544
      0.3721553246191683
      0.3667951276344119
      0.3614754027980382
      0.3561976578639235
      0.3509633596440562
      0.3457739347155483
      0.3406307701349012
      0.3355352141572752
      0.3304885769589296
      0.3254921313611871
      0.3205471135539608
      0.3156547238175058
      0.3108161272410723
      0.3060324544366489
      0.3013048022470432
      0.2966342344469677
      0.2920217824359888
      0.2874684459226697
      0.2829751935986184
      0.2785429638019685
      0.2741726651697349
      0.2698651772779159
      0.2656213512691232
      0.2614420104673186
      0.2573279509789335
      0.2532799422802835
      0.2492987277908604
      0.2453850254321166
      0.2415395281718331
      0.2377629045536145
      0.2340557992115918
       0.230418833370182
      0.2268526053288158
      0.2233576909317642
      0.2199346440229622
      0.2165839968860513
      0.2133062606694839
      0.2101019257970537
      0.2069714623637798
      0.2039153205175224
      0.2009339308262668
      0.1980277046314472
      0.1951970343873569
      0.1924422939870414
       0.189763839074723
      0.1871620073451751
      0.1846371188300207
      0.1821894761715773
      0.1798193648841583
      0.1775270536032748
       0.175312794322952
       0.173176822621415
      0.1711193578754786
      0.1691406034636801
      0.1672407469587196
      0.1654199603092738
      0.1636784000114938
      0.1620162072703374
      0.1604335081511806
      0.1589304137216513
      0.1575070201843638
      0.1561634090002326
      0.1548996470029653
      0.1537157865048968
      0.1526118653942013
      0.1515879072238428
      0.1506439212924027
      0.1497799027168321
      0.1489958324976071
      0.1482916775760145
      0.1476673908841596
      0.1471229113875356
      0.1466581641204243
      0.1462730602140881
      0.1459674969182071
      0.1457413576152827
      0.1455945118283882
      0.1455268152221779
      0.1455381095974038
      0.1456282228787745
      0.1457969690966262
      0.1460441483619972
      0.1463695468355789
      0.1467729366903561
      0.1472540760679872
      0.1478127090292646
      0.1484485654982521
      0.1491613612005455
      0.1499507975955202
      0.1508165618025352
       0.151758326521499
      0.1527757499472479
      0.1538684756784062
      0.1550361326204454
      0.1562783348830796
      0.1575946816720307
      0.1589847571753118
      0.1604481304441793
      0.1619843552685571
      0.1635929700473731
      0.1652734976538219
      0.1670254452955009
      0.1688483043698436
      0.1707415503148877
      0.1727046424555204
      0.1747370238453204
      0.1768381211045877
        0.17900734425426
      0.1812440865463391
      0.1835477242910639
      0.1859176166810129
      0.1883531056124546
      0.1908535155045105
      0.1934181531162136
      0.1960463073619935
      0.1987372491261336
       0.201490231076566
      0.2043044874782443
      0.2071792340070811
      0.2101136675646032
      0.2131069660941572
       0.216158288399004
       0.219266773963214
      0.2224315427758029
      0.2256516951589423
      0.2289263116009903
      0.2322544525948732
      0.2356351584827472
      0.2390674493080218
        0.24255032467491
      0.2460827636169985
      0.2496637244755086
      0.2532921447878678
        0.25696694118818
      0.2606870093197609
      0.2644512237611762
      0.2682584379666662
      0.2721074842220472
       0.275997173616723
      0.2799262960333518
      0.2838936201554464
      0.2878978934946219
      0.2919378424381014
      0.2960121723175886
      0.3001195675003082
      0.3042586915033017
      0.3084281871320258
      0.3126266766438291
      0.3168527619374792
       0.321105024769354
      0.3253820269971804
       0.329682310852119
      0.3340043992395278
      0.3383467960696964
      0.3427079866182425
      0.3470864379172664
      0.3514805991776325
        0.35588890224216
      0.3603097620706097
      0.3647415772561229
      0.3691827305733445
      0.3736315895583289
      0.3780865071192827
      0.3825458221790188
      0.3870078603476019
      0.3914709346251363
      0.3959333461344867
      0.4003933848819978
      0.4048493305463771
      0.4092994532943156
      0.4137420146215823
       0.418175268218403
      0.4225974608579967
      0.4270068333063393
      0.4314016212520538
       0.435780056254274
      0.4401403667070996
       0.444480778818571
      0.4487995176025346
      0.4530948078809023
       0.457364875295119
      0.4616079473243939
      0.4658222543085299
      0.4700060304736701
      0.4741575149592582
      0.4782749528440708
        0.48235659616918
      0.4864007049570033
      0.4904055482244888
      0.4943694049884545
      0.4982905652633713
      0.5021673310485184
      0.5059980173054979
      0.5097809529245216
      0.5135144816792125
      0.5171969631696254
      0.5208267737543111
      0.5244023074709671
      0.5279219769466296
      0.5313842142986078
      0.5347874720264659
      0.5381302238974203
      0.5414109658264337
      0.5446282167523325
       0.547780519512893
       0.550866441720089
      0.5538845766392704
       0.556833544072733
      0.5597119912518576
      0.5625185937397216
      0.5652520563464396
       0.567911114059661
      0.5704945329933149
      0.5730011113548512
      0.5754296804353652
      0.5777791056210796
      0.5800482874308832
      0.5822361625775893
      0.5843417050548657
      0.5863639272503486
      0.5883018810824603
      0.5901546591615466
      0.5919213959727213
      0.5936012690782539
      0.5951935003365978
      0.5966973571347028
      0.5981121536292883
      0.5994372519920542
      0.6006720636541908
      0.6018160505435992
      0.6028687263089598
      0.6038296575229998
      0.6046984648589165
      0.6054748242307145
      0.6061584678909543
      0.6067491854768552
       0.607246824996709
      0.6076512937480998
      0.6079625591594802
      0.6081806495475783
      0.6083056547815621
      0.6083377268465759
      0.6082770802997297
      0.6081239926109694
      0.6078788043831489
      0.6075419194446781
      0.6071138048107456
      0.6065949905076944
      0.6059860692584381
      0.6052876960250542
      0.6045005874078845
      0.6036255208997637
      0.6026633339958469
        0.60161492316048
      0.6004812426533118
      0.5992633032170577
      0.5979621706321389
      0.5965789641426572
      0.5951148547596026
      0.5935710634481433
       0.591948859206485
      0.5902495570448619
      0.5884745158729673
      0.5866251363052803
      0.5847028583950055
      0.5827091593058394
      0.5806455509325628
      0.5785135774817639
      0.5763148130225567
      0.5740508590188784
      0.5717233418541567
      0.5693339103590646
      0.5668842333520887
      0.5643759972046651
      0.5618109034384497
      0.5591906663659415
      0.5565170107818359
      0.5537916697138935
      0.5510163822411993
      0.5481928913855819
      0.5453229420831271
      0.5424082792412375
      0.5394506458860062
      0.5364517814027187
      0.5334134198744543
      0.5303372885195305
      0.5272251062310219
      0.5240785822177386
      0.5208994147483643
      0.5176892899976006
      0.5144498809936286
      0.5111828466651616
      0.5078898309856507
      0.5045724622133423
      0.5012323522219444
      0.4978710959207259
      0.4944902707584767
      0.4910914363079376
      0.4876761339267153
      0.4842458864890122
      0.4808021981842893
      0.4773465543779267
      0.4738804215286069
      0.4704052471575907
      0.4669224598650157
      0.4634334693888009
      0.4599396667002996
      0.4564424241331085
       0.452943095539654
      0.4494430164721526
      0.4459435043826694
      0.4424458588392403
      0.4389513617535854
      0.4354612776177059
      0.4319768537453659
      0.4284993205157375
      0.4250298916165871
      0.4215697642842487
      0.4181201195384215
      0.4146821224092245
      0.4112569221556109
      0.4078456524725913
       0.404449431687045
      0.4010693629400358
      0.3977065343555381
      0.3943620191943161
      0.3910368759930903
      0.3877321486879415
      0.3844488667225239
      0.3811880451407272
       0.377950684663633
      0.3747377717518015
      0.3715502786525136
      0.3683891634327738
      0.3652553699987198
      0.3621498281015882
      0.3590734533317215
      0.3560271471003933
      0.3530117966109881
      0.3500282748200266
      0.3470774403886858
       0.344160137626156
      0.3412771964252656
      0.3384294321911434
       0.335617645764297
      0.3328426233381805
      0.3301051363728543
      0.3274059415046604
      0.3247457804535348
      0.3221253799279096
        0.31954545152841
       0.317006691650854
      0.3145097813889391
      0.3120553864374783
      0.3096441569966663
      0.3072767276777776
      0.3049537174106106
      0.3026757293535544
      0.3004433508061392
      0.2982571531246139
      0.2961176916409889
      0.2940255055852469
      0.2919811180119112
      0.2899850357299693
      0.2880377492371745
      0.2861397326586088
      0.2842914436892925
      0.2824933235412115
      0.2807457968947743
      0.2790492718545643
      0.2774041399092975
      0.2758107758962196
      0.2742695379696221
      0.2727807675735114
      0.2713447894184169
      0.2699619114619306
      0.2686324248931423
      0.2673566041208324
      0.2661347067650526
      0.2649669736521544
      0.2638536288131245
      0.2627948794848937
      0.2617909161146361
       0.260841912366817
      0.2599480251328444
       0.259109394543286
      0.2583261439822871
      0.2575983801041877
      0.2569261928522767
      0.2563096554793363
      0.2557488245699867
      0.2552437400648314
      0.2547944252859995
      0.2544008869643258
      0.2540631152678363
      0.2537810838315098
       0.253554749788523
      0.2533840538025104
      0.2532689201011076
      0.2532092565106694
      0.2532049544922594
      0.2532558891786693
      0.2533619194127735
      0.2535228877872663
      0.2537386206854003
      0.2540089283234911
      0.2543336047945789
       0.254712428114105
      0.2551451602668828
      0.2556315472561471
      0.2561713191546217
      0.2567641901575844
      0.2574098586385299
      0.2581080072069932
      0.2588583027696574
      0.2596603965937047
      0.2605139243739324
      0.2614185063029967
      0.2623737471453442
      0.2633792363148933
      0.2644345479571392
      0.2655392410354869
      0.2666928594222983
      0.2678949319946912
      0.2691449727359965
      0.2704424808420998
      0.2717869408340138
      0.2731778226759929
      0.2746145819003909
      0.2760966597384666
      0.2776234832581556
       0.279194465508953
      0.2808090056735237
      0.2824664892268262
      0.2841662881028817
      0.2859077608688754
      0.2876902529071647
      0.2895130966052147
      0.2913756115532954
       0.293277104750253
      0.2952168708171855
      0.2971941922192262
      0.2992083394949225
      0.3012585714939075
      0.3033441356217418
      0.3054642680926095
      0.3076181941892742
      0.3098051285297679
      0.3120242753414476
      0.3142748287410703
      0.3165559730208716
      0.3188668829407126
      0.3212067240250478
      0.3235746528648664
      0.3259698174236047
      0.3283913573469451
      0.3308384042754783
      0.3333100821595527
      0.3358055075762341
      0.3383237900468384
      0.3408640323551389
      0.3434253308646406
      0.3460067758349023
      0.3486074517357762
      0.3512264375584882
      0.3538628071233332
      0.3565156293826462
       0.359183968718395
      0.3618668852336113
      0.3645634350367735
      0.3672726705181386
      0.3699936406177745
      0.3727253910836921
      0.3754669647199531
      0.3782174016238156
      0.3809757394112427
       0.383741013429807
      0.3865122569589162
      0.3892885013963681
      0.3920687764308772
      0.3948521102001341
      0.3976375294338754
      0.4004240595821706
      0.4032107249275086
      0.4059965486821878
      0.4087805530696334
      0.4115617593900754
      0.4143391880713185
      0.4171118587039631
      0.4198787900622247
      0.4226390001103657
      0.4253915059958303
      0.4281353240296786
       0.430869469655207
      0.4335929574061006
      0.4363048008554103
      0.4390040125565496
      0.4416896039784347
      0.4443605854359062
      0.4470159660181891
      0.4496547535173399
      0.4522759543586876
      0.4548785735366058
      0.4574616145576489
      0.4600240793946531
      0.4625649684546878
      0.4650832805638883
      0.4675780129733302
      0.4700481613888473
      0.4724927200292866
      0.4749106817162156
      0.4773010380000384
      0.4796627793255345
      0.4819948952419024
      0.4842963746601588
      0.4865662061630875
      0.4888033783707808
      0.4910068803661453
      0.4931757021841756
      0.4953088353669575
      0.4974052735902794
      0.4994640133618625
      0.5014840547956639
      0.5034644024635926
      0.5054040663266498
      0.5073020627460042
        0.50915741557566
      0.5109691573352592
      0.5127363304640633
      0.5144579886530125
      0.5161331982545597
      0.5177610397662369
      0.5193406093848592
      0.5208710206271555
      0.5223514060115108
      0.5237809187954773
      0.5251587347619273
      0.5264840540463026
      0.5277561029976756
      0.5289741360643351
      0.5301374376947879
      0.5312453242435738
      0.5322971458726617
      0.5332922884366798
      0.5342301753404841
      0.5351102693589767
      0.5359320744057976
       0.536695137240539
      0.5373990491021329
      0.5380434472571474
       0.538628016451572
      0.5391524902555035
      0.5396166522900021
      0.5400203373261332
      0.5403634322477997
      0.5406458768690152
      0.5408676645986698
      0.5410288429461354
      0.5411295138621014
      0.5411698339100283
      0.5411500142652621
      0.5410703205391171
      0.5409310724271411
      0.5407326431827302
      0.5404754589156885
      0.5401599977202783
      0.5397867886359533
       0.539356410445213
      0.5388694903158679
       0.538326702294347
      0.5377287656583003
      0.5370764431372252
      0.5363705390127286
      0.5356118971065421
      0.5348013986696434
      0.5339399601838482
      0.5330285310875801
      0.5320680914388182
       0.531059649528167
      0.5300042394548524
      0.5289029186775696
      0.5277567655549623
      0.5265668768859092
      0.5253343654634915
      0.5240603576536496
      0.5227459910096331
      0.5213924119340928
      0.5200007733975076
      0.5185722327228638
      0.5171079494459949
      0.5156090832579413
      0.5140767920376279
      0.5125122299809698
      0.5109165458305779
      0.5092908812125089
      0.5076363690819123
      0.5059541322813338
      0.5042452822135572
      0.5025109176304271
      0.5007521235371218
      0.4989699702127767
      0.4971655123459617
      0.4953397882829271
      0.4934938193870243
      0.4916286095065249
      0.4897451445471734
      0.4878443921455788
      0.4859273014402268
      0.4839948029344389
       0.482047808447601
       0.480087211148878
      0.4781138856684571
      0.4761286882813682
      0.4741324571578077
      0.4721260126747957
      0.4701101577837331
       0.468085678428256
      0.4660533440066563
      0.4640139078744323
      0.4619681078803425
      0.4599166669324284
      0.4578602935876704
      0.4557996826614611
      0.4537355158519969
      0.4516684623750762
      0.4495991796055201
      0.4475283137212417
      0.4454565003458585
      0.4433843651872464
      0.4413125246678673
      0.4392415865447736
      0.4371721505161717
      0.4351048088119004
      0.4330401467661245
      0.4309787433695256
      0.4289211717998468
      0.4268679999286882
       0.424819790803606
      0.4227771031037648
      0.4207404915687892
      0.4187105073992817
      0.4166876986290615
      0.4146726104680972
      0.4126657856157921
      0.4106677645448382
      0.4086790857550546
      0.4067002859974506
      0.4047319004688912
      0.4027744629769627
      0.4008285060763608
      0.3988945611761654
      0.3969731586194705
        0.39506482773513
      0.3931700968631429
      0.3912894933535404
      0.3894235435400362
      0.3875727726894209
      0.3857377049270981
       0.383918863139813
      0.3821167688567961
      0.3803319421100934
      0.3785649012747416
      0.3768161628905017
      0.3750862414654481
      0.3733756492631885
      0.3716848960739806
      0.3700144889714443
      0.3683649320554893
      0.3667367261830233
      0.3651303686867218
      0.3635463530838445
      0.3619851687754091
      0.3604473007371499
      0.3589332292030058
      0.3574434293427425
      0.3559783709338946
      0.3545385180295232
      0.3531243286230074
      0.3517362543100808
      0.3503747399497785
      0.3490402233247709
      0.3477331348021777
      0.3464538969957048
      0.3452029244300046
      0.3439806232079584
      0.3427873906818824
      0.3416236151292333
      0.3404896754336882
       0.339385940772555
       0.338312770310577
      0.3372705129017025
      0.3362595067986622
      0.3352800793713706
      0.3343325468348832
      0.3334172139871838
      0.3325343739574364
      0.3316843079653583
      0.3308672850918484
      0.3300835620620198
      0.3293333830401403
      0.3286169794375794
       0.327934569734134
      0.3272863593124796
      0.3266725403064642
      0.3260932914638597
      0.3255487780232484
      0.3250391516052358
       0.324564550118935
      0.3241250976829488
      0.3237209045617148
      0.3233520671167345
       0.323018667773281
      0.3227207750021848
      0.3224584433170253
      0.3222317132862466
      0.3220406115609076
      0.3218851509170219
      0.3217653303131286
      0.3216811349624895
      0.3216325364199319
      0.3216194926826899
      0.3216419483057329
       0.321699834530457
      0.3217930694268522
      0.3219215580485377
      0.3220851926005773
      0.3222838526188767
       0.322517405161756
      0.3227857050119236
      0.3230885948893358
      0.3234259056735301
      0.3237974566353128
      0.3242030556767733
      0.3246424995791157
      0.3251155742572237
       0.325622055020466
      0.3261617068389444
      0.3267342846139715
      0.3273395334522482
      0.3279771889424754
      0.3286469774338011
       0.329348616314888
      0.3300818142928865
      0.3308462716707818
       0.331641680622867
      0.3324677254665462
      0.3333240829302527
      0.3342104224157316
      0.3351264062539399
      0.3360716899541522
      0.3370459224441241
      0.3380487463015281
      0.3390797979749785
