0 0 0 
1 4.99663e-05 1.3824e-05 
2 0.000199727 5.53834e-05 
3 0.000449068 0.000124844 
4 0.000797765 0.000222317 
5 0.00124558 0.000347862 
6 0.00179228 0.000501489 
7 0.00243761 0.000683158 
8 0.00318131 0.000892789 
9 0.0040231 0.00113026 
10 0.0049627 0.00139541 
11 0.00599983 0.00168807 
12 0.00713419 0.00200801 
13 0.00836547 0.00235501 
14 0.00969335 0.00272882 
15 0.0111175 0.0031292 
16 0.0126376 0.00355587 
17 0.0142533 0.00400859 
18 0.0159643 0.00448707 
19 0.0177701 0.00499107 
20 0.0196704 0.00552033 
21 0.0216649 0.0060746 
22 0.0237531 0.00665365 
23 0.0259347 0.00725723 
24 0.0282092 0.00788512 
25 0.0305762 0.0085371 
26 0.0330353 0.00921295 
27 0.0355861 0.00991246 
28 0.0382281 0.0106354 
29 0.0409609 0.0113816 
30 0.043784 0.0121508 
31 0.0466969 0.0129429 
32 0.0496991 0.0137575 
33 0.0527903 0.0145945 
34 0.0559697 0.0154537 
35 0.0592371 0.0163348 
36 0.0625917 0.0172377 
37 0.0660332 0.018162 
38 0.0695609 0.0191075 
39 0.0731743 0.0200741 
40 0.0768728 0.0210614 
41 0.0806558 0.0220692 
42 0.0845229 0.0230972 
43 0.0884733 0.0241453 
44 0.0925064 0.025213 
45 0.0966217 0.0263002 
46 0.100818 0.0274065 
47 0.105096 0.0285317 
48 0.109454 0.0296755 
49 0.113891 0.0308376 
50 0.118407 0.0320177 
51 0.123001 0.0332155 
52 0.127672 0.0344306 
53 0.13242 0.0356628 
54 0.137243 0.0369116 
55 0.142142 0.0381768 
56 0.147114 0.039458 
57 0.15216 0.0407548 
58 0.157279 0.0420669 
59 0.162469 0.0433938 
60 0.16773 0.0447351 
61 0.17306 0.0460905 
62 0.17846 0.0474594 
63 0.183927 0.0488415 
64 0.189461 0.0502363 
65 0.195061 0.0516433 
66 0.200726 0.053062 
67 0.206454 0.0544919 
68 0.212245 0.0559324 
69 0.218097 0.0573832 
70 0.224009 0.0588435 
71 0.22998 0.0603128 
72 0.236009 0.0617904 
73 0.242094 0.0632759 
74 0.248234 0.0647685 
75 0.254428 0.0662675 
76 0.260674 0.0677724 
77 0.266971 0.0692822 
78 0.273317 0.0707964 
79 0.279711 0.0723142 
80 0.286151 0.0738347 
81 0.292635 0.0753572 
82 0.299162 0.0768807 
83 0.305729 0.0784045 
84 0.312336 0.0799277 
85 0.318981 0.0814492 
86 0.32566 0.0829682 
87 0.332373 0.0844837 
88 0.339118 0.0859947 
89 0.345892 0.0875001 
90 0.352692 0.0889988 
91 0.359518 0.0904898 
92 0.366367 0.0919719 
93 0.373236 0.093444 
94 0.380123 0.0949049 
95 0.387026 0.0963534 
96 0.393942 0.0977882 
97 0.400868 0.0992082 
98 0.407803 0.100612 
99 0.414742 0.101998 
100 0.421685 0.103365 
101 0.428626 0.104712 
102 0.435565 0.106038 
103 0.442498 0.107341 
104 0.449422 0.108619 
105 0.456334 0.109871 
106 0.46323 0.111096 
107 0.470108 0.112292 
108 0.476965 0.113458 
109 0.483797 0.114592 
110 0.490601 0.115694 
111 0.497373 0.11676 
112 0.504111 0.11779 
113 0.51081 0.118783 
114 0.517468 0.119737 
115 0.52408 0.12065 
116 0.530644 0.121521 
117 0.537155 0.122349 
118 0.54361 0.123132 
119 0.550005 0.123869 
120 0.556337 0.124559 
121 0.562601 0.125199 
122 0.568796 0.12579 
123 0.574915 0.126329 
124 0.580956 0.126816 
125 0.586916 0.127249 
126 0.59279 0.127627 
127 0.598574 0.12795 
128 0.604266 0.128216 
129 0.609861 0.128424 
130 0.615356 0.128574 
131 0.620747 0.128665 
132 0.626031 0.128695 
133 0.631203 0.128666 
134 0.636262 0.128575 
135 0.641202 0.128423 
136 0.646022 0.12821 
137 0.650717 0.127934 
138 0.655284 0.127597 
139 0.659721 0.127197 
140 0.664024 0.126736 
141 0.66819 0.126213 
142 0.672216 0.125628 
143 0.6761 0.124982 
144 0.679839 0.124276 
145 0.68343 0.12351 
146 0.686872 0.122685 
147 0.69016 0.121802 
148 0.693295 0.120862 
149 0.696272 0.119865 
150 0.699091 0.118815 
151 0.701749 0.117711 
152 0.704246 0.116555 
153 0.706578 0.115349 
154 0.708746 0.114095 
155 0.710747 0.112796 
156 0.712581 0.111452 
157 0.714246 0.110066 
158 0.715742 0.108641 
159 0.717068 0.107179 
160 0.718224 0.105683 
161 0.719209 0.104156 
162 0.720023 0.102601 
163 0.720666 0.101022 
164 0.721138 0.0994204 
165 0.72144 0.0978012 
166 0.721571 0.0961679 
167 0.721533 0.0945244 
168 0.721325 0.0928749 
169 0.72095 0.0912237 
170 0.720407 0.0895753 
171 0.719698 0.0879345 
172 0.718825 0.0863062 
173 0.717788 0.0846955 
174 0.716589 0.0831079 
175 0.71523 0.0815487 
176 0.713712 0.0800238 
177 0.712038 0.078539 
178 0.710209 0.0771004 
179 0.708228 0.075714 
180 0.706097 0.0743862 
181 0.703817 0.073123 
182 0.701392 0.0719309 
183 0.698825 0.0708159 
184 0.696117 0.0697839 
185 0.693271 0.0688407 
186 0.69029 0.0679917 
187 0.687177 0.0672417 
188 0.683935 0.0665953 
189 0.680567 0.0660561 
190 0.677076 0.0656272 
191 0.673464 0.065311 
192 0.669736 0.0651088 
193 0.665894 0.0650211 
194 0.661941 0.0650476 
195 0.657881 0.065187 
196 0.653717 0.0654372 
197 0.649452 0.0657953 
198 0.64509 0.0662577 
199 0.640633 0.06682 
200 0.636086 0.0674775 
201 0.631452 0.0682249 
202 0.626733 0.0690567 
203 0.621934 0.069967 
204 0.617058 0.07095 
205 0.612108 0.0719997 
206 0.607087 0.0731101 
207 0.601999 0.0742755 
208 0.596847 0.0754902 
209 0.591635 0.0767486 
210 0.586366 0.0780456 
211 0.581042 0.0793762 
212 0.575667 0.0807356 
213 0.570245 0.0821195 
214 0.564779 0.0835235 
215 0.559271 0.0849439 
216 0.553725 0.086377 
217 0.548144 0.0878194 
218 0.542531 0.0892681 
219 0.536888 0.09072 
220 0.53122 0.0921726 
221 0.525528 0.0936234 
222 0.519815 0.09507 
223 0.514086 0.0965105 
224 0.508341 0.0979429 
225 0.502584 0.0993653 
226 0.496817 0.100776 
227 0.491044 0.102174 
228 0.485267 0.103558 
229 0.479488 0.104926 
230 0.473709 0.106277 
231 0.467934 0.10761 
232 0.462164 0.108925 
233 0.456402 0.11022 
234 0.450651 0.111494 
235 0.444911 0.112748 
236 0.439187 0.11398 
237 0.433479 0.11519 
238 0.42779 0.116378 
239 0.422122 0.117542 
240 0.416477 0.118683 
241 0.410856 0.119801 
242 0.405263 0.120896 
243 0.399698 0.121966 
244 0.394163 0.123013 
245 0.38866 0.124035 
246 0.383192 0.125034 
247 0.377759 0.126009 
248 0.372363 0.12696 
249 0.367006 0.127888 
250 0.361689 0.128792 
251 0.356415 0.129674 
252 0.351183 0.130532 
253 0.345996 0.131367 
254 0.340856 0.13218 
255 0.335763 0.132971 
256 0.330718 0.133741 
257 0.325724 0.134488 
258 0.320781 0.135215 
259 0.315891 0.135922 
260 0.311054 0.136608 
261 0.306273 0.137274 
262 0.301547 0.137921 
263 0.296878 0.138549 
264 0.292267 0.139159 
265 0.287715 0.139751 
266 0.283223 0.140325 
267 0.278792 0.140882 
268 0.274423 0.141422 
269 0.270116 0.141946 
270 0.265873 0.142455 
271 0.261695 0.142948 
272 0.257581 0.143426 
273 0.253534 0.143891 
274 0.249553 0.144341 
275 0.24564 0.144778 
276 0.241795 0.145202 
277 0.238018 0.145614 
278 0.234311 0.146015 
279 0.230674 0.146404 
280 0.227108 0.146783 
281 0.223613 0.147152 
282 0.22019 0.147511 
283 0.216839 0.147861 
284 0.213561 0.148204 
285 0.210356 0.148538 
286 0.207225 0.148866 
287 0.204168 0.149188 
288 0.201186 0.149503 
289 0.198279 0.149814 
290 0.195448 0.15012 
291 0.192692 0.150422 
292 0.190013 0.150721 
293 0.18741 0.151018 
294 0.184884 0.151312 
295 0.182436 0.151604 
296 0.180065 0.151896 
297 0.177772 0.152187 
298 0.175556 0.152478 
299 0.173419 0.152769 
300 0.171361 0.153062 
301 0.169381 0.153355 
302 0.16748 0.153651 
303 0.165659 0.153949 
304 0.163916 0.15425 
305 0.162253 0.154554 
306 0.160669 0.154862 
307 0.159165 0.155174 
308 0.157741 0.15549 
309 0.156396 0.155811 
310 0.155131 0.156137 
311 0.153946 0.156468 
312 0.152842 0.156806 
313 0.151817 0.157149 
314 0.150872 0.157499 
315 0.150007 0.157855 
316 0.149222 0.158218 
317 0.148517 0.158588 
318 0.147892 0.158966 
319 0.147346 0.159351 
320 0.146881 0.159744 
321 0.146495 0.160145 
322 0.146189 0.160554 
323 0.145962 0.160972 
324 0.145814 0.161397 
325 0.145746 0.161831 
326 0.145757 0.162273 
327 0.145846 0.162724 
328 0.146014 0.163184 
329 0.146261 0.163652 
330 0.146586 0.164128 
331 0.146989 0.164613 
332 0.14747 0.165107 
333 0.148028 0.165609 
334 0.148664 0.16612 
335 0.149377 0.166639 
336 0.150166 0.167166 
337 0.151032 0.167701 
338 0.151973 0.168245 
339 0.152991 0.168796 
340 0.154083 0.169356 
341 0.155251 0.169923 
342 0.156494 0.170498 
343 0.15781 0.171081 
344 0.1592 0.171671 
345 0.160664 0.172269 
346 0.1622 0.172874 
347 0.163809 0.173486 
348 0.16549 0.174104 
349 0.167242 0.17473 
350 0.169065 0.175362 
351 0.170959 0.176 
352 0.172922 0.176644 
353 0.174955 0.177294 
354 0.177056 0.17795 
355 0.179226 0.178611 
356 0.181463 0.179277 
357 0.183766 0.179947 
358 0.186136 0.180621 
359 0.188572 0.1813 
360 0.191072 0.181981 
361 0.193637 0.182666 
362 0.196264 0.183354 
363 0.198955 0.184043 
364 0.201708 0.184735 
365 0.204521 0.185427 
366 0.207396 0.18612 
367 0.210329 0.186814 
368 0.213322 0.187507 
369 0.216372 0.188199 
370 0.219479 0.18889 
371 0.222643 0.189579 
372 0.225862 0.190265 
373 0.229135 0.190948 
374 0.232461 0.191627 
375 0.23584 0.192301 
376 0.23927 0.19297 
377 0.242751 0.193634 
378 0.246281 0.19429 
379 0.249859 0.19494 
380 0.253484 0.195581 
381 0.257156 0.196214 
382 0.260873 0.196837 
383 0.264633 0.19745 
384 0.268437 0.198052 
385 0.272282 0.198642 
386 0.276167 0.19922 
387 0.280092 0.199785 
388 0.284054 0.200336 
389 0.288053 0.200873 
390 0.292088 0.201394 
391 0.296156 0.201899 
392 0.300258 0.202387 
393 0.30439 0.202858 
394 0.308553 0.203311 
395 0.312745 0.203745 
396 0.316964 0.20416 
397 0.321209 0.204555 
398 0.325478 0.204929 
399 0.329771 0.205282 
400 0.334084 0.205613 
401 0.338418 0.205922 
402 0.342771 0.206208 
403 0.34714 0.20647 
404 0.351525 0.206709 
405 0.355923 0.206922 
406 0.360334 0.20711 
407 0.364756 0.207272 
408 0.369186 0.207408 
409 0.373624 0.207517 
410 0.378068 0.207599 
411 0.382516 0.207652 
412 0.386966 0.207678 
413 0.391417 0.207674 
414 0.395867 0.207641 
415 0.400315 0.207578 
416 0.404757 0.207485 
417 0.409194 0.207362 
418 0.413623 0.207207 
419 0.418042 0.207022 
420 0.42245 0.206804 
421 0.426844 0.206555 
422 0.431224 0.206273 
423 0.435587 0.205959 
424 0.439931 0.205613 
425 0.444255 0.205233 
426 0.448557 0.20482 
427 0.452834 0.204374 
428 0.457087 0.203894 
429 0.461311 0.203381 
430 0.465506 0.202835 
431 0.469671 0.202255 
432 0.473802 0.201641 
433 0.477899 0.200994 
434 0.481959 0.200314 
435 0.485981 0.1996 
436 0.489963 0.198853 
437 0.493904 0.198074 
438 0.497801 0.197262 
439 0.501652 0.196418 
440 0.505458 0.195542 
441 0.509214 0.194635 
442 0.51292 0.193698 
443 0.516575 0.19273 
444 0.520176 0.191733 
445 0.523722 0.190708 
446 0.527211 0.189654 
447 0.530642 0.188573 
448 0.534013 0.187465 
449 0.537322 0.186333 
450 0.540569 0.185175 
451 0.543752 0.183994 
452 0.546868 0.18279 
453 0.549918 0.181565 
454 0.552899 0.180318 
455 0.55581 0.179053 
456 0.55865 0.177769 
457 0.561418 0.176467 
458 0.564112 0.17515 
459 0.566731 0.173818 
460 0.569274 0.172472 
461 0.57174 0.171114 
462 0.574128 0.169744 
463 0.576437 0.168366 
464 0.578665 0.166979 
465 0.580813 0.165585 
466 0.582878 0.164186 
467 0.584861 0.162783 
468 0.58676 0.161379 
469 0.588575 0.159974 
470 0.590305 0.158571 
471 0.591949 0.157171 
472 0.593507 0.155776 
473 0.594979 0.154388 
474 0.596363 0.15301 
475 0.597659 0.151643 
476 0.598868 0.150289 
477 0.599988 0.148952 
478 0.601019 0.147632 
479 0.601962 0.146332 
480 0.602816 0.145055 
481 0.603581 0.143803 
482 0.604256 0.142579 
483 0.604843 0.141384 
484 0.60534 0.140222 
485 0.605748 0.139094 
486 0.606068 0.138002 
487 0.606299 0.13695 
488 0.606441 0.13594 
489 0.606496 0.134972 
490 0.606462 0.13405 
491 0.606342 0.133176 
492 0.606134 0.132351 
493 0.60584 0.131576 
494 0.60546 0.130855 
495 0.604995 0.130187 
496 0.604445 0.129574 
497 0.603812 0.129018 
498 0.603094 0.128519 
499 0.602295 0.128079 
500 0.601413 0.127697 
501 0.600451 0.127374 
502 0.599408 0.127111 
503 0.598287 0.126908 
504 0.597087 0.126765 
505 0.595809 0.126681 
506 0.594456 0.126657 
507 0.593027 0.126691 
508 0.591524 0.126783 
509 0.589948 0.126933 
510 0.5883 0.127139 
511 0.58658 0.1274 
512 0.584792 0.127714 
513 0.582934 0.128081 
514 0.58101 0.128498 
515 0.579019 0.128964 
516 0.576964 0.129477 
517 0.574845 0.130034 
518 0.572664 0.130635 
519 0.570422 0.131275 
520 0.568121 0.131954 
521 0.565761 0.132669 
522 0.563345 0.133417 
523 0.560873 0.134197 
524 0.558348 0.135004 
525 0.55577 0.135838 
526 0.553141 0.136695 
527 0.550462 0.137573 
528 0.547735 0.138469 
529 0.544961 0.139382 
530 0.542142 0.140308 
531 0.53928 0.141246 
532 0.536375 0.142193 
533 0.53343 0.143147 
534 0.530445 0.144105 
535 0.527422 0.145065 
536 0.524363 0.146026 
537 0.52127 0.146986 
538 0.518143 0.147942 
539 0.514985 0.148893 
540 0.511796 0.149837 
541 0.508579 0.150772 
542 0.505335 0.151696 
543 0.502065 0.152609 
544 0.498771 0.153508 
545 0.495454 0.154393 
546 0.492116 0.155261 
547 0.488758 0.156113 
548 0.485383 0.156945 
549 0.481991 0.157759 
550 0.478583 0.158552 
551 0.475162 0.159324 
552 0.471729 0.160074 
553 0.468285 0.160801 
554 0.464832 0.161505 
555 0.461371 0.162184 
556 0.457903 0.16284 
557 0.454431 0.16347 
558 0.450955 0.164075 
559 0.447477 0.164655 
560 0.443998 0.165209 
561 0.44052 0.165737 
562 0.437044 0.166239 
563 0.433572 0.166715 
564 0.430104 0.167166 
565 0.426642 0.16759 
566 0.423188 0.167989 
567 0.419743 0.168363 
568 0.416307 0.168712 
569 0.412884 0.169035 
570 0.409472 0.169335 
571 0.406075 0.16961 
572 0.402693 0.169861 
573 0.399327 0.17009 
574 0.395979 0.170295 
575 0.39265 0.170478 
576 0.38934 0.17064 
577 0.386052 0.17078 
578 0.382786 0.1709 
579 0.379544 0.170999 
580 0.376326 0.17108 
581 0.373134 0.171141 
582 0.369968 0.171184 
583 0.36683 0.17121 
584 0.363721 0.171219 
585 0.360642 0.171212 
586 0.357594 0.171189 
587 0.354578 0.171151 
588 0.351594 0.171099 
589 0.348644 0.171034 
590 0.345729 0.170956 
591 0.342849 0.170865 
592 0.340006 0.170764 
593 0.3372 0.170652 
594 0.334432 0.170531 
595 0.331703 0.170401 
596 0.329014 0.170263 
597 0.326366 0.170118 
598 0.323759 0.169968 
599 0.321194 0.169812 
600 0.318672 0.169653 
601 0.316193 0.169491 
602 0.313758 0.169327 
603 0.311368 0.169163 
604 0.309024 0.168999 
605 0.306725 0.168836 
606 0.304474 0.168676 
607 0.302269 0.168519 
608 0.300112 0.168367 
609 0.298004 0.16822 
610 0.295944 0.16808 
611 0.293934 0.167947 
612 0.291973 0.167822 
613 0.290063 0.167706 
614 0.288203 0.1676 
615 0.286395 0.167504 
616 0.284638 0.16742 
617 0.282933 0.167348 
618 0.28128 0.167289 
619 0.27968 0.167243 
620 0.278132 0.167211 
621 0.276638 0.167194 
622 0.275198 0.167192 
623 0.273811 0.167205 
624 0.272478 0.167234 
625 0.2712 0.16728 
626 0.269976 0.167343 
627 0.268806 0.167423 
628 0.267692 0.16752 
629 0.266633 0.167636 
630 0.265628 0.167769 
631 0.26468 0.16792 
632 0.263786 0.16809 
633 0.262948 0.168279 
634 0.262166 0.168487 
635 0.26144 0.168713 
636 0.260769 0.168958 
637 0.260154 0.169222 
638 0.259595 0.169506 
639 0.259091 0.169808 
640 0.258644 0.17013 
641 0.258252 0.170471 
642 0.257916 0.17083 
643 0.257635 0.171209 
644 0.25741 0.171606 
645 0.257241 0.172023 
646 0.257126 0.172457 
647 0.257068 0.172911 
648 0.257064 0.173382 
649 0.257115 0.173871 
650 0.257221 0.174378 
651 0.257381 0.174903 
652 0.257596 0.175444 
653 0.257865 0.176002 
654 0.258188 0.176577 
655 0.258564 0.177167 
656 0.258995 0.177773 
657 0.259478 0.178393 
658 0.260014 0.179028 
659 0.260602 0.179677 
660 0.261243 0.180339 
661 0.261936 0.181014 
662 0.26268 0.181701 
663 0.263475 0.182399 
664 0.264321 0.183108 
665 0.265218 0.183827 
666 0.266164 0.184555 
667 0.26716 0.185292 
668 0.268205 0.186037 
669 0.269299 0.18679 
670 0.27044 0.187548 
671 0.27163 0.188313 
672 0.272867 0.189082 
673 0.27415 0.189855 
674 0.275479 0.190631 
675 0.276854 0.19141 
676 0.278275 0.19219 
677 0.279739 0.192972 
678 0.281248 0.193753 
679 0.282799 0.194533 
680 0.284394 0.195312 
681 0.28603 0.196088 
682 0.287708 0.196861 
683 0.289426 0.19763 
684 0.291185 0.198395 
685 0.292983 0.199154 
686 0.294819 0.199906 
687 0.296694 0.200652 
688 0.298606 0.20139 
689 0.300554 0.20212 
690 0.302538 0.202841 
691 0.304557 0.203552 
692 0.30661 0.204253 
693 0.308697 0.204943 
694 0.310816 0.205621 
695 0.312967 0.206288 
696 0.315149 0.206942 
697 0.317361 0.207582 
698 0.319603 0.208208 
699 0.321873 0.20882 
700 0.32417 0.209417 
701 0.326494 0.209998 
702 0.328844 0.210563 
703 0.331219 0.211111 
704 0.333617 0.211641 
705 0.336039 0.212154 
706 0.338483 0.212648 
707 0.340948 0.213123 
708 0.343433 0.213579 
709 0.345937 0.214014 
710 0.34846 0.214429 
711 0.351 0.214822 
712 0.353556 0.215194 
713 0.356128 0.215543 
714 0.358714 0.21587 
715 0.361313 0.216173 
716 0.363924 0.216452 
717 0.366547 0.216707 
718 0.36918 0.216937 
719 0.371823 0.217142 
720 0.374473 0.217321 
721 0.377131 0.217474 
722 0.379795 0.2176 
723 0.382464 0.217699 
724 0.385137 0.21777 
725 0.387813 0.217814 
726 0.390491 0.217829 
727 0.39317 0.217816 
728 0.395849 0.217775 
729 0.398527 0.217704 
730 0.401203 0.217605 
731 0.403875 0.217476 
732 0.406543 0.217318 
733 0.409206 0.21713 
734 0.411863 0.216913 
735 0.414512 0.216667 
736 0.417153 0.216391 
737 0.419784 0.216085 
738 0.422405 0.21575 
739 0.425015 0.215385 
740 0.427612 0.214991 
741 0.430196 0.214568 
742 0.432766 0.214115 
743 0.43532 0.213633 
744 0.437858 0.213122 
745 0.440379 0.212582 
746 0.442882 0.212013 
747 0.445365 0.211415 
748 0.447829 0.210789 
749 0.450271 0.210133 
750 0.452691 0.209449 
751 0.455089 0.208737 
752 0.457463 0.207997 
753 0.459813 0.207228 
754 0.462137 0.206432 
755 0.464435 0.205608 
756 0.466706 0.204756 
757 0.468949 0.203878 
758 0.471163 0.202973 
759 0.473348 0.202041 
760 0.475503 0.201084 
761 0.477626 0.200102 
762 0.479718 0.199096 
763 0.481777 0.198067 
764 0.483803 0.197014 
765 0.485795 0.19594 
766 0.487753 0.194845 
767 0.489675 0.193731 
768 0.491561 0.192598 
769 0.493411 0.191448 
770 0.495223 0.190282 
771 0.496998 0.189102 
772 0.498734 0.187908 
773 0.500432 0.186702 
774 0.50209 0.185485 
775 0.503707 0.184259 
776 0.505285 0.183024 
777 0.506821 0.181784 
778 0.508316 0.180538 
779 0.509769 0.179289 
780 0.51118 0.178038 
781 0.512548 0.176786 
782 0.513874 0.175536 
783 0.515155 0.174288 
784 0.516393 0.173044 
785 0.517587 0.171807 
786 0.518737 0.170577 
787 0.519842 0.169357 
788 0.520903 0.168147 
789 0.521918 0.166951 
790 0.522888 0.16577 
791 0.523813 0.164606 
792 0.524692 0.163461 
793 0.525525 0.162336 
794 0.526313 0.161233 
795 0.527054 0.160155 
796 0.52775 0.159104 
797 0.5284 0.15808 
798 0.529003 0.157087 
799 0.52956 0.156125 
800 0.530071 0.155197 
801 0.530536 0.154305 
802 0.530955 0.153449 
803 0.531327 0.152632 
804 0.531654 0.151855 
805 0.531934 0.151119 
806 0.532169 0.150426 
807 0.532358 0.149777 
808 0.532501 0.149172 
809 0.532598 0.148613 
810 0.53265 0.1481 
811 0.532657 0.147635 
812 0.532619 0.147217 
813 0.532536 0.146847 
814 0.532408 0.146525 
815 0.532235 0.146251 
816 0.532019 0.146026 
817 0.531758 0.145848 
818 0.531453 0.145719 
819 0.531105 0.145636 
820 0.530714 0.145601 
821 0.53028 0.145611 
822 0.529803 0.145667 
823 0.529284 0.145767 
824 0.528723 0.145911 
825 0.528121 0.146097 
826 0.527477 0.146323 
827 0.526792 0.14659 
828 0.526067 0.146895 
829 0.525302 0.147237 
830 0.524497 0.147615 
831 0.523653 0.148027 
832 0.52277 0.148471 
833 0.521848 0.148946 
834 0.520889 0.14945 
835 0.519892 0.149981 
836 0.518859 0.150538 
837 0.517789 0.151119 
838 0.516683 0.151722 
839 0.515542 0.152346 
840 0.514366 0.152989 
841 0.513155 0.153648 
842 0.511911 0.154323 
843 0.510634 0.155012 
844 0.509324 0.155712 
845 0.507982 0.156423 
846 0.506608 0.157141 
847 0.505204 0.157867 
848 0.50377 0.158598 
849 0.502306 0.159333 
850 0.500813 0.160069 
851 0.499291 0.160806 
852 0.497743 0.161543 
853 0.496167 0.162276 
854 0.494565 0.163006 
855 0.492937 0.16373 
856 0.491285 0.164448 
857 0.489608 0.165158 
858 0.487908 0.165858 
859 0.486186 0.166548 
860 0.484441 0.167226 
861 0.482675 0.167891 
862 0.480888 0.168542 
863 0.479082 0.169178 
864 0.477256 0.169798 
865 0.475412 0.170401 
866 0.473551 0.170986 
867 0.471673 0.171551 
868 0.46978 0.172098 
869 0.467871 0.172623 
870 0.465947 0.173128 
871 0.464011 0.17361 
872 0.462061 0.174071 
873 0.4601 0.174508 
874 0.458127 0.174923 
875 0.456145 0.175313 
876 0.454152 0.175679 
877 0.452152 0.176022 
878 0.450143 0.176339 
879 0.448128 0.176632 
880 0.446107 0.176901 
881 0.44408 0.177144 
882 0.44205 0.177363 
883 0.440015 0.177558 
884 0.437978 0.177728 
885 0.43594 0.177874 
886 0.4339 0.177996 
887 0.43186 0.178094 
888 0.429822 0.178169 
889 0.427784 0.178221 
890 0.42575 0.178251 
891 0.423718 0.178259 
892 0.421691 0.178245 
893 0.419669 0.17821 
894 0.417653 0.178155 
895 0.415643 0.17808 
896 0.413642 0.177986 
897 0.411648 0.177873 
898 0.409664 0.177742 
899 0.407689 0.177594 
900 0.405726 0.177429 
901 0.403774 0.177248 
902 0.401834 0.177053 
903 0.399908 0.176843 
904 0.397995 0.17662 
905 0.396098 0.176385 
906 0.394215 0.176137 
907 0.392349 0.175879 
908 0.3905 0.175612 
909 0.388668 0.175335 
910 0.386854 0.17505 
911 0.38506 0.174759 
912 0.383285 0.174462 
913 0.38153 0.174159 
914 0.379797 0.173853 
915 0.378085 0.173544 
916 0.376395 0.173233 
917 0.374728 0.17292 
918 0.373085 0.172608 
919 0.371466 0.172297 
920 0.369871 0.171988 
921 0.368301 0.171682 
922 0.366757 0.171379 
923 0.36524 0.171082 
924 0.363749 0.17079 
925 0.362285 0.170504 
926 0.360849 0.170226 
927 0.359442 0.169956 
928 0.358063 0.169695 
929 0.356713 0.169443 
930 0.355393 0.169202 
931 0.354102 0.168972 
932 0.352842 0.168754 
933 0.351613 0.168548 
934 0.350415 0.168355 
935 0.349249 0.168177 
936 0.348114 0.168012 
937 0.347011 0.167862 
938 0.345941 0.167727 
939 0.344904 0.167608 
940 0.3439 0.167506 
941 0.342929 0.16742 
942 0.341991 0.167351 
943 0.341088 0.167299 
944 0.340218 0.167265 
945 0.339383 0.167249 
946 0.338582 0.167251 
947 0.337816 0.167271 
948 0.337084 0.16731 
949 0.336388 0.167367 
950 0.335726 0.167444 
951 0.3351 0.167539 
952 0.334509 0.167653 
953 0.333954 0.167787 
954 0.333433 0.167939 
955 0.332949 0.16811 
956 0.3325 0.1683 
957 0.332087 0.168509 
958 0.331709 0.168736 
959 0.331367 0.168982 
960 0.33106 0.169246 
961 0.330789 0.169528 
962 0.330554 0.169828 
963 0.330355 0.170145 
964 0.33019 0.17048 
965 0.330062 0.170831 
966 0.329968 0.171199 
967 0.32991 0.171583 
968 0.329887 0.171982 
969 0.329899 0.172397 
970 0.329945 0.172827 
971 0.330027 0.173271 
972 0.330143 0.17373 
973 0.330293 0.174201 
974 0.330478 0.174685 
975 0.330696 0.175182 
976 0.330949 0.175691 
977 0.331235 0.17621 
978 0.331554 0.176741 
979 0.331906 0.177281 
980 0.332291 0.177831 
981 0.332709 0.178389 
982 0.333158 0.178956 
983 0.33364 0.17953 
984 0.334154 0.18011 
985 0.334699 0.180697 
986 0.335275 0.18129 
987 0.335881 0.181887 
988 0.336518 0.182488 
989 0.337185 0.183092 
990 0.337882 0.183699 
991 0.338607 0.184307 
992 0.339362 0.184917 
993 0.340145 0.185527 
994 0.340956 0.186137 
995 0.341795 0.186745 
996 0.342661 0.187352 
997 0.343554 0.187955 
998 0.344473 0.188556 
999 0.345418 0.189152 
1000 0.346389 0.189743 
