                       0
   1.472265517478168e-05
   5.957282571923593e-05
   0.0001359027759021362
   0.0002450009498414904
   0.0003880896218626914
   0.0005663227513537893
   0.0007807840478789417
    0.001032485251573841
    0.001322364633140693
    0.001651285717027324
    0.002020036230619193
    0.002429327281498242
    0.002879792764032371
    0.003371988995757439
    0.003906394583203617
    0.004483410516003056
    0.005103360487299635
    0.005766491437667437
    0.006472974318935741
    0.007222905073518237
    0.008016305824055986
     0.00885312626741065
    0.009733245266290028
     0.01065647263105498
     0.01162255108354865
     0.01263115839410881
     0.01368190968227468
     0.01477435987108452
     0.01590800628428212
     0.01708229137521177
      0.0182966055756859
     0.01955029025265968
     0.02084264076014491
     0.02217290957344457
     0.02354030949249182
     0.02494401690083514
     0.02638317506662658
     0.02785689747184655
      0.0293642711559345
     0.03090436005999681
     0.03247620835782727
     0.03407884376010753
     0.03571128077835273
     0.03737252393543272
     0.03906157090983275
     0.04077741560121813
     0.04251905110533453
     0.04428547258681058
     0.04607568003902673
     0.04788868092087729
     0.04972349266097363
     0.05157914502061707
     0.05345468230770437
     0.05534916543461236
     0.05726167381404004
     0.05919130708775609
     0.06113718668420669
     0.06309845720197314
     0.06507428761712562
     0.06706387231359119
     0.06906643193673249
     0.07108121407141277
      0.0731074937468891
     0.07514457377192837
     0.07719178490456285
     0.07924848586188997
      0.0813140631762647
     0.08338793090512241
     0.08546953020249808
     0.08755832876106655
      0.0896538201342089
     0.09175552294820705
     0.09386298001517539
     0.09597575735774828
     0.09809344315685448
      0.1002156466341155
      0.1023419968805089
      0.1044721416429344
      0.1066057460802087
      0.1087424914998053
      0.1108820740863392
      0.1130242036323836
      0.1151686022817067
      0.1173150032944246
      0.1194631498429034
      0.1216127938465082
      0.1237636948525032
      0.1259156189695643
      0.1280683378594825
      0.1302216277917271
      0.1323752687646139
      0.1345290436958875
      0.1366827376846061
      0.1388361373453078
      0.1409890302145549
      0.1431412042291139
      0.1452924472742269
      0.1474425467996956
      0.1495912895008166
      0.1517384610605982
      0.1538838459491562
      0.1560272272757304
      0.1581683866883871
      0.1603071043161893
      0.1624431587484048
      0.1645763270452081
      0.1667063847742898
      0.1688331060678332
      0.1709562636944368
      0.1730756291407523
      0.1751909726978696
      0.1773020635477985
      0.1794086698457742
      0.1815105587945362
      0.1836074967071912
      0.1856992490557691
      0.1877855805030988
      0.1898662549161647
      0.1919410353596522
      0.1940096840689296
      0.1960719624022528
       0.198127630772501
       0.200176448559246
      0.2022181740024342
      0.2042525640793908
      0.2062793743672571
      0.2082983588933192
      0.2103092699759914
      0.2123118580594714
      0.2143058715452772
      0.2162910566240245
      0.2182671571108828
      0.2202339142881814
      0.2221910667586109
      0.2241383503123816
      0.2260754978115733
      0.2280022390947234
      0.2299183009044801
      0.2318234068408734
      0.2337172773424546
      0.2355996296972171
       0.237470178084847
      0.2393286336514682
      0.2411747046176447
      0.2430080964199953
      0.2448285118863603
      0.2466356514440514
      0.2484292133603093
      0.2502088940137071
      0.2519743881948627
      0.2537253894344781
      0.2554615903563984
      0.2571826830531007
      0.2588883594807604
      0.2605783118708341
      0.2622522331549147
      0.2639098173994875
      0.2655507602471178
      0.2671747593605587
      0.2687815148662589
      0.2703707297937966
      0.2719421105078391
      0.2734953671293551
      0.2750302139429658
      0.2765463697875122
      0.2780435584271513
      0.2795215089005446
      0.2809799558459887
       0.282418639800642
      0.2838373074723207
      0.2852357119826779
      0.2866136130809155
      0.2879707773275345
      0.2893069782479706
      0.2906219964563115
      0.2919156197496213
      0.2931876431737244
      0.2944378690616042
      0.2956661070458596
      0.2968721740469223
       0.298055894238978
      0.2992170989957395
      0.3003556268183979
      0.3014713232482236
      0.3025640407664011
      0.3036336386837544
      0.3046799830230674
      0.3057029463967091
      0.3067024078822458
       0.307678252898665
      0.3086303730857455
      0.3095586661889848
      0.3104630359523473
      0.3113433920209269
       0.312199649855415
      0.3130317306600542
      0.3138395613255252
      0.3146230743879692
       0.315382208005095
      0.3161169059500602
      0.3168271176235548
      0.3175127980842549
      0.3181739080975597
      0.3188104142022764
      0.3194222887946845
      0.3200095102291888
      0.3205720629345654
      0.3211099375446222
      0.3216231310419354
      0.3221116469131758
      0.3225754953144365
       0.323014693244876
      0.3234292647269342
      0.3238192409913435
      0.3241846606651485
       0.324525569960969
      0.3248420228657831
      0.3251340813275777
      0.3254018154383054
      0.3256453036116965
      0.3258646327546119
      0.3260598984307641
      0.3262312050157992
      0.3263786658429065
      0.3265024033382983
      0.3266025491460948
      0.3266792442423336
      0.3267326390380129
      0.3267628934712599
      0.3267701770888942
      0.3267546691178238
      0.3267165585268649
      0.3266560440797189
      0.3265733343799646
      0.3264686479090251
      0.3263422130581577
      0.3261942681555742
      0.3260250614898396
      0.3258348513307131
      0.3256239059485878
      0.3253925036336502
      0.3251409327158269
      0.3248694915865074
      0.3245784887229254
       0.324268242715968
       0.323939082302029
       0.323591346399378
      0.3232253841493305
        0.32284155496233
      0.3224402285688501
      0.3220217850748262
      0.3215866150211166
      0.3211351194462896
       0.320667709951823
      0.3201848087686027
      0.3196868488234167
      0.3191742738039525
      0.3186475382206448
      0.3181071074635608
      0.3175534578523812
      0.3169870766774181
      0.3164084622295251
      0.3158181238166833
      0.3152165817650108
      0.3146043674019262
      0.3139820230192144
      0.3133501018137784
      0.3127091678039351
      0.3120597957192042
      0.3114025708616665
        0.31073808893711
      0.3100669558543578
      0.3093897874913634
      0.3087072094268709
      0.3080198566366699
      0.3073283731537199
      0.3066334116916776
      0.3059356332316236
      0.3052357065720647
      0.3045343078425554
      0.3038321199815647
      0.3031298321794801
      0.3024281392879097
      0.3017277411966943
      0.3010293421802828
       0.300333650215354
      0.2996413762717655
      0.2989532335791061
      0.2982699368712813
      0.2975922016117057
      0.2969207432017806
      0.2962562761754262
      0.2955995133824836
      0.2949511651638378
      0.2943119385211044
      0.2936825362836988
      0.2930636562760455
      0.2924559904876107
      0.2918602242483315
      0.2912770354118901
      0.2907070935491407
      0.2901510591538306
       0.289609582862587
      0.2890833046909562
      0.2885728532870908
      0.2880788452044893
      0.2876018841949989
      0.2871425605231006
      0.2867014503023192
      0.2862791148544223
      0.2858761000919205
      0.2854929359242308
      0.2851301356877463
       0.284788195599946
      0.2844675942375942
      0.2841687920390208
      0.2838922308304279
      0.2836383333761577
      0.2834075029528567
      0.2832001229474997
      0.2830165564792833
      0.2828571460454571
      0.2827222131912449
      0.2826120582040923
      0.2825269598325799
      0.2824671750304447
      0.2824329387262598
      0.2824244636194276
      0.2824419400032419
       0.282485535615868
      0.2825553955201685
      0.2826516420133642
      0.2827743745675719
      0.2829236698022778
      0.2830995814898149
      0.2833021405948828
      0.2835313553491056
      0.2837872113615422
      0.2840696717659645
      0.2843786774055898
      0.2847141470557955
      0.2850759776851732
      0.2854640447550727
      0.2858782025575726
      0.2863182845915786
      0.2867841039765003
      0.2872754539027078
      0.2877921081176992
      0.2883338214466584
      0.2889003303458125
      0.2894913534867551
      0.2901065923696569
      0.2907457319630602
      0.2914084413677475
      0.2920943745019897
      0.2928031708053214
      0.2935344559578546
      0.2942878426120465
      0.2950629311337603
       0.295859310349424
      0.2966765582960842
      0.2975142429711828
      0.2983719230789417
      0.2992491487703395
      0.3001454623737788
      0.3010603991137025
      0.3019934878145923
      0.3029442515879814
      0.3039122085003428
      0.3048968722199488
      0.3058977526410526
      0.3069143564840127
      0.3079461878702447
      0.3089927488711674
      0.3100535400305811
       0.311128060860188
      0.3122158103082289
      0.3133162872014628
      0.3144289906609536
      0.3155534204923552
      0.3166890775515862
      0.3178354640869697
      0.3189920840590744
      0.3201584434396261
      0.3213340504909719
      0.3225184160276601
      0.3237110536617583
      0.3249114800335615
       0.326119215029346
      0.3273337819878092
      0.3285547078967818
      0.3297815235817436
      0.3310137638875738
      0.3322509678548695
      0.3334926788920367
      0.3347384449442219
      0.3359878186600032
      0.3372403575565989
      0.3384956241841885
      0.3397531862897709
      0.3410126169808124
      0.3422734948887745
      0.3435354043324403
      0.3447979354808071
      0.3460606845151614
      0.3473232537898166
      0.3485852519908703
      0.3498462942922287
      0.3511060025080537
      0.3523640052407125
      0.3536199380232534
      0.3548734434553938
       0.356124171331986
      0.3573717787629323
      0.3586159302835304
      0.3598562979542835
      0.3610925614492488
      0.3623244081320834
      0.3635515331190269
      0.3647736393281653
      0.3659904375144329
      0.3672016462899337
      0.3684069921292939
      0.3696062093599013
      0.3707990401370227
      0.3719852344039439
       0.373164549837411
      0.3743367517788076
      0.3755016131516279
      0.3766589143659458
       0.377808443210699
      0.3789499947347234
      0.3800833711175764
      0.3812083815312691
      0.3823248419941122
      0.3834325752179324
      0.3845314104499652
      0.3856211833107498
      0.3867017356293719
      0.3877729152773861
      0.3888345760027281
      0.3898865772648905
      0.3909287840725801
      0.3919610668250028
      0.3929833011578419
      0.3939953677949029
      0.3949971524062852
      0.3959885454738354
      0.3969694421645049
      0.3979397422121156
      0.3988993498078977
      0.3998481735000372
      0.4007861261023285
      0.4017131246119074
      0.4026290901358971
      0.4035339478266936
      0.4044276268254857
      0.4053100602135138
       0.406181184970463
      0.4070409419393086
      0.4078892757968617
      0.4087261350291949
      0.4095514719110949
      0.4103652424886545
      0.4111674065640966
      0.4119579276819348
      0.4127367731155773
      0.4135039138535192
      0.4142593245843053
      0.4150029836795045
      0.4157348731740004
      0.4164549787429846
      0.4171632896751226
      0.4178597988414559
      0.4185445026597138
      0.4192174010537965
      0.4198784974083181
      0.4205277985181933
      0.4211653145333664
       0.421791058898886
      0.4224050482906288
      0.4230073025470724
      0.4235978445976086
      0.4241767003879628
      0.4247438988033592
      0.4252994715901289
      0.4258434532765045
      0.4263758810933799
      0.4268967948958297
      0.4274062370861992
      0.4279042525395578
      0.4283908885322951
      0.4288661946746053
      0.4293302228475522
      0.4297830271453548
      0.4302246638234623
      0.4306551912528995
      0.4310746698812845
      0.4314831622008151
      0.4318807327234214
      0.4322674479631717
        0.43264337642591
      0.4330085886059898
      0.4333631569898587
      0.4337071560661387
      0.4340406623417419
      0.4343637543634626
      0.4346765127443922
      0.4349790201944254
      0.4352713615540459
      0.4355536238305198
       0.435825896235579
      0.4360882702236339
      0.4363408395295331
      0.4365837002048809
      0.4368169506519264
      0.4370406916540563
      0.4372550264019612
      0.4374600605145884
      0.4376559020540563
      0.4378426615337814
      0.4380204519191473
      0.4381893886201428
      0.4383495894755028
      0.4385011747279874
       0.438644266990561
      0.4387789912033433
      0.4389054745813382
      0.4390238465530577
      0.4391342386902892
      0.4392367846293697
      0.4393316199844441
      0.4394188822532921
      0.4394987107164116
       0.439571246330132
      0.4396366316146105
      0.4396950105376353
      0.4397465283952074
      0.4397913316899222
      0.4398295680081831
      0.4398613858973061
      0.4398869347435588
      0.4399063646521622
      0.4399198263302463
      0.4399274709737077
      0.4399294501588482
      0.4399259157396028
      0.4399170197510801
      0.4399029143200354
      0.4398837515827972
      0.4398596836110555
      0.4398308623457926
      0.4397974395395268
      0.4397595667069081
      0.4397173950835785
      0.4396710755930939
      0.4396207588215794
       0.439566594999676
      0.4395087339912352
      0.4394473252881112
      0.4393825180103209
      0.4393144609107589
      0.4392433023835943
      0.4391691904754232
      0.4390922728982166
      0.4390126970430804
      0.4389306099938415
      0.4388461585394751
       0.438759489184425
      0.4386707481558938
      0.4385800814072451
      0.4384876346167154
       0.438393553180722
      0.4382979822011329
      0.4382010664659719
       0.438102950423133
      0.4380037781467949
       0.437903693296345
      0.4378028390677388
      0.4377013581373483
      0.4375993925984668
      0.4374970838907627
        0.43739457272308
       0.437291998990095
      0.4371895016834358
      0.4370872187979576
      0.4369852872339441
      0.4368838426960757
      0.4367830195900457
      0.4366829509177552
      0.4365837681720315
      0.4364856012318226
      0.4363885782588198
      0.4362928255964257
      0.4361984676719581
      0.4361056269029197
      0.4360144236081043
      0.4359249759242286
      0.4358373997286921
      0.4357518085689662
      0.4356683135990141
      0.4355870235230222
      0.4355080445466106
      0.4354314803355745
      0.4353574319820798
      0.4352859979781246
      0.4352172741959583
       0.435151353875045
      0.4350883276150474
      0.4350282833742195
      0.4349713064725101
      0.4349174795986065
      0.4348668828200895
      0.4348195935958244
      0.4347756867896871
      0.4347352346847018
      0.4346983069966768
      0.4346649708864361
      0.4346352909697782
      0.4346093293243444
      0.4345871454926361
      0.4345687964805042
       0.434554336750514
      0.4345438182096942
      0.4345372901912867
      0.4345347994302305
      0.4345363900322349
       0.434542103436428
      0.4345519783716889
      0.4345660508069113
      0.4345843538955612
      0.4346069179150225
      0.4346337702013385
      0.4346649350800625
      0.4347004337940345
      0.4347402844289796
      0.4347845018379061
      0.4348330975653338
       0.434886079772428
       0.434943453164142
      0.4350052189194831
       0.435071374626006
      0.4351419142196167
       0.435216827930727
      0.4352961022377428
      0.4353797198287948
      0.4354676595725331
       0.435559896498705
      0.4356564017891212
      0.4357571427794921
      0.4358620829724826
       0.435971182062198
      0.4360843959701619
      0.4362016768927145
      0.4363229733595994
      0.4364482303033762
      0.4365773891391483
      0.4367103878539667
      0.4368471611051474
      0.4369876403266239
       0.437131753842358
      0.4372794269857412
      0.4374305822238513
      0.4375851392853711
      0.4377430152909349
      0.4379041248846525
      0.4380683803655572
      0.4382356918177353
      0.4384059672379352
      0.4385791126595018
      0.4387550322715498
      0.4389336285323772
      0.4391148022762145
      0.4392984528125191
      0.4394844780171487
      0.4396727744148765
      0.4398632372528539
      0.4400557605647707
      0.4402502372256115
      0.4404465589970564
      0.4406446165637221
      0.4408442995605841
      0.4410454965920605
      0.4412480952433659
      0.4414519820848685
      0.4416570426702902
      0.4418631615296868
      0.4420702221582271
      0.4422781070018515
      0.4424866974409468
       0.442695873773194
      0.4429055151967692
      0.4431154997950653
      0.4433257045240802
      0.4435360052035797
      0.4437462765130783
       0.443956391993615
      0.4441662240562049
      0.4443756439977502
      0.4445845220250788
      0.4447927272876532
      0.4450001279193611
      0.4452065910896626
      0.4454119830642282
      0.4456161692750513
       0.445819014399887
      0.4460203824507251
      0.4462201368708649
      0.4464181406400459
       0.446614256386959
      0.4468083465083597
      0.4470002732939189
      0.4471898990558529
       0.447377086262324
      0.4475616976735484
      0.4477435964795207
      0.4479226464382488
      0.4480987120134055
      0.4482716585103146
      0.4484413522092446
      0.4486076604950274
      0.4487704519820992
      0.4489295966341506
      0.4490849658776669
      0.4492364327087598
      0.4493838717928089
      0.4495271595565667
      0.4496661742725127
       0.449800796135384
      0.4499309073309535
      0.4500563920972627
      0.4501771367786548
      0.4502930298730893
      0.4504039620733367
      0.4505098263027706
      0.4506105177465762
      0.4507059338792862
      0.4507959744896212
      0.4508805417036815
      0.4509595400075697
      0.4510328762705506
      0.4511004597698547
      0.4511622022182258
       0.451218017795267
      0.4512678231835995
      0.4513115376107713
       0.451349082897766
       0.451380383514866
      0.4514053666454956
        0.45142396225855
      0.4514361031895711
      0.4514417252309772
      0.4514407672314066
      0.4514331712040611
      0.4514188824437881
      0.4513978496524639
      0.4513700250720876
      0.4513353646248435
      0.4512938280592366
      0.4512453791012777
      0.4511899856095639
      0.4511276197329948
      0.4510582580697697
      0.4509818818262369
      0.4508984769741046
      0.4508080344044899
      0.4507105500772675
       0.450606025164177
      0.4504944661841815
      0.4503758851296137
      0.4502502995817143
      0.4501177328142552
      0.4499782138840462
      0.4498317777072505
      0.4496784651205684
      0.4495183229265107
      0.4493514039221402
      0.4491777669108412
      0.4489974766968561
      0.4488106040625142
      0.4486172257282695
      0.4484174242958477
      0.4482112881749886
       0.447998911494449
      0.4477803939980964
       0.447555840927084
      0.4473253628892392
      0.4470890757169253
      0.4468471003147494
      0.4465995624985699
      0.4463465928273376
      0.4460883264293447
      0.4458249028244762
      0.4455564657440704
      0.4452831629499558
      0.4450051460542028
      0.4447225703410436
      0.4444355945923338
      0.4441443809178124
      0.4438490945912901
      0.4435499038937433
       0.443246979964139
      0.4429404966586294
      0.4426306304185829
      0.4423175601477207
      0.4420014670984343
      0.4416825347671703
      0.4413609487985638
      0.4410368968978309
      0.4407105687507328
      0.4403821559502741
       0.440051851929132
      0.4397198518966811
      0.4393863527793603
      0.4390515531630316
      0.4387156532359086
      0.4383788547305794
      0.4380413608636306
      0.4377033762713772
      0.4373651069402378
      0.4370267601303423
      0.4366885442910534
      0.4363506689671754
      0.4360133446947675
      0.4356767828856222
      0.4353411956996447
      0.4350067959045607
      0.4346737967225791
      0.4343424116638542
      0.4340128543468176
      0.4336853383056742
      0.4333600767855862
       0.433037282526305
      0.4327171675352161
      0.4323999428509891
      0.4320858182992109
      0.4317750022415707
      0.4314677013203194
      0.4311641201998675
      0.4308644613075004
      0.4305689245752731
      0.4302777071852015
      0.4299910033198975
      0.4297090039207816
      0.4294318964559721
      0.4291598646998794
      0.4288930885264269
      0.4286317437176885
      0.4283760017895717
      0.4281260298359829
      0.4278819903926984
      0.4276440413219281
       0.427412335718306
       0.427187021836774
       0.426968243042542
      0.4267561377830263
      0.4265508395813816
      0.4263524770509491
      0.4261611739296754
      0.4259770491332814
      0.4258002168257141
      0.4256307865051807
      0.4254688631038548
      0.4253145470991695
      0.4251679346344538
      0.4250291176465564
       0.424898183998021
       0.424775217611323
      0.4246602986026841
      0.4245535034129975
      0.4244549049334847
      0.4243645726237958
      0.4242825726204255
      0.4242089678334873
      0.4241438180301085
      0.4240871799029439
      0.4240391071225852
       0.423999650372918
      0.4239688573688052
        0.42394677285578
      0.4239334385917741
      0.4239288933112301
      0.4239331726722816
      0.4239463091880079
      0.4239683321430737
      0.4239992674973649
      0.4240391377784892
      0.4240879619652612
      0.4241457553644951
      0.4242125294836014
      0.4242882919016223
      0.4243730461414314
      0.4244667915458696
      0.4245695231606007
      0.4246812316264198
      0.4248019030836663
      0.4249315190912568
      0.4250700565626777
      0.4252174877210602
      0.4253737800751968
      0.4255388964180777
      0.4257127948491864
      0.4258954288214583
      0.4260867472134215
      0.4262866944266601
      0.4264952105083368
      0.4267122312981154
      0.4269376885984157
      0.4271715103665533
      0.4274136209269335
       0.427663941201116
      0.4279223889532428
      0.4281888790480222
      0.4284633237182087
      0.4287456328383041
      0.4290357142010351
       0.429333473793047
      0.4296388160661893
      0.4299516442007531
      0.4302718603570775
      0.4305993659120269
      0.4309340616770147
      0.4312758480944526
      0.4316246254097663
      0.4319802938164376
      0.4323427535718851
      0.4327119050823997
       0.433087648955776
      0.4334698860207593
      0.4338585173128973
      0.4342534440269046
      0.4346545674361504
      0.4350617887803993
      0.4354750091234436
      0.4358941291827587
       0.436319049133789
      0.4367496683919177
      0.4371858853755828
      0.4376275972543686
      0.4380746996862248
      0.4385270865482222
      0.4389846496654659
      0.4394472785429235
      0.4399148601049979
       0.440387278447685
      0.4408644146080756
      0.4413461463558369
      0.4418323480110821
      0.4423228902927613
      0.4428176402013598
      0.4433164609392649
      0.4438192118716964
      0.4443257485305637
      0.4448359226630278
       0.445349582325936
       0.445866572026634
      0.4463867329099821
      0.4469099029907064
      0.4474359174295066
      0.4479646088506378
      0.4484958076979909
      0.4490293426260201
      0.4495650409212222
      0.4501027289492652
      0.4506422326223075
      0.4511833778805411
      0.4517259911815575
      0.4522698999907621
      0.4528149332657669
      0.4533609219274891
      0.4539076993105441
      0.4544551015854985
      0.4550029681455917
      0.4555511419506951
      0.4560994698215071
      0.4566478026773255
      0.4571959957111542
      0.4577439084964132
      0.4582914050201132
      0.4588383536380216
      0.4593846269480849
      0.4599301015791775
      0.4604746578930954
      0.4610181795986253
      0.4615605532774465
      0.4621016678225983
      0.4626414137912173
      0.4631796826742404
      0.4637163660867398
      0.4642513548835268
      0.4647845382055818
      0.4653158024637687
      0.4658450302671239
      0.4663720993037973
      0.4668968811834239
      0.4674192402503366
      0.4679390323775714
       0.468456103752057
      0.4689702896617263
       0.469481413295522
