                       0
   1.472265517478168e-05
   5.957282571923553e-05
   0.0001359027759021253
   0.0002450009498413773
   0.0003880896218619932
   0.0005663227513506865
   0.0007807840478679497
    0.001032485251540858
    0.001322364633053515
    0.001651285716818892
    0.002020036230159769
     0.00242932728055148
    0.002879792762188752
    0.003371988992336859
    0.003906394577116962
    0.004483410505560459
    0.005103360469950776
    0.005766491409656596
    0.006472974274851653
    0.007222905005715817
    0.008016305721923992
    0.008853126116456158
    0.009733245047007436
      0.0106564723175438
     0.01162255064184158
     0.01263115778016774
      0.0136819088396098
     0.01477435872794823
     0.01590800475038716
     0.01708228933792013
     0.01829660289561261
      0.0195502867586345
     0.02084263624347192
     0.02217290378139994
     0.02354030212099788
      0.0249440075862494
     0.02638316337658395
     0.02785688289509324
     0.02936425309109386
     0.03090433780320772
     0.03247618108919852
     0.03407881052893309
     0.03571124048703604
     0.03737247532207127
     0.03906151252941725
     0.04077734580540471
     0.04251896802075255
      0.0442853740918728
     0.04607556373921329
     0.04788854412246941
     0.04972333234321806
     0.05157895780630731
     0.05345446443216852
     0.05534891271310404
     0.05726138160753199
     0.05919097026714113
     0.06113679959291576
      0.0630980136170234
     0.06507378070861569
     0.06706329460266479
     0.06906577525203457
     0.07108046950406463
     0.07310665160401329
     0.07514362352875403
     0.07719071515514611
     0.07924728426848426
      0.0813127164173771
     0.08338642462229383
     0.08546784894584447
     0.08755645593361867
     0.08965173793508917
     0.09175321231468035
     0.09386042056361198
     0.09597292732353396
     0.09809031933328541
      0.1002122043103128
      0.1023382097783882
      0.1044679818532643
      0.1066011839977929
      0.1087374957578242
       0.110876611489882
      0.1130182390912108
       0.115162098742275
      0.1173079216712134
      0.1194554489490828
      0.1216044303239884
      0.1237546231014096
      0.1259057910771867
      0.1280577035287473
      0.1302101342692492
      0.1323628607683872
      0.1345156633426771
      0.1366683244171145
       0.138820627859189
      0.1409723583853595
      0.1431233010392512
      0.1452732407400417
      0.1474219618987596
      0.1495692480995427
      0.1517148818422936
       0.153858644342637
      0.1560003153846256
      0.1581396732212693
      0.1602764945176723
      0.1624105543313593
       0.164541626124246
      0.1666694818006799
      0.1687938917660116
      0.1709146250002813
      0.1730314491417944
      0.1751441305756211
      0.1772524345223733
      0.1793561251229871
      0.1814549655156641
      0.1835487179015844
      0.1856371435964988
      0.1877200030658295
       0.189797055941442
      0.1918680610187934
      0.1939327762337059
      0.1959909586185534
      0.1980423642381639
      0.2000867481062442
      0.2021238640836037
      0.2041534647598845
      0.2061753013209111
      0.2081891234041139
      0.2101946789447928
      0.2121917140162347
      0.2141799726668988
      0.2161591967580242
      0.2181291258051029
      0.2200894968266884
      0.2220400442039861
      0.2239804995545927
      0.2259105916236125
      0.2278300461952121
      0.2297385860274301
      0.2316359308128046
      0.2335217971670698
      0.2353958986478359
       0.237257945804803
      0.2391076462626784
       0.240944704837555
      0.2427688236871168
       0.244579702494601
      0.2463770386860544
      0.2481605276800057
      0.2499298631682866
      0.2516847374263655
      0.2534248416512042
      0.2551498663243252
      0.2568595015974924
      0.2585534376981414
      0.2602313653514906
      0.2618929762160775
      0.2635379633293302
      0.2651660215596898
      0.2667768480617609
      0.2683701427309431
      0.2699456086540529
      0.2715029525525151
      0.2730418852148194
      0.2745621219151146
      0.2760633828149782
       0.277545393345662
      0.2790078845683304
      0.2804505935101324
       0.281873263474213
      0.2832756443221208
      0.2846574927273851
      0.2860185723993922
      0.2873586542770263
      0.2886775166918996
       0.289974945501334
      0.2912507341915959
      0.2925046839522057
      0.2937366037224542
      0.2949463102115391
      0.2961336278940088
      0.2972983889824262
      0.2984404333793876
      0.2995596086111992
      0.3006557697456685
      0.3017287792965779
      0.3027785071174869
       0.303804830287549
      0.3048076329920544
      0.3057868064003552
      0.3067422485438082
      0.3076738641962508
      0.3085815647594204
      0.3094652681555816
       0.310324898729439
      0.3111603871612363
      0.3119716703927133
      0.3127586915673624
      0.3135213999861917
       0.314259751079933
      0.3149737063983853
      0.3156632336173145
      0.3163283065630715
      0.3169689052548363
      0.3175850159641412
      0.3181766312911012
      0.3187437502565397
       0.319286378409014
      0.3198045279455355
      0.3202982178446365
      0.3207674740102819
      0.3212123294250151
      0.3216328243106308
      0.3220290062946183
      0.3224009305805683
      0.3227486601207366
      0.3230722657889786
       0.323371826552305
      0.3236474296393853
      0.3238991707044123
      0.3241271539848594
      0.3243314924517895
       0.324512307951527
      0.3246697313376677
      0.3248039025925744
       0.324914970937691
      0.3250030949321926
        0.32506844255969
      0.3251111913028856
      0.3251315282062718
      0.3251296499271458
      0.3251057627753716
      0.3250600827425026
      0.3249928355209972
      0.3249042565144045
      0.3247945908394971
      0.3246640933214186
      0.3245130284829782
      0.3243416705292688
      0.3241503033288004
      0.3239392203923407
      0.3237087248506143
      0.3234591294319735
       0.323190756441059
      0.3229039377393879
      0.3225990147286645
      0.3222763383374934
      0.3219362690119961
      0.3215791767106781
      0.3212054409036934
      0.3208154505764721
      0.3204096042374733
      0.3199883099296039
      0.3195519852446683
       0.319101057339979
      0.3186359629560768
      0.3181571484343179
      0.3176650697328905
      0.3171601924396821
      0.3166429917802445
      0.3161139526189934
      0.3155735694516567
      0.3150223463869117
      0.3144607971150797
      0.3138894448617243
      0.3133088223239864
      0.3127194715875076
        0.31212194402185
      0.3115168001523996
      0.3109046095068284
      0.3102859504343513
      0.3096614098961443
      0.3090315832254884
      0.3083970738564014
      0.3077584930197433
      0.3071164594060237
      0.3064715987943958
       0.305824543647582
      0.3051759326727593
       0.304526410348711
      0.3038766264198281
      0.3032272353578337
      0.3025788957923672
      0.3019322699118412
      0.3012880228362373
      0.3006468219637377
       0.300009336293324
      0.2993762357256614
      0.2987481903447766
      0.2981258696831777
      0.2975099419731925
      0.2969010733874037
      0.2962999272711036
      0.2957071633697604
      0.2951234370544425
      0.2945493985481744
      0.2939856921560982
      0.2934329555022487
      0.2928918187756369
      0.2923629039881895
      0.2918468242469466
      0.2913441830427189
      0.2908555735572254
      0.2903815779905203
      0.2899227669102773
      0.2894796986242983
      0.2890529185773643
      0.2886429587733241
      0.2882503372230875
      0.2878755574189751
      0.2875191078356775
      0.2871814614578688
      0.2868630753343737
      0.2865643901586069
      0.2862858298748929
      0.2860278013101642
      0.2857906938304481
      0.2855748790215052
      0.2853807103929498
      0.2852085231051761
      0.2850586337184448
      0.2849313399635112
      0.2848269205332557
      0.2847456348948615
      0.2846877231221627
      0.2846534057479305
      0.2846428836359622
      0.2846563378729719
       0.284693929680424
      0.2847558003465541
      0.2848420711789799
      0.2849528434783828
       0.285088198533873
       0.285248197640719
      0.2854328821412034
      0.2856422734894061
      0.2858763733407457
      0.2861351636671116
      0.2864186068983905
      0.2867266460911464
      0.2870592051251326
      0.2874161889282104
      0.2877974837301354
      0.2882029573455068
       0.288632459486022
      0.2890858221019819
      0.2895628597528026
      0.2900633700060525
       0.290587133864353
      0.2911339162192069
      0.2917034663306337
      0.2922955183312449
      0.2929097917531786
      0.2935459920761201
       0.294203811294427
      0.2948829285012146
      0.2955830104871033
      0.2963037123511938
       0.297044678121741
      0.2978055413839068
      0.2985859259119406
      0.2993854463030989
      0.3002037086106411
      0.3010403109732667
        0.30189484423844
      0.3027668925771389
      0.3036560340876848
      0.3045618413864759
      0.3054838821835985
      0.3064217198415002
      0.3073749139151014
      0.3083430206719641
      0.3093255935913524
      0.3103221838412759
      0.3113323407328441
      0.3123556121515148
      0.3133915449650526
      0.3144396854082691
      0.3154995794448258
      0.3165707731066209
      0.3176528128114576
      0.3187452456599056
      0.3198476197124118
      0.3209594842478701
      0.3220803900049864
      0.3232098894078644
      0.3243475367773192
      0.3254928885294694
       0.326645503363188
      0.3278049424379858
      0.3289707695438752
      0.3301425512647244
      0.3313198571365223
      0.3325022598019113
      0.3336893351622066
      0.3348806625280216
      0.3360758247694652
      0.3372744084667303
       0.338476004061739
      0.3396802060113389
      0.3408866129423734
      0.3420948278087962
      0.3433044580508052
      0.3445151157558414
      0.3457264178211018
      0.3469379861171115
      0.3481494476517268
       0.349360434733841
      0.3505705851359498
      0.3517795422546337
      0.3529869552679578
      0.3541924792887168
      0.3553957755124256
      0.3565965113589336
      0.3577943606065481
      0.3589890035175708
      0.3601801269541867
       0.361367424483707
      0.3625505964722455
      0.3637293501659907
      0.3649033997593387
      0.3660724664492792
      0.3672362784755384
      0.3683945711461356
      0.3695470868481298
      0.3706935750435036
      0.3718337922502538
       0.372967502008935
      0.3740944748350202
      0.3752144881576018
      0.3763273262450906
      0.3774327801186859
      0.3785306474545218
      0.3796207324754942
      0.3807028458338496
      0.3817768044857386
      0.3828424315589345
      0.3838995562150317
      0.3849480135074225
      0.3859876442363783
      0.3870182948025612
      0.3880398170602698
      0.3890520681716768
      0.3900549104632791
      0.3910482112856959
      0.3920318428778851
      0.3930056822367403
      0.3939696109929395
      0.3949235152937859
      0.3958672856936812
      0.3968008170527199
      0.3977240084437788
       0.398636763068338
      0.3995389881811265
      0.4004305950235724
      0.4013114987658845
      0.4021816184574978
      0.4030408769854699
      0.4038892010403305
      0.4047265210887866
      0.4055527713525845
      0.4063678897927779
       0.407171818098586
       0.407964501679966
      0.4087458896630224
      0.4095159348873333
      0.4102745939042913
      0.4110218269755618
      0.4117575980707985
      0.4124818748637882
      0.4131946287262634
      0.4138958347186826
      0.4145854715773561
      0.4152635216973865
      0.4159299711109822
      0.4165848094608122
      0.4172280299681683
      0.4178596293958124
      0.4184796080055056
       0.419087969510303
      0.4196847210218396
      0.4202698729928843
      0.4208434391556081
      0.4214054364560165
      0.4219558849851573
      0.4224948079077288
      0.4230222313887984
      0.4235381845193874
      0.4240426992417104
      0.4245358102748736
      0.4250175550418465
      0.4254879735985258
       0.425947108565672
       0.426395005064478
      0.4268317106564732
      0.4272572752884235
      0.4276717512427876
      0.4280751930942487
      0.4284676576727051
      0.4288492040330515
      0.4292198934319382
      0.4295797893116167
      0.4299289572908461
      0.4302674651627409
      0.4305953828993196
      0.4309127826623872
      0.4312197388203157
      0.4315163279701555
      0.4318026289644211
      0.4320787229418311
      0.4323446933611702
      0.4326006260374217
      0.4328466091792397
      0.4330827334267883
       0.433309091888972
      0.4335257801790698
       0.433732896447763
      0.4339305414125989
      0.4341188183829478
      0.4342978332795676
      0.4344676946479401
      0.4346285136646275
       0.434780404135983
      0.4349234824886277
      0.4350578677512303
      0.4351836815272348
      0.4353010479582772
      0.4354100936781886
      0.4355109477575715
      0.4356037416390938
      0.4356886090637294
      0.4357656859883403
      0.4358351104950663
      0.4358970226931347
      0.4359515646137739
      0.4359988800990267
      0.4360391146853225
      0.4360724154827617
      0.4360989310510784
      0.4361188112733402
      0.4361322072284192
      0.4361392710633202
      0.4361401558664239
      0.4361350155426877
      0.4361240046918191
      0.4361072784903888
      0.4360849925787617
      0.4360573029536979
      0.4360243658673354
      0.4359863377332011
      0.4359433750397846
       0.435895634272083
      0.4358432718414167
      0.4357864440236885
      0.4357253069061253
      0.4356600163424312
      0.4355907279161341
      0.4355175969118004
      0.4354407782936865
      0.4353604266912517
      0.4352766963908986
      0.4351897413331864
       0.435099715114702
      0.4350067709936924
       0.434911061898527
      0.4348127404380153
      0.4347119589125666
      0.4346088693251971
      0.4345036233913849
      0.4343963725467954
      0.4342872679519409
      0.4341764604928989
      0.4340641007772646
       0.433950339124605
      0.4338353255507675
      0.4337192097455022
      0.4336021410429429
      0.4334842683846489
      0.4333657402749772
      0.4332467047287232
      0.4331273092110631
      0.4330077005699633
       0.432888024961351
      0.4327684277674208
      0.4326490535086188
      0.4325300457498807
      0.4324115470018416
      0.4322936986177872
      0.4321766406871875
      0.4320605119267169
      0.4319454495696848
      0.4318315892548476
      0.4317190649155577
      0.4316080086702186
      0.4314985507149753
      0.4313908192195413
      0.4312849402270149
      0.4311810375584642
       0.431079232722977
      0.4309796448338019
       0.430882390531092
      0.4307875839116568
      0.4306953364660267
      0.4306057570229961
      0.4305189517017078
      0.4304350238712229
       0.430354074117368
      0.4302762002165897
      0.4302014971163776
      0.4301300569217558
      0.4300619688872323
      0.4299973194134942
      0.4299361920481012
      0.4298786674893399
      0.4298248235923657
      0.4297747353767333
      0.4297284750343986
      0.4296861119372762
      0.4296477126434596
      0.4296133409012372
      0.4295830576500982
      0.4295569210179668
      0.4295349863140067
      0.4295173060164136
      0.4295039297547117
      0.4294949042861866
      0.4294902734662214
      0.4294900782123964
      0.4294943564623724
      0.4295031431256918
      0.4295164700297732
      0.4295343658604872
      0.4295568560978628
      0.4295839629475382
      0.4296157052687279
       0.429652098499557
      0.4296931545806906
      0.4297388818782911
      0.4297892851073631
      0.4298443652566087
      0.4299041195159329
       0.429968541207764
      0.4300376197233223
       0.430111340464964
      0.4301896847956768
      0.4302726299967407
      0.4303601492345042
      0.4304522115371144
      0.4305487817819591
      0.4306498206944359
      0.4307552848585634
      0.4308651267397914
      0.4309792947202288
      0.4310977331463747
      0.4312203823892698
      0.4313471789168429
      0.4314780553780879
      0.4316129406985448
      0.4317517601864468
      0.4318944356487438
      0.4320408855161071
      0.4321910249759248
      0.4323447661121811
      0.4325020180510717
      0.4326626871111084
      0.4328266769564732
      0.4329938887523109
      0.4331642213206799
      0.4333375712958795
      0.4335138332779064
       0.433692899982843
      0.4338746623890546
      0.4340590098781393
      0.4342458303696918
      0.4344350104490394
      0.4346264354872362
       0.434819989752733
      0.4350155565142779
      0.4352130181347557
      0.4354122561558107
      0.4356131513732492
      0.4358155839033812
      0.4360194332405758
      0.4362245783064762
       0.436430897491419
      0.4366382686887484
      0.4368465693228099
      0.4370556763715026
      0.4372654663843664
      0.4374758154972123
      0.4376865994443929
       0.437897693569799
      0.4381089728377112
      0.4383203118446045
      0.4385315848329979
      0.4387426657083854
      0.4389534280602296
      0.4391637451879212
      0.4393734901325235
      0.4395825357150087
      0.4397907545815788
      0.4399980192565445
      0.4402042022030964
      0.4404091758921617
       0.440612812879407
      0.4408149858902882
      0.4410155679129213
      0.4412144322984052
      0.4414114528680745
      0.4416065040270665
      0.4417994608834421
      0.4419901993720068
      0.4421785963818849
      0.4423645298868267
      0.4425478790771487
      0.4427285244921914
      0.4429063481521281
      0.4430812336879556
      0.4432530664685151
      0.4434217337234119
      0.4435871246607483
      0.4437491305786527
      0.4439076449696582
      0.4440625636170852
      0.4442137846826961
      0.4443612087849863
      0.4445047390676418
      0.4446442812577959
      0.4447797437138913
      0.4449110374630795
      0.4450380762282621
      0.4451607764449991
      0.4452790572686887
      0.4453928405725304
      0.4455020509369459
      0.4456066156312351
      0.4457064645883594
       0.445801530373856
      0.4458917481499509
      0.4459770556360201
       0.446057393066588
      0.4461327031480878
      0.4462029310156083
      0.4462680241908762
      0.4463279325426439
      0.4463826082506576
      0.4464320057742824
      0.4464760818267915
      0.4465147953562321
      0.4465481075336509
      0.4465759817493539
      0.4465983836177284
       0.446615280990999
      0.4466266439821507
      0.4466324449970834
      0.4466326587758971
      0.4466272624430562
       0.446616235566008
      0.4465995602216885
       0.446577221070193
      0.4465492054347636
      0.4465155033871056
      0.4464761078369435
      0.4464310146246396
      0.4463802226156067
      0.4463237337951855
      0.4462615533626508
      0.4461936898229486
      0.4461201550747951
      0.4460409644938014
      0.4459561370093042
      0.4458656951736746
      0.4457696652229504
       0.445668077127757
      0.4455609646335679
      0.4454483652895453
      0.4453303204653073
      0.4452068753551516
      0.4450780789694328
      0.4449439841129728
       0.444804647350546
      0.4446601289597016
      0.4445104928713158
      0.4443558065984905
      0.4441961411545557
      0.4440315709610971
      0.4438621737470927
      0.4436880304403483
       0.443509225052561
      0.4433258445594284
      0.4431379787772873
      0.4429457202378412
      0.4427491640625391
      0.4425484078382084
      0.4423435514955005
      0.4421346971916768
      0.4419219491992057
       0.441705413801544
      0.4414851991973711
      0.4412614154144087
      0.4410341742338252
      0.4408035891260353
      0.4405697751985534
      0.4403328491563356
      0.4400929292748741
      0.4398501353860818
      0.4396045888768054
      0.4393564126995812
      0.4391057313950636
      0.4388526711253257
      0.4385973597170832
      0.4383399267136524
      0.4380805034343631
      0.4378192230399353
      0.4375562206022588
      0.4372916331768648
      0.4370255998763352
      0.4367582619428297
      0.4364897628178838
      0.4362202482076307
       0.435949866141641
      0.4356787670236096
       0.435407103672234
      0.4351350313506951
      0.4348627077833333
      0.4345902931582223
      0.4343179501145677
      0.4340458437139944
      0.4337741413950647
      0.4335030129105318
      0.4332326302470954
      0.4329631675276624
      0.4326948008963387
      0.4324277083866345
      0.4321620697735706
      0.4318980664106347
      0.4316358810526953
      0.4313756976662252
      0.4311177012283274
      0.4308620775162184
      0.4306090128889591
      0.4303586940633229
      0.4301113078857461
      0.4298670411023818
       0.429626080129258
      0.4293886108245459
      0.4291548182648763
      0.4289248865275688
      0.4286989984805371
      0.4284773355814668
      0.4282600776877268
      0.4280474028782643
       0.427839487288534
      0.4276365049592784
      0.4274386276997295
      0.4272460249655586
      0.4270588637516322
      0.4268773084993684
      0.4267015210182367
      0.4265316604206802
      0.4263678830694998
      0.4262103425365149
      0.4260591895710948
      0.4259145720769782
      0.4257766350956312
      0.4256455207942652
      0.4255213684565316
      0.4254043144738395
      0.4252944923352344
      0.4251920326137448
      0.4250970629471835
      0.4250097080114327
      0.4249300894844096
       0.424858325998993
      0.4247945330834506
      0.4247388230880585
      0.4246913050968955
      0.4246520848240296
      0.4246212644936334
      0.4245989427038417
      0.4245852142745071
      0.4245801700793136
      0.4245838968630505
       0.424596477045155
      0.4246179885109576
      0.4246485043923479
      0.4246880928398851
      0.4247368167885888
      0.4247947337199244
      0.4248618954226401
      0.4249383477552997
      0.4250241304134764
      0.4251192767045994
      0.4252238133335503
      0.4253377602020023
      0.4254611302245027
      0.4255939291641445
      0.4257361554905262
      0.4258878002625053
      0.4260488470380014
      0.4262192718128018
      0.4263990429900505
      0.4265881213816867
      0.4267864602427874
      0.4269940053393117
       0.427210695049372
      0.4274364604977173
      0.4276712257226793
      0.4279149078744157
      0.4281674174428844
      0.4284286585135572
      0.4286985290485224
      0.4289769211902748
      0.4292637215851832
      0.4295588117233303
      0.4298620682912313
      0.4301733635336913
      0.4304925656210019
      0.4308195390175424
      0.4311541448478624
      0.4314962412563422
      0.4318456837566314
      0.4322023255672081
       0.432566017929606
      0.4329366104061234
      0.4333139511541182
      0.4336978871743738
      0.4340882645313838
      0.4344849285438562
      0.4348877239441996
      0.4352964950062165
      0.4357110856407673
      0.4361313394596363
      0.4365570998083848
      0.4369882097694599
       0.437424512137335
      0.4378658493679147
      0.4383120635049256
      0.4387629960863693
      0.4392184880345323
      0.4396783795333449
      0.4401425098971559
      0.4406107174352057
      0.4410828393162219
       0.441558711437637
       0.442038168303964
       0.442521042918784
      0.4430071666946758
      0.4434963693852407
      0.4439884790430762
      0.4444833220072497
      0.4449807229233926
      0.4454805047991252
      0.4459824890969473
      0.4464864958662493
      0.4469923439154281
      0.4474998510244984
      0.4480088341979367
      0.4485191099567807
       0.449030494668371
      0.4495428049113936
      0.4500558578732399
      0.4505694717760357
      0.4510834663270534
      0.4515976631886554
      0.4521118864623439
      0.4526259631810363
      0.4531397238032273
      0.4536530027023603
      0.4541656386444315
      0.4546774752466589
      0.4551883614099081
      0.4556981517175577
       0.456206706793527
      0.4567138936123313
      0.4572195857542989
      0.4577236635993747
      0.4582260144533961
      0.4587265326011924
      0.4592251192814866
       0.459721682579207
      0.4602161372315726
      0.4607084043451116
      0.4611984110216239
      0.4616860898919952
      0.4621713785577303
      0.4626542189410089
      0.4631345565450845
      0.4636123396278242
      0.4640875182921611
      0.4645600434982399
       0.465029866002941
      0.4654969352333995
      0.4659611981019895
      0.4664225977710366
      0.4668810723762554
       0.467336553718563
      0.4677889659344638
      0.4682382241557048
      0.4686842331692222
      0.4691268860886952
