                       0
   4.996626666666525e-05
   0.0001997269431941531
   0.0004490676792340925
   0.0007977646046844331
    0.001245584370907061
    0.001792284192556544
    0.002437611889829301
    0.003181305930891398
    0.004023095474192882
    0.004962700410327745
    0.005999831403050726
    0.007134189929015645
    0.008365468315755248
    0.009693349777379068
     0.01111750844742393
     0.01263760940825233
     0.01425330871635525
     0.01596425342288024
     0.01777008158867153
     0.01967042229307651
     0.02166489563574336
     0.02375311273060754
     0.02593467569123757
     0.02820917760668978
       0.030576202506999
     0.03303532531741479
     0.03558611180047641
     0.03822811848500592
     0.04096089258108877
     0.04378397188010053
     0.04669688463883447
     0.04969914944678005
     0.05279027507560111
     0.05596976030986497
     0.05923709375807744
     0.06259175364308582
     0.06603320757092225
     0.06956091227717069
     0.07317431334995861
      0.0768728449286918
     0.08065592937767049
     0.08452297693375405
     0.08847338532726405
     0.09250653937535083
      0.0966218105470822
      0.1008185564995511
      0.1050961205843404
      0.1094538313237342
      0.1138910018561068
      0.1184069293499852
      0.1230008943863322
      0.1276721603086664
      0.1324199725407032
      0.1372435578712752
      0.1421421237063675
      0.1471148572881953
       0.152160924881337
      0.1572794709260349
      0.1624696171588815
      0.1677304617012165
      0.1730610781156796
      0.1784605144314911
      0.1839277921391527
      0.1894619051554167
      0.1950618187595026
      0.2007264685017026
      0.2064547590856781
      0.2122455632259187
      0.2180977204820095
      0.2240100360715437
      0.2299812796637018
      0.2360101841557314
       0.242095444434757
      0.2482357161275699
      0.2544296143412748
      0.2606757123978857
      0.2669725405662079
       0.273318584794588
      0.2797122854483293
      0.2861520360558606
      0.2926361820679588
      0.2991630196346001
       0.305730794404267
       0.312337700350778
      0.3189818786329751
      0.3256614164928449
      0.3323743461978948
       0.339118644033837
      0.3458922293538688
       0.352692963691059
      0.3595186499405431
       0.366367031618431
      0.3732357922044997
      0.3801225545759058
      0.3870248805392636
      0.3939402704685732
      0.4008661630565197
      0.4077999351867573
      0.4147389019347713
       0.421680316704908
      0.4286213715110941
       0.435559197408667
      0.4424908650845896
      0.4494133856131283
      0.4563237113838246
      0.4632187372083039
      0.4700953016120928
      0.4769501883172381
      0.4837801279210309
      0.4905817997756252
      0.4973518340727626
      0.5040868141371513
      0.5107832789313779
      0.5174377257744278
      0.5240466132750989
      0.5306063644807046
      0.5371133702405413
      0.5435639927825878
      0.5499545695009068
      0.5562814169501413
      0.5625408350423662
       0.568729111440442
      0.5748425261408584
      0.5808773562378321
      0.5868298808592929
       0.592696386264136
      0.5984731710889958
      0.6041565517315767
      0.6097428678564676
      0.6152284880082585
       0.620609815315727
      0.6258832932698608
      0.6310454115575572
      0.6360927119320143
      0.6410217941000483
       0.645829321605938
      0.6505120276908313
      0.6550667211063509
      0.6594902918606983
      0.6637797168754169
      0.6679320655309217
      0.6719445050790293
      0.6758143059009643
      0.6795388465897233
      0.6831156188362519
       0.686542232099549
      0.6898164180416806
      0.6929360347096587
      0.6958990704472604
      0.6987036475210723
      0.7013480254464461
      0.7038306040004645
        0.70614992591062
      0.7083046792095052
      0.7102936992475307
      0.7121159703574679
      0.7137706271663684
       0.715256955552271
      0.7165743932448884
      0.7177225300713233
      0.7187011078496067
       0.719510019934631
      0.7201493104227077
      0.7206191730226288
      0.7209199496026123
      0.7210521284239644
      0.7210163420736213
      0.7208133651089318
      0.7204441114291529
      0.7199096313890617
      0.7192111086709237
      0.7183498569317397
      0.7173273162432361
      0.7161450493424595
       0.714804737711118
      0.7133081775019339
      0.7116572753302648
      0.7098540439491619
      0.7079005978257534
      0.7057991486365321
       0.703552000698658
      0.7011615463538524
      0.6986302613208519
      0.6959607000317178
      0.6931554909664965
      0.6902173320000142
       0.687148985773692
      0.6839532751044255
      0.6806330784417176
      0.6771913253833417
       0.673630992258921
      0.6699550977899642
      0.6661666988339839
      0.6622688862195272
      0.6582647806781023
      0.6541575288782012
      0.6499502995659041
      0.6456462798157765
      0.6412486713951793
      0.6367606872444225
      0.6321855480746599
      0.6275264790848505
      0.6227867067986587
      0.6179694560216817
      0.6130779469190195
      0.6081153922128284
      0.6030849944991633
      0.5979899436831603
      0.5928334145313212
      0.5876185643394866
      0.5823485307148472
      0.5770264294702242
      0.5716553526286956
      0.5662383665365284
      0.5607785100822722
      0.5552787930198353
       0.549742194393242
      0.5441716610607665
      0.5385701063160773
      0.5329404086040143
       0.527285410328569
      0.5216079167506628
      0.5159106949732778
      0.5101964730115041
      0.5044679389450569
      0.4987277401508177
      0.4929784826129664
      0.4872227303082612
      0.4814630046640219
      0.4757017840864077
       0.469941503556547
      0.4641845542921137
      0.4584332834719369
      0.4526899940212425
      0.4469569444551374
      0.4412363487779504
      0.4355303764360641
       0.429841152321876
      0.4241707568265509
      0.4185212259392329
      0.4128945513904128
      0.4072926808371559
      0.4017175180879359
      0.3961709233648221
      0.3906547136008167
      0.3851706627701507
      0.3797205022493939
      0.3743059212072589
      0.3689285670210263
       0.363590045717549
      0.3582919224368413
       0.353035721916306
      0.3478229289936947
      0.3426549891269522
      0.3375333089291402
      0.3324592567166967
      0.3274341630693384
      0.3224593213999705
      0.3175359885330292
       0.312665385289739
      0.3078486970788268
      0.3030870744913001
      0.2983816338979513
      0.2937334580483203
      0.2891435966699026
      0.2846130670664564
      0.2801428547143178
      0.2757339138557121
      0.2713871680880807
      0.2671035109485322
      0.2628838064925683
      0.2587288898662959
      0.2546395678714031
      0.2506166195222162
       0.246660796594221
      0.2427728241634847
      0.2389534011364569
      0.2352032007696841
      0.2315228711790194
      0.2279130358379503
      0.2243742940647191
      0.2209072214979419
      0.2175123705604828
      0.2141902709113687
      0.2109414298855747
      0.2077663329215328
      0.2046654439762639
      0.2016392059280471
      0.1986880409665795
      0.1958123509706033
      0.1930125178729959
       0.190288904013351
      0.1876418524780897
      0.1850716874281638
      0.1825787144144324
      0.1801632206808049
      0.1778254754552572
      0.1755657302288442
      0.1733842190228364
      0.1712811586441241
      0.1692567489290333
      0.1673111729757127
      0.1654445973652473
      0.1636571723716658
      0.1619490321610062
      0.1603202949796083
      0.1587710633318069
      0.1573014241471904
      0.1559114489375961
      0.1546011939440082
      0.1533707002735257
      0.1522199940265597
      0.1511490864144199
      0.1501579738674454
      0.1492466381338257
      0.1484150463692657
      0.1476631512176245
      0.1469908908826719
      0.1463981891910881
      0.1458849556468314
      0.1454510854769921
      0.1450964596692504
      0.1448209450010402
      0.1446243940605299
      0.1445066452595115
      0.1444675228382995
      0.1445068368627253
      0.1446243832133189
      0.1448199435667579
      0.1450932853696724
      0.1454441618048804
      0.1458723117501376
      0.1463774597294843
      0.1469593158572649
      0.1476175757749079
      0.1483519205805518
       0.149162016751606
      0.1500475160603419
      0.1510080554826179
      0.1520432570998431
      0.1531527279943012
      0.1543360601379581
      0.1555928302748951
       0.156922599797516
      0.1583249146166967
      0.1597993050260536
      0.1613452855605312
      0.1629623548495261
      0.1646499954647793
      0.1664076737632978
      0.1682348397255836
      0.1701309267894785
      0.1720953516799494
      0.1741275142351778
      0.1762267972293405
      0.1783925661924978
        0.18062416922804
      0.1829209368281755
      0.1852821816879789
      0.1877071985185552
      0.1901952638599051
      0.1927456358941307
      0.1953575542596417
      0.1980302398670774
      0.2007628947176898
       0.203554701724984
      0.2064048245404467
        0.20931240738424
      0.2122765748817806
       0.215296431907162
      0.2183710634344244
       0.221499534397718
      0.2246808895614412
      0.2279141534014823
        0.23119832999872
      0.2345324029459896
       0.237915335269737
      0.2413460693676344
      0.2448235269634416
      0.2483466090804355
       0.251914196034749
      0.2555251474499669
      0.2591783022943618
      0.2628724789421399
      0.2666064752600845
      0.2703790687209673
      0.2741890165451063
      0.2780350558714133
      0.2819159039592678
      0.2858302584225111
       0.289776797496822
      0.2937541803416797
      0.2977610473780703
      0.3017960206630284
      0.3058577043020131
      0.3099446849000574
      0.3140555320525025
      0.3181887988760571
      0.3223430225807677
      0.3265167250833834
      0.3307084136624544
      0.3349165816553382
      0.3391397091971478
       0.343376264001495
      0.3476247021826952
      0.3518834691189228
       0.356151000355594
      0.3604257225480555
      0.3647060544424336
      0.3689904078932761
      0.3732771889164026
      0.3775647987751256
      0.3818516350977867
      0.3861360930243024
      0.3904165663791762
      0.3946914488682065
      0.3989591352958667
      0.4032180228001186
      0.4074665121011888
      0.4117030087606289
      0.4159259244467718
      0.4201336782025045
      0.4243246977111081
      0.4284974205557575
      0.4326502954681259
      0.4367817835614379
      0.4408903595432077
      0.4449745129028457
      0.4490327490692848
      0.4530635905337397
      0.4570655779327922
      0.4610372710869977
       0.464977249990341
      0.4688841157459989
      0.4727564914440116
      0.4765930229766968
      0.4803923797878696
      0.4841532555522308
      0.4878743687815812
      0.4915544633549073
      0.4951923089697663
      0.4987867015128057
      0.5023364633477551
      0.5058404435196836
      0.5092975178748551
      0.5127065890960461
      0.5160665866537546
      0.5193764666743181
      0.5226352117265316
      0.5258418305289853
      0.5289953575809069
      0.5320948527199383
      0.5351394006108172
      0.5381281101695709
      0.5410601139283405
      0.5439345673465157
      0.5467506480743796
      0.5495075551759004
      0.5522045083177588
      0.5548407469321044
      0.5574155293608207
      0.5599281319894106
      0.5623778483787967
      0.5647639884035209
       0.567085877404893
      0.5693428553676758
      0.5715342761288673
      0.5736595066269845
      0.5757179262001025
      0.5777089259406354
      0.5796319081144924
      0.5814862856518769
      0.5832714817165228
      0.5849869293596109
      0.5866320712640555
      0.5882063595841852
      0.5897092558851532
      0.5911402311856903
      0.5924987661070008
      0.5937843511298397
      0.5949964869609565
      0.5961346850092134
       0.597198467970886
       0.598187370522731
      0.5991009401205896
      0.5999387379004306
       0.600700339677923
      0.6013853370418152
      0.6019933385356633
      0.6025239709217025
      0.6029768805200049
      0.6033517346154345
       0.603648222924357
      0.6038660591125566
      0.6040049823553963
      0.6040647589308836
      0.6040451838360268
      0.6039460824166486
       0.603767312000691
      0.6035087635249843
      0.6031703631454641
       0.602752073820924
      0.6022538968605204
      0.6016758734255168
      0.6010180859760319
      0.6002806596539048
      0.5994637635932449
      0.5985676121506704
      0.5975924660477944
      0.5965386334190612
      0.5954064707586438
      0.5941963837607758
      0.5929088280485141
      0.5915443097866436
      0.5901033861751329
      0.5885866658202279
      0.5869948089810237
      0.5853285276900296
      0.5835885857469582
      0.5817757985856462
       0.579891033014704
      0.5779352068330995
      0.5759092883225522
      0.5738142956191602
      0.5716512959672626
      0.5694214048590742
       0.567125785064072
      0.5647656455525989
      0.5623422403185416
       0.559856867106286
      0.5573108660474712
      0.5547056182133666
      0.5520425440888832
      0.5493231019744492
      0.5465487863221122
      0.5437211260123277
      0.5408416825779737
      0.5379120483821389
      0.5349338447562266
      0.5319087201048794
      0.5288383479841376
      0.5257244251591329
      0.5225686696475061
      0.5193728187545289
      0.5161386271057824
      0.5128678646829856
      0.5095623148683597
      0.5062237725026867
      0.5028540419619429
      0.4994549352571314
      0.4960282701616596
      0.4925758683703215
      0.4890995536936694
      0.4856011502912377
      0.4820824809468306
      0.4785453653887557
      0.4749916186576193
      0.4714230495239994
      0.4678414589580397
      0.4642486386527253
      0.4606463696023423
      0.4570364207373497
      0.4534205476166508
      0.4498004911780112
      0.4461779765471329
      0.4425547119056784
      0.4389323874183237
      0.4353126742187387
      0.4316972234541856
      0.4280876653882653
      0.4244856085611812
      0.4208926390067403
      0.4173103195251576
      0.4137401890106335
      0.4101837618325296
      0.4066425272688874
      0.4031179489909258
      0.3996114645970797
      0.3961244851950757
      0.3926583950304651
        0.38921455115999
      0.3857942831681242
      0.3823988929250735
      0.3790296543845183
      0.3756878134193428
      0.3723745876935982
      0.3690911665689335
      0.3658387110437284
      0.3626183537231813
      0.3594311988186056
      0.3562783221742079
      0.3531607713196548
      0.3500795655467437
      0.3470356960085449
      0.3440301258393911
      0.3410637902941543
      0.3381375969052693
      0.3352524256560098
      0.3324091291685812
      0.3296085329056184
      0.3268514353837374
      0.3241386083978427
      0.3214707972549301
      0.3188487210161774
      0.3162730727461853
       0.313744519768249
      0.3112637039246274
      0.3088312418408054
      0.3064477251928027
      0.3041137209766454
      0.3018297717791495
      0.2995963960492276
      0.2974140883689847
      0.2952833197239024
      0.2932045377714762
      0.2911781671077152
      0.2892046095309461
      0.2872842443024338
      0.2854174284033587
      0.2836044967877376
      0.2818457626309334
      0.2801415175734109
      0.2784920319594714
      0.2768975550707181
      0.2753583153540473
      0.2738745206440018
      0.2724463583793575
      0.2710739958138523
      0.2697575802209981
      0.2684972390929537
      0.2672930803334689
      0.2661451924449382
      0.2650536447096382
      0.2640184873652529
      0.2630397517748124
      0.2621174505912105
      0.2612515779164802
      0.2604421094560476
      0.2596890026681911
      0.2589921969089776
      0.2583516135729561
      0.2577671562299166
      0.2572387107580426
      0.2567661454738148
      0.2563493112590275
      0.2559880416853153
      0.2556821531365931
      0.2554314449298433
      0.2552356994346848
      0.2550946821921901
      0.2550081420334228
      0.2549758111981812
      0.2549974054544591
      0.2550726242191265
      0.2552011506803738
      0.2553826519224359
       0.255616779053161
      0.2559031673349755
      0.2562414363197984
      0.2566311899884888
       0.257072016895395
      0.2575634903185793
      0.2581051684163098
      0.2586965943903963
      0.2593372966569518
      0.2600267890251661
       0.260764570884658
      0.2615501274019969
      0.2623829297269366
      0.2632624352089392
      0.2641880876245182
      0.2651593174159493
       0.266175541941854
      0.2672361657401667
      0.2683405808039614
      0.2694881668706016
      0.2706782917246435
      0.2719103115149074
      0.2731835710860884
       0.274497404325254
      0.2758511345235354
      0.2772440747532912
      0.2786755282609583
      0.2801447888757843
      0.2816511414345718
      0.2831938622225187
      0.2847722194301838
      0.2863854736265474
      0.2880328782480769
      0.2897136801036445
      0.2914271198950652
      0.2931724327529698
      0.2949488487876412
      0.2967555936543638
      0.2985918891327636
      0.3004569537195274
      0.3023500032338093
       0.304270251434531
       0.306216910648714
      0.3081891924098688
      0.3101863081053873
      0.3122074696317754
      0.3142518900564773
      0.3163187842849481
      0.3184073697315179
      0.3205168669925135
      0.3226465005199946
       0.324795499294372
      0.3269630974940784
      0.3291485351603775
      0.3313510588553062
      0.3335699223106542
      0.3358043870658184
      0.3380537230922853
      0.3403172094024239
      0.3425941346402171
       0.344883797651496
       0.347185508031193
      0.3494985866450998
      0.3518223661235709
      0.3541561913246045
      0.3564994197637223
      0.3588514220080598
      0.3612115820321107
      0.3635792975325794
      0.3659539801998469
      0.3683350559436053
      0.3707219650702833
       0.373114162409975
      0.3755111173906793
      0.3779123140577705
      0.3803172510367674
      0.3827254414375955
      0.3851364126987149
      0.3875497063696757
      0.3899648778308445
      0.3923814959492656
      0.3947991426698735
      0.3972174125414785
       0.399635912177261
      0.4020542596497381
      0.4044720838205027
      0.4068890236053073
       0.409304727175397
      0.4117188510963234
      0.4141310594057994
      0.4165410226325172
      0.4189484167581917
      0.4213529221254388
      0.4237542222944825
      0.4261520028520285
      0.4285459501759976
      0.4309357501601867
      0.4333210869032439
      0.4357016413667251
      0.4380770900072884
       0.440447103388436
      0.4428113447774882
      0.4451694687337684
      0.4475211196942395
      0.4498659305630706
      0.4522035213118065
      0.4545334975970236
      0.4568554494024845
      0.4591689497129257
      0.4614735532267079
      0.4637687951145594
        0.46605418983172
      0.4683292299906768
      0.4705933853016586
      0.4728461015879097
      0.4750867998825951
      0.4773148756139896
      0.4795296978853433
      0.4817306088554948
        0.48391692322599
      0.4860879278400448
      0.4882428813982981
      0.4903810142957817
      0.4925015285840665
      0.4946035980619826
      0.4966863684977413
      0.4987489579846768
      0.5007904574321935
      0.5028099311928469
      0.5048064178258339
      0.5067789309964578
      0.5087264605104445
      0.5106479734812971
      0.5125424156281646
       0.514408712701015
      0.5162457720291962
      0.5180524841888411
      0.5198277247838702
      0.5215703563347721
      0.5232792302687002
      0.5249531890038939
      0.5265910681209011
      0.5281916986125891
      0.5297539092044993
      0.5312765287367163
      0.5327583885980899
      0.5341983252033519
      0.5355951825034704
      0.5369478145193795
      0.5382550878891627
      0.5395158844186655
      0.5407291036255653
      0.5418936652669659
      0.5430085118407342
      0.5440726110509495
      0.5450849582281047
      0.5460445786949599
      0.5469505300693044
      0.5478019044952525
      0.5485978307951367
      0.5493374765345285
      0.5500200499934016
      0.5506448020369938
      0.5512110278804966
      0.5517180687422325
      0.5521653133806438
      0.5525521995109686
      0.5528782150981207
      0.5531428995229086
       0.553345844619363
      0.5534866955815185
      0.5535651517386542
      0.5535809671985416
      0.5535339513588647
      0.5534239692875043
      0.5532509419729461
      0.5530148464465438
      0.5527157157788936
      0.5523536389529883
        0.55192876061727
      0.5514412807220801
      0.5508914540433488
      0.5502795895977041
      0.5496060499534672
      0.5488712504422146
      0.5480756582758716
      0.5472197915743925
      0.5463042183093313
      0.5453295551686289
      0.5442964663480883
      0.5432056622750261
      0.5420578982696282
      0.5408539731495414
      0.5395947277831565
      0.5382810435970513
      0.5369138410429294
      0.5354940780293199
      0.5340227483231713
      0.5325008799263637
      0.5309295334319848
      0.5293098003650771
      0.5276428015123826
       0.525929685245426
      0.5241716258410968
      0.5223698218036867
      0.5205254941921373
      0.5186398849560571
      0.5167142552838541
      0.5147498839661138
      0.5127480657771768
      0.5107101098776206
      0.5086373382401905
      0.5065310841014861
      0.5043926904415483
      0.5022235084932758
      0.5000248962834226
       0.497798217206754
      0.4955448386347491
      0.4932661305600834
      0.4909634642779628
      0.4886382111052095
      0.4862917411378808
      0.4839254220480358
      0.4815406179201455
      0.4791386881275159
      0.4767209862489646
      0.4742888590258956
      0.4718436453597975
      0.4693866753501038
       0.466919269372249
      0.4644427371956901
      0.4619583771415565
       0.459467475279552
      0.4569713046636353
      0.4544711246059614
      0.4519681799885115
      0.4494637006117782
      0.4469589005798369
      0.4444549777210925
       0.441953113043946
      0.4394544702266097
      0.4369601951402563
       0.434471415404673
      0.4319892399755686
      0.4295147587626696
      0.4270490422777201
      0.4245931413114943
      0.4221480866389353
      0.4197148887515054
      0.4172945376158517
      0.4148880024578901
      0.4124962315714015
      0.4101201521502532
       0.407760670143362
      0.4054186701315211
      0.4030950152252313
       0.400790546982684
      0.3985060853470625
      0.3962424286023414
      0.3940003533467885
      0.3917806144833752
      0.3895839452263501
      0.3874110571232161
      0.3852626400914042
      0.3831393624689428
      0.3810418710784521
      0.3789707913038096
      0.3769267271788649
      0.3749102614876104
       0.372921955875223
      0.3709623509694395
      0.3690319665117398
       0.367131301497844
       0.365260834327052
      0.3634210229599877
      0.3616123050843294
       0.359835098288135
      0.3580898002403995
       0.356376788878508
      0.3546964226022643
       0.353049040474213
      0.3514349624259898
      0.3498544894704532
      0.3483079039193845
       0.346795469606561
      0.3453174321160235
      0.3438740190153863
      0.3424654400940586
      0.3410918876062529
      0.3397535365186939
      0.3384505447629408
      0.3371830534922493
      0.3359511873429425
      0.3347550547002318
      0.3335947479684674
      0.3324703438458136
      0.3313819036033269
      0.3303294733684435
      0.3293130844128916
      0.3283327534450286
      0.3273884829066319
      0.3264802612741508
        0.32560806336445
      0.3247718506450553
      0.3239715715489232
      0.3232071617937391
      0.3224785447057681
       0.321785631548242
      0.3211283218542836
      0.3205065037643556
      0.3199200543682002
      0.3193688400512339
      0.3188527168453431
      0.3183715307840151
      0.3179251182617228
      0.3175133063974532
      0.3171359134022789
      0.3167927489508129
      0.3164836145564139
      0.3162083039499392
      0.3159666034618655
      0.3157582924075442
      0.3155831434753477
      0.3154409231174419
      0.3153313919428918
       0.315254305112781
      0.3152094127370094
      0.3151964602724047
      0.3152151889217565
      0.3152653360333685
      0.3153466355006858
      0.3154588181615443
      0.3156016121965613
      0.3157747435261676
      0.3159779362057508
      0.3162109128183738
      0.3164733948645023
      0.3167651031481691
      0.3170857581589619
      0.3174350804492403
      0.3178127910059427
      0.3182186116163471
      0.3186522652271381
      0.3191134762961136
