                       0
   1.287591312466671e-05
   5.159258001104129e-05
   0.0001163349071061987
   0.0002072676791012428
    0.000324535509644673
   0.0004682628441538793
   0.0006385540142760568
   0.0008354933432592959
    0.001059145301237726
    0.001309554709182186
    0.001586746990021545
    0.001890728465200026
    0.002221486694704522
    0.002578990858373801
     0.00296319217608915
     0.00337402436424613
    0.003811404125718544
    0.004275231670350959
     0.00476539126285618
    0.005281751794848372
    0.005824167377613194
    0.006392477952104098
    0.006986509912558498
    0.007606076740049918
    0.008250979642234065
    0.008921008195505935
    0.009615940985765074
     0.01033554624398353
     0.01107958247279102
     0.01184779906032638
       0.012639936877665
     0.01345572885620456
     0.01429490054148918
      0.0151571706200644
      0.0160422514160866
     0.01694984935455964
     0.01787966538823748
     0.01883139538540978
     0.01980473047598578
     0.02079935735349921
     0.02181495853087802
     0.02285121254805565
     0.02390779412974352
     0.02498437429193433
     0.02608062039596221
     0.02719619614921313
     0.02833076155184056
     0.02948397278911705
     0.03065548206931908
     0.03184493740731507
     0.03305198235429491
     0.03427625567434516
     0.03551739096883456
     0.03677501624982851
     0.03804875346400554
     0.03933821796877867
     0.04064301796256963
     0.04196275387139408
     0.04329701769413636
      0.0446453923090898
     0.04600745074453177
     0.04738275541627978
     0.04877085733534407
     0.05017129528895146
     0.05158359499835789
     0.05300726825700863
     0.05444181205272288
     0.05588670767770813
     0.05734141983030441
     0.05880539571246932
      0.0602780641271052
     0.06175883457941099
      0.0632470963865303
     0.06474221779983994
     0.06624354514429369
      0.0677504019793117
     0.06926208828576291
     0.07077787968366224
     0.07229702668525778
     0.07381875398824689
     0.07534225981392162
     0.07686671529509202
     0.07839126391869389
     0.07991502102804335
     0.08143707338973187
     0.08295647883021021
      0.0844722659471335
     0.08598343390057313
     0.08748895228920817
     0.08898776111661377
     0.09047877085276156
     0.09196086259579699
     0.09343288833913183
     0.09489367134881421
     0.09634200665602087
     0.09777666166942847
     0.09919637691203975
      0.1005998668868603
      0.1019858210755963
      0.1033529050742801
      0.1046997618694386
      0.1060250132580513
      0.1073272614141674
      0.1086050906046162
      0.1098570690557516
      0.1110817509726537
       0.112277678711617
       0.113443385106146
      0.1145773959460094
      0.1156782326081926
      0.1167444148378373
      0.1177744636764903
      0.1187669045341582
      0.1197202704008315
      0.1206331051922958
      0.1215039672241838
       0.122331432807336
      0.1231140999567121
       0.123850592205217
       0.124539562513006
      0.1251796972620456
       0.125769720324967
      0.1263083971965761
      0.1267945391757788
      0.1272270075851425
      0.1276047180148946
      0.1279266445778244
      0.1281918241613419
      0.1283993606628532
      0.1285484291946666
      0.1286382802448407
      0.1286682437806987
      0.1286377332822702
      0.1285462496935706
      0.1283933852804482
      0.1281788273847591
      0.1279023620657797
      0.1275638776211215
       0.127163367980929
      0.1267009359708035
      0.1261767964407321
      0.1255912792592708
       0.124944832174351
      0.1242380235442858
      0.1234715449448872
      0.1226462136610148
      0.1217629750733061
      0.1208229049533206
        0.11982721168276
      0.1187772384147848
      0.1176744651976791
      0.1165205110831151
      0.1153171362429863
      0.1140662441200661
      0.1127698836384655
      0.1114302514999039
      0.1100496945908429
       0.108630712523432
      0.1071759603296044
      0.1056882513221439
      0.1041705601287449
      0.1026260258944207
       0.101057955633459
     0.09946982769382617
     0.09786529527359329
     0.09624818989981458
     0.09462252474435942
     0.09299249760756953
     0.09136249334859098
     0.08973708548006334
     0.08812103657457586
     0.08651929705133268
     0.08493700182536248
      0.0833794642113377
     0.08185216638436121
     0.08036074561821387
     0.07891097545737009
     0.07750874094571987
     0.07616000704832177
     0.07487077948110636
      0.0736470573265563
     0.07249477707893655
      0.0714197481434441
     0.07042758031310575
     0.06952360435418058
     0.06871278751511101
     0.06799964648392122
     0.06738816098181472
     0.06688169170885459
      0.0664829066593549
     0.06619371981988011
     0.06601524590073861
     0.06594777402633548
     0.06599076226756093
     0.06614285363869965
     0.06640191283809822
     0.06676508173752781
     0.06722885056012452
     0.06778914093649586
     0.06844139664806934
     0.06918067785640765
     0.07000175492980586
     0.07089919853380031
     0.07186746335530073
     0.07290096358786427
     0.07399413903970634
     0.07514151137928841
     0.07633773057172377
     0.07757761196944278
     0.07885616480528472
     0.08016861300900038
     0.08151040934833817
     0.08287724390466526
     0.08426504785074319
     0.08566999342253907
     0.08708849088229552
     0.08851718316750684
     0.08995293881790166
     0.09139284367524585
     0.09283419176200021
     0.09427447566608645
     0.09571137669087344
     0.09714275497152811
     0.09856663971059328
     0.09998121964586106
      0.1013848338314428
      0.1027759627871508
      0.1041532200510132
      0.1055153441539663
      0.1068611910237111
      0.1081897268156468
      0.1095000211621948
      0.1107912408270948
       0.112062643748053
      0.1133135734490894
      0.1145434538027869
      0.1157517841221977
      0.1169381345621866
      0.1181021418104025
      0.1192435050487369
       0.120361982166949
      0.1214573862110965
      0.1225295820503805
      0.1235784832470723
      0.1246040491151726
      0.1256062819544695
      0.1265852244475936
      0.1275409572086109
      0.1284735964724974
       0.129383291915705
      0.1302702245987114
      0.1311346050221795
      0.1319766712889731
      0.1327966873648617
      0.1335949414312894
      0.1343717443240686
      0.1351274280523294
       0.135862344392446
      0.1365768635520463
      0.1372713728995853
      0.1379462757552173
      0.1386019902390693
      0.1392389481732275
      0.1398575940340171
      0.1404583839513859
      0.1410417847524045
      0.1416082730460979
      0.1421583343469929
      0.1426924622349548
      0.1432111575490154
       0.143714927613082
       0.144204285491517
      0.1446797492727383
      0.1451418413790916
      0.1455910879013862
      0.1460280179565813
       0.146453163067203
       0.146867056561215
      0.1472702329911017
      0.1476632275710471
      0.1480465756311785
      0.1484208120878944
      0.1487864709293934
      0.1491440847155877
      0.1494941840916316
      0.1498372973143595
      0.1501739497910166
      0.1505046636296582
      0.1508299572006822
      0.1511503447089869
      0.1514663357762888
      0.1517784350331678
      0.1520871417204322
      0.1523929492994366
      0.1526963450710082
      0.1529978098026532
      0.1532978173637321
       0.153596834368346
      0.1538953198256342
      0.1541937247972548
      0.1544924920618102
      0.1547920557859954
       0.155092841202255
      0.1553952642927838
      0.1556997314796644
      0.1560066393210115
      0.1563163742129587
      0.1566293120973752
      0.1569458181751998
      0.1572662466253072
       0.157590940328845
       0.157920230598983
      0.1582544369160705
      0.1585938666681929
      0.1589388148971531
      0.1592895640499397
      0.1596463837357528
      0.1600095304886845
      0.1603792475361909
      0.1607557645735082
      0.1611392975441766
      0.1615300484268807
      0.1619282050288197
      0.1623339407858528
      0.1627474145696526
      0.1631687705021551
      0.1635981377775679
      0.1640356304922287
      0.1644813474825994
      0.1649353721716939
      0.1653977724242147
      0.1658686004106885
      0.1663478924808802
      0.1668356690467284
      0.1673319344750661
      0.1678366769903501
      0.1683498685875999
      0.1688714649557287
      0.1694014054114493
      0.1699396128438626
      0.1704859936698483
      0.1710404378003492
      0.1716028186175924
      0.1721729929632837
      0.1727508011377836
      0.1733360669102455
      0.1739285975396802
      0.1745281838069115
      0.1751346000573343
      0.1757476042544217
      0.1763669380438824
      0.1769923268284104
       0.177623479852939
      0.1782600903003289
      0.1789018353974491
      0.1795483765316063
      0.1801993593773284
      0.1808544140335025
      0.1815131551709514
      0.1821751821905003
      0.1828400793917225
      0.1835074161525024
      0.1841767471196853
      0.1848476124110695
      0.1855195378291329
      0.1861920350868381
      0.1868646020460314
      0.1875367229689277
      0.1882078687832903
      0.1888774973619162
      0.1895450538171634
      0.1902099708112629
      0.1908716688832326
      0.1915295567932601
      0.1921830318854674
      0.1928314804700186
      0.1934742782255585
      0.1941107906230254
      0.1947403733718732
      0.1953623728898138
      0.1959761267971338
      0.1965809644367268
      0.1971762074209205
      0.1977611702061934
       0.198335160696889
      0.1988974808789649
      0.1994474274848194
       0.199984292690202
      0.2005073648441406
      0.2010159292328085
      0.2015092688781566
      0.2019866653721001
        0.20244739974693
      0.2028907533826113
       0.203316008951456
      0.2037224514006266
      0.2041093689727829
       0.204476054265098
      0.2048218053267316
      0.2051459267947455
      0.2054477310682935
      0.2057265395207758
      0.2059816837495229
      0.2062125068623963
      0.2064183648005459
      0.2065986276963652
      0.2067526812655468
      0.2068799282319219
      0.2069797897835605
      0.2070517070584373
      0.2070951426577199
      0.2071095821845162
      0.2070945358056776
      0.2070495398340167
      0.2069741583280229
      0.2068679847058675
       0.206730643370274
       0.206561791340444
      0.2063611198869962
      0.2061283561655051
      0.2058632648439528
      0.2055656497190136
      0.2052353553157783
      0.2048722684651893
      0.2044763198530536
      0.2040474855341936
      0.2035857884048948
      0.2030912996264857
      0.2025641399924998
      0.2020044812315584
      0.2014125472377777
      0.2007886152201584
      0.2001330167621633
      0.1994461387824121
      0.1987284243871894
      0.1979803736052462
      0.1972025439952705
      0.1963955511162545
      0.1955600688509761
      0.1946968295728088
      0.1938066241461889
      0.1928903017511954
      0.1919487695230061
      0.1909829919972938
       0.189993990353081
      0.1889828414451353
      0.1879506766186315
      0.1868986802995906
       0.185828088355529
      0.1847401862217495
      0.1836363067899194
      0.1825178280568495
      0.1813861705328528
      0.1802427944106476
      0.1790891964974809
      0.1779269069150246
      0.1767574855735666
       0.175582518429155
      0.1744036135345386
      0.1732223968970994
      0.1720405081593336
      0.1708595961198868
      0.1696813141156405
      0.1685073152877684
      0.1673392477571472
      0.1661787497368057
      0.1650274446113487
      0.1638869360152642
      0.1627588029439201
      0.1616445949324809
      0.1605458273392428
      0.1594639767706381
      0.1584004766855269
      0.1573567132162377
      0.1563340212431504
       0.155333680758351
      0.1543569135520111
       0.153404880252711
      0.1524786777497763
      0.1515793370220474
      0.1507078213931949
       0.149865025228911
      0.1490517730860245
      0.1482688193179431
      0.1475168481348712
      0.1467964741111385
      0.1461082431257592
      0.1454526337162229
      0.1448300588195747
      0.1442408678692172
      0.1436853492107058
      0.1431637327951921
      0.1426761931052693
      0.1422228522647953
      0.1418037832819796
       0.141419013373617
      0.1410685273178668
      0.1407522707834938
      0.1404701535848819
      0.1402220528144856
       0.140007815807574
      0.1398272628980966
      0.1396801899291818
      0.1395663704870574
      0.1394855578329454
      0.1394374865136153
      0.1394218736376507
      0.1394384198109818
      0.1394868097317016
      0.1395667124505642
      0.1396777813095992
      0.1398196535770999
      0.1399919498024404
      0.1401942729189823
      0.1404262071274012
      0.1406873165952291
      0.1409771440110996
      0.1412952090341443
      0.1416410066801609
      0.1420140056865813
      0.1424136468979135
      0.1428393417122567
      0.1432904706277236
      0.1437663819252234
      0.1442663905210927
      0.1447897770196687
      0.1453357869920282
      0.1459036305030122
      0.1464924819042701
      0.1471014799065877
      0.1477297279402289
      0.1483762948075365
       0.149040215627685
      0.1497204930693493
      0.1504160988631134
      0.1511259755819243
      0.1518490386746571
      0.1525841787350435
      0.1533302639858415
      0.1540861429561413
      0.1548506473281632
      0.1556225949288257
      0.1564007928406498
      0.1571840406062536
      0.1579711335007708
      0.1587608658469182
      0.1595520343480987
      0.1603434414159224
      0.1611338984696555
      0.1619222291864904
      0.1627072726830238
      0.1634878866099587
      0.1642629501437027
       0.165031366860336
      0.1657920674791097
      0.1665440124644618
      0.1672861944771853
      0.1680176406671217
      0.1687374148013354
      0.1694446192232474
      0.1701383966396932
      0.1708179317341665
        0.17148245260583
       0.172131232034949
       0.172763588576508
      0.1733788874846748
      0.1739765414716128
      0.1745560113048892
      0.1751168062483439
      0.1756584843518288
      0.1761806525956996
      0.1766829668962644
      0.1771651319787357
      0.1776269011244101
      0.1780680757989636
      0.1784885051688357
      0.1788880855127148
      0.1792667595351091
      0.1796245155889148
      0.1799613868138072
      0.1802774501971396
      0.1805728255638328
      0.1808476745015813
      0.1811021992274459
      0.1813366414016859
      0.1815512808944088
      0.1817464345103653
      0.1819224546769221
      0.1820797280999709
      0.1822186743922364
       0.182339744678161
      0.1824434201792554
      0.1825302107834981
      0.1826006536021152
      0.1826553115167648
      0.1826947717198867
      0.1827196442507386
      0.1827305605293612
      0.1827281718904794
      0.1827131481191444
      0.1826861759896791
      0.1826479578093018
      0.1825992099676198
      0.1825406614930329
      0.1824730526168969
      0.1823971333462117
       0.182313662045447
      0.1822234040280328
      0.1821271301579866
      0.1820256154620521
      0.1819196377526919
       0.181809976262285
       0.181697410288844
      0.1815827178535706
      0.1814666743706484
       0.181350051329667
      0.1812336149911581
      0.1811181250958062
      0.1810043335879747
      0.1808929833542951
      0.1807848069781947
      0.1806805255113265
      0.1805808472630366
      0.1804864666091008
      0.1803980628211113
      0.1803162989180421
      0.1802418205416378
      0.1801752548574007
      0.1801172094830803
      0.1800682714466837
      0.1800290061761171
      0.1799999565226478
      0.1799816418204747
      0.1799745569847083
      0.1799791716501244
      0.1799959293530506
       0.180025246758712
       0.180067512936392
      0.1801230886846042
       0.180192305908466
      0.1802754670513266
      0.1803728445825477
       0.180484680543208
      0.1806111861513046
       0.180752541467829
       0.180908895124877
      0.1810803641167216
      0.1812670336545166
       0.181468957085067
      0.1816861558738036
      0.1819186196518602
      0.1821663063268643
      0.1824291422567795
      0.1827070224858904
      0.1829998110417533
      0.1833073412916879
      0.1836294163571669
      0.1839658095842393
       0.184316265067918
      0.1846804982283105
       0.185058196436089
      0.1854490196847914
      0.1858526013072998
      0.1862685487338255
      0.1866964442885916
      0.1871358460224219
      0.1875862885784322
       0.188047284087987
      0.1885183230941784
      0.1889988755000824
      0.1894883915391481
      0.1899863027651509
      0.1904920230592303
      0.1910049496516721
      0.1915244641561875
      0.1920499336145845
      0.1925807115498664
       0.193116139025911
      0.1936555457120534
      0.1941982509510053
      0.1947435648287034
      0.1952907892447929
      0.1958392189825955
      0.1963881427775336
       0.196936844383077
       0.197484603633394
      0.1980306975020047
      0.1985744011557698
      0.1991149890036847
       0.199651735739944
      0.2001839173808722
      0.2007108122952893
      0.2012317022279522
      0.2017458733157364
      0.2022526170962141
       0.202751231508312
      0.2032410218847166
      0.2037213019356983
      0.2041913947240017
      0.2046506336304157
      0.2050983633096438
      0.2055339406360417
      0.2059567356387472
      0.2063661324257346
      0.2067615300962328
      0.2071423436409617
      0.2075080048295626
      0.2078579630845801
       0.208191686341322
      0.2085086618928575
      0.2088083972193958
      0.2090904208012464
       0.209354282914525
      0.2095995564087051
      0.2098258374651229
      0.2100327463354401
      0.2102199280590711
      0.2103870531585028
      0.2105338183113982
      0.2106599469982937
      0.2107651901246581
      0.2108493266159903
      0.2109121639845299
      0.2109535388661379
      0.2109733175256873
      0.2109713963292972
      0.2109477021815447
       0.210902192925708
      0.2108348577048992
      0.2107457172818223
      0.2106348243147003
      0.2105022635867776
      0.2103481521865695
       0.210172639635887
      0.2099759079624551
      0.2097581717137695
      0.2095196779086521
      0.2092607059227707
      0.2089815673042897
      0.2086826055156003
      0.2083641955970525
      0.2080267437484618
       0.207670686824166
      0.2072964917373858
      0.2069046547697196
      0.2064957007816936
      0.2060701823204963
       0.205628678621249
      0.2051717944985318
      0.2047001591252663
      0.2042144246965914
      0.2037152649769624
      0.2032033737293874
      0.2026794630265508
      0.2021442614444262
      0.2015985121400024
      0.2010429708158644
      0.2004784035754724
      0.1999055846743311
      0.1993252941735305
      0.1987383155035281
      0.1981454329475087
      0.1975474290551071
      0.1969450819987488
      0.1963391628863678
      0.1957304330456337
      0.1951196412962391
      0.1945075212280495
      0.1938947885041161
      0.1932821382085732
      0.1926702422602985
      0.1920597469139203
       0.191451270370185
       0.190845400517953
      0.1902426928300356
      0.1896436684348007
      0.1890488123848661
      0.1884585721433606
      0.1878733563070163
      0.1872935335839473
      0.1867194320421894
      0.1861513386431005
      0.1855894990714662
      0.1850341178716628
      0.1844853588966001
      0.1839433460733138
      0.1834081644861404
      0.1828798617753829
      0.1823584498462984
      0.1818439068801624
      0.1813361796361523
      0.1808351860298187
      0.1803408179711105
      0.1798529444422298
      0.1793714147931141
      0.1788960622300931
      0.1784267074712118
      0.1779631625399647
      0.1775052346676953
      0.1770527302736657
      0.1766054589909211
      0.1761632377053762
      0.1757258945752215
      0.1752932729976306
      0.1748652354899256
       0.174441667452757
      0.1740224807835088
      0.1736076173090108
      0.1731970520076783
      0.1727907959924876
      0.1723888992275943
      0.1719914529530012
      0.1715985917934326
       0.171210495529435
       0.170827390510748
      0.1704495506941597
      0.1700772982903006
        0.16971100400628
      0.1693510868735678
      0.1689980136532195
      0.1686522978133289
      0.1683144980765116
      0.1679852165383098
      0.1676650963605608
      0.1673548190471329
      0.1670551013127947
      0.1667666915595696
      0.1664903659784708
      0.1662269242981859
      0.1659771852059748
      0.1657419814696335
      0.1655221547930278
      0.1653185504411116
      0.1651320116736649
      0.1649633740300429
       0.164813459509949
      0.1646830706976579
      0.1645729848790116
       0.164483948201996
      0.1644166699325299
      0.1643718168573851
      0.1643500078857236
      0.1643518088996655
      0.1643777279024633
      0.1644282105103609
      0.1645036358309708
      0.1646043127671641
      0.1647304767809279
      0.1648822871466498
      0.1650598247177522
       0.165263090224776
      0.1654920031168636
        0.16574640095235
      0.1660260393378791
      0.1663305924092921
       0.166659653841548
       0.167012738369323
      0.1673892837946949
      0.1677886534536275
       0.168210139108835
      0.1686529642331552
      0.1691162876446965
      0.1695992074529628
      0.1701007652737097
      0.1706199506695436
      0.1711557057731945
      0.1717069300508966
      0.1722724851643851
      0.1728511998915727
      0.1734418750679454
        0.17404328851307
      0.1746541999091938
       0.175273355601768
      0.1758994932946868
      0.1765313466160844
      0.1771676495335923
      0.1778071406010166
      0.1784485670213338
      0.1790906885137729
      0.1797322809754417
      0.1803721399304774
      0.1810090837620693
      0.1816419567248155
      0.1822696317368409
      0.1828910129527869
      0.1835050381203483
      0.1841106807243046
       0.184706951923149
      0.1852929022843158
      0.1858676233248088
      0.1864302488645886
      0.1869799562005804
      0.1875159671094361
      0.1880375486874203
       0.188544014035858
      0.1890347228006064
      0.1895090815738929
      0.1899665441667586
      0.1904066117600818
       0.190828832941942
      0.1912328036387485
      0.1916181669472347
      0.1919846128740705
      0.1923318779894444
      0.1926597450005973
      0.1929680422508814
        0.19325664314952
      0.1935254655368297
      0.1937744709893106
      0.1940036640685589
       0.194213091517647
       0.194402841408196
      0.1945730422410397
      0.1947238620030478
      0.1948555071823373
      0.1949682217438183
      0.1950622860667402
      0.1951380158456417
      0.1951957609558619
      0.1952359042845961
      0.1952588605282287
      0.1952650749565804
      0.1952550221445052
      0.1952292046712192
      0.1951881517875976
      0.1951324180516842
      0.1950625819325598
      0.1949792443827671
      0.1948830273795021
      0.1947745724348072
      0.1946545390751451
      0.1945236032907871
      0.1943824559556305
      0.1942318012182122
      0.1940723548648848
      0.1939048426563531
      0.1937299986390001
      0.1935485634327119
      0.1933612824972101
      0.1931689043791794
      0.1929721789428402
      0.1927718555869292
      0.1925686814513946
       0.192363399617478
      0.1921567473051973
      0.1919494540725962
      0.1917422400214486
      0.1915358140144665
      0.1913308719093303
      0.1911280948151582
      0.1909281473773017
       0.190731676096525
       0.190539307688873
      0.1903516474926044
      0.1901692779286913
      0.1899927570214073
       0.189822616985498
      0.1896593628863641
      0.1895034713795122
      0.1893553895353538
      0.1892155337551425
      0.1890842887835153
       0.188962006822696
      0.1888490067529911
      0.1887455734636669
      0.1886519572977516
      0.1885683736137012
      0.1884950024661933
      0.1884319884076718
      0.1883794404114943
      0.1883374319168617
       0.188306000994921
      0.1882851506347084
      0.1882748491468637
      0.1882750306822878
       0.188285595862253
      0.1883064125157595
      0.1883373165193104
      0.1883781127336843
      0.1884285760317189
      0.1884884524106462
      0.1885574601820647
      0.1886352912322725
      0.1887216123453828
      0.1888160665813789
      0.1889182747011132
      0.1890278366301354
      0.1891443329531798
       0.189267326431193
      0.1893963635328267
      0.1895309759724805
      0.1896706822471838
       0.189814989164817
      0.1899633933565016
      0.1901153827662873
      0.1902704381116812
      0.1904280343088978
      0.1905876418572281
      0.1907487281773129
      0.1909107588986146
