                       0
   4.996626666666419e-05
   0.0001997269431941494
   0.0004490676792340943
    0.000797764604684434
    0.001245584370907053
    0.001792284192556507
    0.002437611889829302
    0.003181305930891355
    0.004023095474192719
    0.004962700410327596
    0.005999831403050589
    0.007134189929015518
    0.008365468315755228
    0.009693349777378853
     0.01111750844742359
     0.01263760940825196
     0.01425330871635508
     0.01596425342288078
     0.01777008158867292
     0.01967042229307882
     0.02166489563574827
     0.02375311273061687
     0.02593467569125503
     0.02820917760672142
     0.03057620250705513
     0.03303532531751201
     0.03558611180064064
     0.03822811848527949
     0.04096089258153562
     0.04378397188081742
     0.04669688463996716
     0.04969914944854265
     0.05279027507830558
      0.0559697603139605
     0.05923709376420391
     0.06259175365214505
     0.06603320758416961
     0.06956091229633979
     0.07317431337742315
     0.07687284496766995
      0.0806559294324945
     0.08452297701020849
     0.08847338543301432
     0.09250653952048585
     0.09662181074479055
      0.1008185567669592
      0.1050961209435573
      0.1094538318031267
       0.113891002491866
      0.1184069301880312
       0.123000895484624
      0.1276721617399914
      0.1324199743960307
      0.1372435602637518
      0.1421421267760999
      0.1471148612079164
      0.1521609298631028
      0.1572794772291183
       0.162469625099029
       0.167730471661483
      0.1730610905590659
       0.178460529915605
      0.1839278113332127
      0.1894619288598662
      0.1950618479285889
      0.2007265042693921
      0.2064548027953094
      0.2122456164640279
      0.2180977851168081
      0.2240101142965731
      0.2299813740472304
      0.2360102976964854
      0.2420955806246263
      0.2482358790220026
      0.2544298086380484
      0.2606759435250678
      0.2669728147801363
      0.2733189092886195
      0.2797126684733999
      0.2861524870536503
      0.2926367118176762
      0.2991636404143497
      0.3057315201679441
      0.3123385469215403
      0.3189828639142444
      0.3256625606978248
      0.3323756720985195
      0.3391201772300791
      0.3458939985642753
      0.3526950010652046
      0.3595209913941164
      0.3663697171914891
      0.3732388664433002
      0.3801260669384927
      0.3870288858249167
      0.3939448292708068
      0.4008713422392874
       0.407805808383015
      0.4147455500663396
        0.42168782852217
      0.4286298441506885
       0.435568736966876
      0.4425015872036601
      0.4494254160772476
      0.4563371867209518
      0.4632338052934204
      0.4701121222669673
      0.4769689339010253
      0.4838009839054489
      0.4906049652978186
      0.4973775224581969
      0.5041152533843704
      0.5108147121495585
      0.5174724115642566
      0.5240848260427509
      0.5306483946741375
      0.5371595244967445
       0.543614593974088
      0.5500099566693686
      0.5563419451144951
       0.562606874868927
      0.5688010487623164
      0.5749207613138835
      0.5809623033207753
      0.5869219666061591
      0.5927960489172837
       0.598580858962182
      0.6042727215733302
      0.6098679829852013
      0.6153630162119597
        0.62075422651065
      0.6260380569144639
      0.6312109938200976
      0.6362695726122722
      0.6412103833082886
      0.6460300762047343
      0.6507253675083366
      0.6552930449324011
      0.6597299732403641
      0.6640330997176834
      0.6681994595534838
       0.672226181113346
      0.6761104910850118
      0.6798497194790374
      0.6834413044667512
      0.6868827970386129
      0.6901718654665734
      0.6933062995547481
       0.696284014663428
      0.6991030554926617
      0.7017615996120884
      0.7042579607252286
       0.706590591656994
      0.7087580870547163
      0.7107591857940704
       0.712592773082145
      0.7142578822516371
      0.7157536962409228
      0.7170795487564041
      0.7182349251144151
      0.7192194627615985
      0.7200329514735552
      0.7206753332331637
      0.7211467017907792
      0.7214473019100707
      0.7215775283041903
      0.7215379242681141
      0.7213291800141893
      0.7209521307187097
      0.7204077542885778
      0.7196971688578838
      0.7188216300251481
      0.7177825278427122
      0.7165813835706997
       0.715219846208348
         0.7136996888164
      0.7120228046447304
      0.7101912030796634
       0.708207005426128
      0.7060724405399015
      0.7037898403255516
      0.7013616351158938
      0.6987903489488454
       0.696078594757389
      0.6932290694888906
      0.6902445491691428
      0.6871278839268992
      0.6838819929942448
      0.6805098596976803
        0.67701452645455
      0.6733990897890908
      0.6696666953815669
      0.6658205331638231
      0.6618638324735664
      0.6577998572793318
      0.6536319014873779
      0.6493632843407164
      0.6449973459203725
      0.6405374427574589
      0.6359869435645159
      0.6313492250932736
      0.6266276681256262
        0.62182565360338
      0.6169465589019764
      0.6119937542522551
      0.6069705993136941
      0.6018804399019665
      0.5967266048725843
      0.5915124031620818
      0.5862411209871558
       0.580916019201932
      0.5755403308125807
      0.5701172586481297
      0.5646499731857388
      0.5591416105283852
      0.5535952705320386
      0.5480140150795487
      0.5424008664976943
      0.5367588061137459
      0.5310907729474086
      0.5253996625340985
      0.5196883258749188
       0.513959568508778
      0.5082161497018977
      0.5024607817498241
      0.4966961293870641
      0.4909248092992738
      0.4851493897330391
      0.4793723901983619
      0.4735962812586901
      0.4678234844037603
      0.4620563720003139
      0.4562972673159567
       0.450548444611501
      0.4448121292972128
      0.4390904981485778
      0.4333856795772409
      0.4276997539529945
      0.4220347539727308
      0.4163926650725717
      0.4107754258793535
      0.4051849286980145
      0.3996230200313288
      0.3940915011288426
      0.3885921285618158
      0.3831266148212724
      0.3776966289363181
      0.3723037971100696
      0.3669497033706688
      0.3616358902350146
       0.356363859382991
      0.3511350723400392
      0.3459509511661527
      0.3408128791493662
      0.3357222015020919
      0.3306802260586166
      0.3256882239722871
      0.3207474304109649
      0.3158590452494747
      0.3110242337578196
       0.306244127284059
       0.301519823930848
      0.2968523892246854
      0.2922428567770159
      0.2876922289364016
      0.2832014774310716
      0.2787715440012415
      0.2744033410205068
      0.2700977521059705
      0.2658556327165186
      0.2616778107389009
      0.2575650870612878
      0.2535182361339203
      0.2495380065167062
      0.2456251214135058
      0.2417802791929047
      0.2380041538954048
       0.234297395726887
      0.2306606315383166
       0.227094465291654
      0.2235994785119253
      0.2201762307255443
      0.2168252598848765
      0.2135470827791427
      0.2103421954317272
      0.2072110734840503
      0.2041541725660577
      0.2011719286535324
      0.1982647584123579
      0.1954330595298836
       0.192677211033619
      0.1899975735973898
      0.1873944898351904
      0.1848682845829328
      0.1824192651682883
      0.1800477216688412
      0.1777539271587818
      0.1755381379443518
      0.1734005937882732
      0.1713415181233687
      0.1693611182556251
      0.1674595855568861
      0.1656370956474301
      0.1638938085686226
      0.1622298689458861
      0.1606454061421928
      0.1591405344022518
      0.1577153529876525
      0.1563699463031167
      0.1551043840140773
      0.1539187211557469
       0.152812998233876
      0.1517872413173555
      0.1508414621228388
       0.149975658091555
      0.1491898124584142
        0.14848389431362
       0.147857858656862
      0.1473116464442446
      0.1468451846280736
      0.1464583861896165
       0.146151150164916
      0.1459233616637952
       0.145774891882109
      0.1457055981073626
      0.1457153237177468
      0.1458038981746904
      0.1459711370089662
      0.1462168418004607
      0.1465408001516084
      0.1469427856546074
      0.1474225578524355
      0.1479798621937017
      0.1486144299814303
      0.1493259783157899
      0.1501142100308148
      0.1509788136251847
      0.1519194631870998
      0.1529358183133017
      0.1540275240223051
      0.1551942106618805
      0.1564354938108737
      0.1577509741754068
      0.1591402374795592
      0.1606028543505699
      0.1621383801987122
      0.1637463550918899
      0.1654263036250743
      0.1671777347847245
      0.1690001418082925
      0.1708930020389854
      0.1728557767759061
      0.1748879111197946
      0.1769888338145133
      0.1791579570844982
      0.1813946764683788
      0.1836983706490247
      0.1860684012802592
      0.1885041128105062
       0.191004832303651
       0.193569869257465
       0.196198515419849
      0.1988900446033065
      0.2016437124979591
      0.2044587564835361
      0.2073343954406936
       0.210269829562109
      0.2132642401637893
      0.2163167894970319
      0.2194266205615366
      0.2225928569201609
      0.2258146025157929
      0.2290909414909208
      0.2324209380103757
      0.2358036360878843
      0.2392380594169005
      0.2427232112064034
      0.2462580740221585
      0.2498416096341201
      0.2534727588705371
      0.2571504414793891
      0.2608735559978538
       0.264640979630327
      0.2684515681357243
      0.2723041557246577
      0.2761975549671907
      0.2801305567117683
      0.2841019300160387
      0.2881104220901656
      0.2921547582533428
      0.2962336419041353
      0.3003457545053627
      0.3044897555841713
      0.3086642827479297
      0.3128679517167294
      0.3170993563730681
      0.3213570688295276
      0.3256396395150282
      0.3299455972805133
       0.334273449524719
      0.3386216823407877
       0.342988760684579
       0.347373128565417
      0.3517732092601187
      0.3561874055512438
      0.3606140999903857
      0.3650516551875377
      0.3694984141274777
      0.3739527005142545
      0.3784128191449256
      0.3828770563135904
      0.3873436802470952
      0.3918109415735898
      0.3962770738253515
      0.4007402939773009
      0.4051988030226493
      0.4096507865872947
      0.4140944155845572
      0.4185278469119489
       0.422949224191682
       0.427356678556711
        0.43174832948416
      0.4361222856779248
      0.4404766460023183
      0.4448095004686401
      0.4491189312764818
      0.4534030139115764
      0.4576598183019597
      0.4618874100339594
      0.4660838516297916
      0.4702472038878916
      0.4743755272874426
      0.4784668834580347
      0.4825193367151887
      0.4865309556623982
      0.4904998148598341
      0.4944239965596781
      0.4983015925074727
      0.5021307058087573
      0.5059094528595692
      0.5096359653389241
      0.5133083922612042
      0.5169249020853606
      0.5204836848777039
      0.5239829545242254
      0.5274209509879157
       0.530795942605939
      0.5341062284208488
      0.5373501405395275
      0.5405260465127678
       0.543632351728054
       0.546667501807233
      0.5496299850006271
      0.5525183345681556
      0.5553311311379814
      0.5580670050326315
      0.5607246385519835
      0.5633027682026178
      0.5658001868625641
      0.5682157458701809
      0.5705483570262939
      0.5727969944982549
      0.5749606966150588
      0.5770385675426211
      0.5790297788287802
      0.5809335708080046
      0.5827492538560198
      0.5844762094855962
      0.5861138912750766
      0.5876618256220725
      0.5891196123158587
       0.590486924922659
      0.5917635109790778
      0.5929491919902876
      0.5940438632303525
       0.595047493343531
      0.5959601237465314
      0.5967818678328836
      0.5975129099820932
      0.5981535043772055
      0.5987039736357612
      0.5991647072607013
      0.5995361599183121
      0.5998188495521454
      0.6000133553424281
      0.6001203155217941
      0.6001404250589484
      0.6000744332229135
      0.5999231410409697
      0.5996873986643767
       0.599368102656212
      0.5989661932162654
       0.598482651358106
      0.5979184960537428
      0.5972747813611006
       0.596552593549726
       0.595753048239733
      0.5948772875687417
      0.5939264774011513
      0.5929018045934115
      0.5918044743284907
       0.590635707531691
      0.5893967383795001
      0.5880888119119145
      0.5867131817577436
      0.5852711079816063
      0.5837638550598271
      0.5821926899917191
      0.5805588805512231
       0.578863693682984
      0.5771083940457341
      0.5752942427044535
      0.5734224959720213
      0.5714944043997338
      0.5695112119149294
      0.5674741551033048
      0.5653844626321158
      0.5632433548098674
      0.5610520432771463
      0.5588117308225694
      0.5565236113170058
       0.554188869758943
      0.5518086824229569
      0.5493842171032148
      0.5469166334433767
      0.5444070833439749
      0.5418567114384708
      0.5392666556288069
      0.5366380476712895
      0.5339720138038995
      0.5312696754061899
      0.5285321496828718
      0.5257605503628947
      0.5229559884057591
      0.5201195727073238
      0.5172524107978483
      0.5143556095252046
      0.5114302757169857
      0.5084775168154683
      0.5054984414800118
      0.5024941601519954
      0.4994657855780231
      0.4964144332873971
      0.4933412220208492
      0.4902472741074926
      0.4871337157879521
      0.4840016774820003
      0.4808522939993534
      0.4776867046929579
      0.4745060535544831
       0.471311489252161
      0.4681041651114951
      0.4648852390396887
      0.4616558733952277
      0.4584172348039542
      0.4551704939236476
      0.4519168251591382
      0.4486574063303163
      0.4453934182955285
      0.4421260445330776
      0.4388564706835723
      0.4355858840561477
      0.4323154731015093
      0.4290464268548789
      0.4257799343519229
      0.4225171840208071
      0.4192593630534955
      0.4160076567592819
      0.4127632479036628
      0.4095273160355209
      0.4063010368054637
      0.4030855812781066
      0.3998821152411149
      0.3966917985134474
      0.3935157842554163
      0.3903552182827794
      0.3872112383872222
      0.3840849736652375
      0.3809775438573327
      0.3778900586994251
      0.3748236172881085
      0.3717793074612155
      0.3687582051951906
      0.3657613740204295
      0.3627898644557587
       0.359844713462975
       0.356926943922325
      0.3540375641296912
      0.3511775673159689
      0.3483479311892326
      0.3455496175000163
      0.3427835716299453
      0.3400507222039592
      0.3373519807260756
       0.334688241238829
      0.3320603800061136
      0.3294692552193587
      0.3269157067267642
      0.3244005557852006
      0.3219246048344617
      0.3194886372934196
      0.3170934173775344
      0.3147396899372133
      0.3124281803165073
      0.3101595942313592
      0.3079346176669486
      0.3057539167933216
      0.3036181378986606
      0.3015279073395194
      0.2994838315071898
      0.2974864968095613
      0.2955364696676878
      0.2936342965262634
      0.2917805038773441
      0.2899755982964866
      0.2882200664905439
      0.2865143753564734
      0.2848589720503076
      0.2832542840655911
      0.2817007193206393
       0.280198666253759
      0.2787484939259285
      0.2773505521301361
       0.276005171506736
      0.2747126636642188
      0.2734733213047591
        0.27228741835392
      0.2711552100939393
      0.2700769333000502
      0.2690528063792641
      0.2680830295110948
      0.2671677847897457
      0.2663072363672541
      0.2655015305971009
      0.2647507961779092
      0.2640551442967366
      0.2634146687716002
      0.2628294461928318
      0.2622995360628861
      0.2618249809342871
      0.2614058065453138
      0.2610420219531932
      0.2607336196644552
      0.2604805757621556
      0.2602828500297316
      0.2601403860712444
      0.2600531114277543
      0.2600209376895885
      0.2600437606043501
      0.2601214601804261
      0.2602539007858324
      0.2604409312422406
      0.2606823849139785
      0.2609780797919476
      0.2613278185721879
      0.2617313887291536
      0.2621885625833972
      0.2626990973636574
      0.2632627352632822
      0.2638792034908269
      0.2645482143147803
      0.2652694651024203
      0.2660426383526399
      0.2668674017227605
      0.2677434080493022
      0.2686702953626482
       0.269647686895673
      0.2706751910861737
      0.2717524015733302
      0.2728788971880189
      0.2740542419371576
      0.2752779849820236
      0.2765496606106996
      0.2778687882046648
      0.2792348721996689
      0.2806474020409692
       0.282105852133106
       0.283609681784319
      0.2851583351458232
      0.2867512411461475
      0.2883878134207458
      0.2900674502370918
      0.2917895344156398
       0.293553433246864
      0.2953584984047791
      0.2972040658572835
      0.2990894557737677
      0.3010139724304094
      0.3029769041136723
      0.3049775230224944
        0.30701508516981
      0.3090888302839673
       0.311197981710704
      0.3133417463164348
      0.3155193143935875
      0.3177298595688133
      0.3199725387148896
      0.3222464918673559
      0.3245508421467232
      0.3268846956873845
      0.3292471415742371
      0.3316372517882706
      0.3340540811622377
      0.3364966673476807
      0.3389640307946771
      0.3414551747456515
      0.3439690852446886
      0.3465047311638346
       0.349061064247973
      0.3516370191797912
      0.3542315136665326
      0.3568434485502417
      0.3594717079431903
      0.3621151593902572
        0.36477265406013
      0.3674430269670984
      0.3701250972253204
      0.3728176683374884
       0.375519528519706
      0.3782294510645466
      0.3809461947441635
      0.3836685042552923
      0.3863951107080912
      0.3891247321605724
      0.3918560742004476
      0.3945878305761144
      0.3973186838784219
      0.4000473062748422
      0.4027723602975057
      0.4054924996864601
      0.4082063702894809
      0.4109126110194408
      0.4136098548702682
      0.4162967299922718
      0.4189718608273372
      0.4216338693044219
      0.4242813760955397
      0.4269130019319424
      0.4295273689803421
      0.4321231022782931
      0.4346988312279298
        0.43725319114657
      0.4397848248726874
      0.4422923844251206
      0.4447745327131992
      0.4472299452949933
      0.4496573121804273
      0.4520553396756621
      0.4544227522648187
      0.4567582945244584
      0.4590607330659087
       0.461328858500192
       0.463561487419634
      0.4657574643901273
      0.4679156639472065
      0.4700349925891109
      0.4721143907592551
      0.4741528348103815
       0.476149338942305
      0.4781029571047409
      0.4800127848565082
      0.4818779611722981
      0.4836976701877423
      0.4854711428735622
      0.4871976586295491
      0.4888765467888182
       0.490507188023363
      0.4920890156412837
      0.4936215167669897
      0.4951042333954048
      0.4965367633117754
      0.4979187608690204
      0.4992499376149979
      0.5005300627625395
      0.5017589634960029
      0.5029365251084288
      0.5040626909644439
      0.5051374622845354
      0.5061608977476629
      0.5071331129097673
      0.5080542794368326
      0.5089246241522416
       0.509744427899171
      0.5105140242199818
      0.5112337978556609
      0.5119041830693258
      0.5125256617992241
      0.5130987616476633
       0.513624053713329
      0.5141021502757186
      0.5145337023412418
      0.5149193970618335
       0.515259955037451
      0.5155561275151176
      0.5158086934975589
      0.5160184567755463
      0.5161862428984035
      0.5163128960976576
      0.5163992761793393
      0.5164462554006447
      0.5164547153467853
      0.5164255438239415
      0.5163596317842346
      0.5162578702981806
      0.5161211475902702
      0.5159503461521741
      0.5157463399483275
       0.515509991727318
       0.515242150452229
       0.514943648861908
      0.5146153011744984
      0.5142579009432903
       0.513872219074064
      0.5134590020118949
      0.5130189701042196
      0.5125528161457892
      0.5120612041097429
      0.5115447680680389
      0.5110041113030536
      0.5104398056108607
      0.5098523907958029
      0.5092423743543234
      0.5086102313452315
      0.5079564044423897
       0.507281304164734
      0.5065853092774418
      0.5058687673575217
      0.5051319955158355
      0.5043752812672111
      0.5035988835393307
      0.5028030338108286
      0.5019879373681855
       0.501153774671058
      0.5003007028149397
      0.4994288570802642
      0.4985383525566206
      0.4976292858308972
      0.4967017367281964
      0.4957557700944935
      0.4947914376100122
      0.4938087796230863
      0.4928078269937948
      0.4917886029380306
      0.4907511248620514
      0.4896954061789321
      0.4886214580982668
      0.4875292913813496
      0.4864189180544556
      0.4852903530733201
      0.4841436159330424
      0.4829787322174887
       0.481795735083463
      0.4805946666752738
      0.4793755794660073
      0.4781385375222512
       0.476883617689797
       0.475610910698223
      0.4743205221828998
      0.4730125736233733
       0.471687203197602
      0.4703445665519956
      0.4689848374875819
      0.4676082085630093
      0.4662148916154424
      0.4648051182008673
      0.4633791399553177
      0.4619372288791749
      0.4604796775465673
      0.4590067992424025
      0.4575189280295088
       0.456016418748637
       0.454499646954145
      0.4529690087883206
      0.4514249207973227
      0.4498678196918344
      0.4482981620554449
       0.446716424003992
       0.445123100798814
      0.4435187064171022
      0.4419037730823701
      0.4402788507580092
      0.4386445066069561
      0.4370013244202913
      0.4353499040176004
      0.4336908606218353
      0.4320248242113619
      0.4303524388516585
      0.4286743620092748
      0.4269912638502723
      0.4253038265255248
      0.4236127434450453
      0.4219187185433642
       0.420222465538004
      0.4185247071828963
      0.4168261745185252
      0.4151276061205375
      0.4134297473483319
      0.4117333495952222
      0.4100391695415317
      0.4083479684119833
      0.4066605112386051
      0.4049775661303261
       0.403299903550389
      0.4016282956024769
      0.3999635153265973
      0.3983063360055596
      0.3966575304827638
      0.3950178704921398
      0.3933881260008065
      0.3917690645650858
      0.3901614507004099
        0.38856604526558
      0.3869836048618319
      0.3854148812470467
       0.383860620765453
      0.3823215637930359
      0.3807984441989664
      0.3792919888230706
        0.37780291696965
      0.3763319399175905
      0.3748797604468717
      0.3734470723814294
      0.3720345601483883
      0.3706428983535685
       0.369272751373093
       0.367924772961068
       0.366599605873047
      0.3652978815051204
      0.3640202195483726
      0.3627672276584596
      0.3615395011399675
      0.3603376226452614
      0.3591621618874596
       0.358013675367171
      0.3568927061125847
      0.3557997834325395
      0.3547354226820916
      0.3537001250401448
      0.3526943772987071
       0.351718651663288
      0.3507734055639022
      0.3498590814762357
      0.3489761067524566
      0.3481248934611006
      0.3473058382356198
      0.3465193221309398
      0.3457657104875789
      0.3450453528028503
      0.3443585826084509
      0.3437057173541158
      0.3430870582967452
      0.3425028903944117
      0.3419534822048882
        0.34143908578818
      0.3409599366124964
      0.3405162534633351
      0.3401082383551441
      0.3397360764452235
      0.3393999359493898
      0.3390999680591077
      0.3388363068596648
      0.3386090692492046
      0.3384183548581225
      0.3382642459687739
       0.338146807435165
      0.3380660866024387
      0.3380221132260552
      0.3380148993905193
      0.3380444394276153
      0.3381107098340944
      0.3382136691888346
      0.3383532580696247
       0.338529398969506
      0.3387419962130675
      0.3389909358726635
      0.3392760856850395
      0.3395972949684973
      0.3399543945410922
       0.340347196640218
       0.340775494844067
      0.3412390639954725
      0.3417376601287409
      0.3422710204000795
      0.3428388630222824
      0.3434408872044437
       0.344076773097394
       0.344746181745777
      0.3454487550475502
       0.346184115721844
      0.3469518672860964
      0.3477515940434812
      0.3485828610815951
      0.3494452142834674
      0.3503381803518635
      0.3512612668481183
      0.3522139622463934
      0.3531957360046038
      0.3542060386530336
      0.3552443019017332
      0.3563099387678129
