                       0
    1.28759131246667e-05
   5.159258001104134e-05
   0.0001163349071061986
    0.000207267679101243
    0.000324535509644673
   0.0004682628441538786
    0.000638554014276056
   0.0008354933432592993
    0.001059145301237728
    0.001309554709182186
    0.001586746990021541
    0.001890728465200009
    0.002221486694704509
    0.002578990858373784
    0.002963192176089124
    0.003374024364246111
    0.003811404125718502
    0.004275231670350868
    0.004765391262856019
    0.005281751794848038
    0.005824167377612519
    0.006392477952102813
    0.006986509912556089
    0.007606076740045575
    0.008250979642226375
    0.008921008195492642
    0.009615940985742453
     0.01033554624394597
     0.01107958247272967
     0.01184779906022802
      0.0126399368775097
     0.01345572885596293
     0.01429490054111854
      0.0151571706195033
     0.01604225141524757
     0.01694984935331983
     0.01787966538642567
     0.01883139538278984
     0.01980473047223527
     0.02079935734818135
     0.02181495852340596
     0.02285121253764745
     0.02390779411536529
     0.02498437427222829
     0.02608062036915823
     0.02719619611301827
     0.02833076150330409
     0.02948397272446493
     0.03065548198375264
      0.0318449372947678
     0.03305198220713983
     0.03427625548304433
     0.03551739072152136
     0.03677501593181388
     0.03804875305719383
     0.03933821745098403
     0.04064301730671564
     0.04196275304458413
     0.04329701665657759
     0.04464539101285405
     0.04600744913213464
     0.04738275341905911
     0.04877085487161966
     0.05017129226194542
     0.05158359129385733
      0.0530072637407509
     0.05444180656748921
     0.05588670104010781
     0.05734141182724167
      0.0588053860972852
     0.06027805261539238
     0.06175882084451052
     0.06324708005472549
     0.06474219844527511
     0.06624352228366158
     0.06775037506636605
     0.06926205670573779
     0.07077784274769977
     0.07229698362497471
     0.07381870395060534
     0.07534220185660015
     0.07686664838260129
     0.07839118691952984
     0.07991493271321619
     0.08143697243308158
     0.08295636381097901
     0.08447213535534584
     0.08598328614585035
     0.08748878571374097
     0.08898757401311258
     0.09047856148830476
     0.09196062924261968
     0.09343262931351309
     0.09489338505933845
      0.0963416916626426
      0.0977763167548841
     0.09919600116729824
      0.1005994598124442
      0.1019853827007437
       0.103352436096054
      0.1046992638140058
      0.1060244886664822
      0.1073267140552043
      0.1086045257169367
      0.1098564936223118
      0.1110811740297185
      0.1122771116950784
      0.1134428422376725
       0.114576894661461
      0.1156777940305718
      0.1167440642968228
      0.1177742312762866
      0.1187668257710079
      0.1197203868310697
      0.1206334651512409
      0.1215046265954774
       0.122332455841567
      0.1231155601372321
      0.1238525731580368
      0.1245421589565018
      0.1251830159909206
      0.1257738812215088
      0.1263135342607173
       0.126800801563819
       0.127234560645237
      0.1276137443055601
      0.1279373448537679
       0.128204418308924
      0.1284140885654479
      0.1285655515061191
      0.1286580790471544
      0.1286910231000978
      0.1286638194358251
      0.1285759914367603
      0.1284271537243797
      0.1282170156502802
      0.1279453846405149
      0.1276121693845177
      0.1272173828617903
      0.1267611452015744
        0.12624368637298
      0.1256653487054732
      0.1250265892422402
      0.1243279819316982
      0.1235702196653168
      0.1227541161729054
      0.1218806077895893
       0.120950755111791
      0.1199657445626281
      0.1189268898901633
      0.1178356336248482
      0.1166935485252171
      0.1155023390433205
      0.1142638428434351
      0.1129800324091425
      0.1116530167747539
      0.1102850434171184
      0.1088785003428534
      0.1074359184037128
      0.1059599738688408
      0.1044534912766497
      0.1029194465805472
      0.1013609705911656
     0.09978135270244971
     0.09818404486920541
     0.09657266577862897
     0.09495100512699871
     0.09332302787411992
     0.09169287830127514
     0.09006488364245153
     0.08844355699281768
     0.08683359912256669
     0.08523989873879602
     0.08366753064457609
     0.08212175114580875
     0.08060798995793104
     0.07913183777360726
      0.0776990285799504
     0.07631541577359767
     0.07498694113154691
     0.07371959577514882
     0.07251937243529853
     0.07139220860839623
     0.07034392059934275
     0.06938012898351339
     0.06850617667210752
     0.06772704150130311
     0.06704724602815471
     0.06647076792526065
     0.06600095492577128
     0.06564044858057465
     0.06539112106479347
     0.06525402885881593
     0.06522938632778515
     0.06531656108915902
     0.06551409170216703
     0.06581972678637403
      0.0662304833431607
     0.06674272096195435
     0.06735222784952957
     0.06805431427615802
     0.06884390907825561
     0.06971565523521218
     0.07066400115762916
     0.07168328508210697
     0.07276781076614025
     0.07391191343554886
      0.0751100156002029
      0.0763566728903096
     0.07764661046540174
     0.07897475081760856
     0.08033623394630975
     0.08172643094441839
      0.0831409520299841
     0.08457565000161681
     0.08602662001043425
     0.08749019643918192
     0.08896294757161557
     0.09044166862968779
     0.09192337365739284
     0.09340528664108548
     0.09488483217794373
     0.09635962593721466
     0.09782746510244897
     0.09928631893624755
      0.1007343195709779
      0.1021697530983575
       0.103591051006596
      0.1049967819948966
      0.1063856441806236
       0.107756457703498
      0.1091081577231197
      0.1104397878003188
      0.1117504936488389
      0.1130395172412432
      0.1143061912513784
      0.1155499338149935
      0.1167702435899445
      0.1179666950976986
      0.1191389343284234
      0.1202866745927187
       0.121409692603955
      0.1225078247761434
      0.1235809637232587
      0.1246290549469206
      0.1256520937002911
      0.1266501220169693
      0.1276232258945109
      0.1285715326230169
      0.1294952082499606
       0.130394455173117
      0.1312695098540673
      0.1321206406453197
      0.1329481457245963
      0.1337523511302964
      0.1345336088925578
      0.1352922952547139
      0.1360288089802776
      0.1367435697408855
       0.137437016580906
      0.1381096064546654
      0.1387618128324628
      0.1393941243717525
       0.140007043650059
      0.1406010859563551
      0.1411767781377986
      0.1417346574988684
      0.1422752707500765
      0.1427991730035699
      0.1433069268130559
      0.1437991012556032
      0.1442762710529916
      0.1447390157303809
      0.1451879188101974
      0.1456235670392136
      0.1460465496469215
      0.1464574576333837
      0.1468568830848475
      0.1472454185154986
      0.1476236562338241
      0.1479921877321375
      0.1483516030979103
      0.1487024904456307
      0.1490454353679919
      0.1493810204052919
      0.1497098245319946
      0.1500324226594745
      0.1503493851540367
      0.1506612773693619
      0.1509686591925916
      0.1512720846033228
      0.1515721012448351
      0.1518692500069265
      0.1521640646197769
      0.1524570712583106
      0.1527487881565625
      0.1530397252316024
      0.1533303837165969
      0.1536212558026403
      0.1539128242890054
      0.1542055622415025
      0.1544999326586733
      0.1547963881455646
      0.1550953705948673
      0.1553973108752274
      0.1557026285265709
      0.1560117314623104
      0.1563250156783284
      0.1566428649686658
      0.1569656506478675
      0.1572937312799722
      0.1576274524141559
      0.1579671463270735
      0.1583131317719703
       0.158665713734661
      0.1590251831965052
      0.1593918169045379
      0.1597658771489337
      0.1601476115480157
      0.1605372528410381
      0.1609350186890018
      0.1613411114837713
      0.1617557181657912
      0.1621790100507047
      0.1626111426651989
      0.1630522555924031
      0.1635024723271783
      0.1639619001416357
      0.1644306299612228
      0.1649087362517125
      0.1653962769174229
      0.1658932932109831
      0.1663998096549514
      0.1669158339755721
      0.1674413570489381
      0.1679763528598059
      0.1685207784732889
      0.1690745740196258
      0.1696376626921936
      0.1702099507589172
      0.1707913275871895
      0.1713816656823975
      0.1719808207401204
      0.1725886317120429
       0.173204920885608
      0.1738294939774075
      0.1744621402402975
       0.175102632584211
      0.1757507277106271
      0.1764061662606554
      0.1770686729766906
        0.17773795687759
      0.1784137114473423
      0.1790956148372006
      0.1797833300812695
      0.1804765053255603
      0.1811747740705425
       0.181877755427259
      0.1825850543870919
      0.1832962621053048
      0.1840109561985205
      0.1847287010563299
      0.1854490481672595
      0.1861715364593763
      0.1868956926558214
       0.187621031645621
        0.18834705687014
      0.1890732607255738
         0.1897991249819
       0.190524121218725
      0.1912477112784728
       0.191969347737367
      0.1926884743946459
      0.1934045267804477
      0.1941169326827587
      0.1948251126938045
       0.195528480776192
      0.1962264448490693
      0.1969184073944842
      0.1976037660840408
      0.1982819144258545
      0.1989522424316807
      0.1996141373039777
       0.200266984142511
        0.20091016666995
      0.2015430679757422
       0.202165071277361
      0.2027755606978292
       0.203373922058216
      0.2039595436835745
      0.2045318172205836
      0.2050901384648929
      0.2056339081959592
      0.2061625330168934
      0.2066754261966114
      0.2071720085113225
       0.207651709082157
      0.2081139662054941
      0.2085582281723272
      0.2089839540727913
      0.2093906145817787
      0.2097776927213913
      0.2101446845958262
      0.2104911000941616
      0.2108164635564158
      0.2111203143981951
      0.2114022076892201
      0.2116617146810439
      0.2118984232793562
       0.212111938456368
      0.2123018825989665
       0.212467895788556
       0.212609636008788
      0.2127267792777568
      0.2128190197016429
      0.2128860694472887
      0.2129276586317405
      0.2129435351274174
      0.2129334642822569
      0.2128972285549456
      0.2128346270661541
      0.2127454750675759
      0.2126296033315035
      0.2124868574646347
       0.212317097150841
      0.2121201953286649
      0.2118960373103926
      0.2116445198506321
      0.2113655501734194
      0.2110590449679517
      0.2107249293640975
      0.2103631358998648
      0.2099736034939646
      0.2095562764375188
      0.2091111034197873
      0.2086380366035185
      0.2081370307661574
      0.2076080425236502
      0.2070510296539622
      0.2064659505376571
      0.2058527637329671
      0.2052114277027081
      0.2045419007101429
      0.2038441409004897
      0.2031181065841823
      0.2023637567372339
      0.2015810517331288
      0.2007699543195861
      0.1999304308522844
      0.1990624527962525
      0.1981659985041055
      0.1972410552786493
      0.1962876217256311
      0.1953057104005425
       0.194295350751473
      0.1932565923580048
      0.1921895084641035
      0.1910941998008833
      0.1899707986930317
      0.1888194734405642
        0.18764043296547
      0.1864339317106875
      0.1852002747767336
      0.1839398232791784
      0.1826529999080053
      0.1813402946677172
      0.1800022707747898
      0.1786395706867484
      0.1772529222346623
      0.1758431448282183
      0.1744111556996671
      0.1729579761497763
      0.1714847377554334
      0.1699926884946064
      0.1684831987399598
      0.1669577670674256
      0.1654180258203934
      0.1638657463638204
      0.1623028439554424
      0.1607313821532959
      0.1591535766699981
      0.1575717985746197
      0.1559885767326568
      0.1544065993636572
      0.1528287145847208
      0.1512579297966688
      0.1496974097586148
      0.1481504731865093
      0.1466205877027236
      0.1451113629577477
      0.1436265417426676
       0.142169988913483
      0.1407456779568663
      0.1393576750431145
      0.1380101204372522
      0.1367072071749187
      0.1354531569569433
       0.134252193276206
      0.1331085118626794
      0.1320262486169204
      0.1310094452972013
      0.1300620133283274
      0.1291876962071522
      0.1283900310858539
      0.1276723102131383
      0.1270375429988629
      0.1264884195320532
      0.1260272764190994
      0.1256560658122705
      0.1253763284644139
      0.1251891715720108
      0.1250952520565649
      0.1250947657875368
      0.1251874430754762
       0.125372550570843
      0.1256488995031055
      0.1260148599976118
       0.126468381025712
      0.1270070153864882
      0.1276279489939645
       0.128328033656731
      0.1291038224895122
      0.1299516070874313
      0.1308674556201327
      0.1318472510592186
      0.1328867288320381
       0.133981513290668
      0.1351271524899139
      0.1363191508759887
      0.1375529995927337
      0.1388242042105857
      0.1401283097719122
      0.1414609231229426
      0.1428177325664335
      0.1441945249204398
      0.1455872001076679
      0.1469917834280085
      0.1484044356852417
      0.1498214613491014
      0.1512393149373281
      0.1526546058004336
      0.1540641014859453
      0.1554647298500058
      0.1568535800733446
      0.1582279027265895
      0.1595851090172817
      0.1609227693383062
      0.1622386112250781
      0.1635305168170266
      0.1647965199078545
       0.166034802658812
      0.1672436920398896
      0.1684216560553815
      0.1695672998027093
      0.1706793614066628
      0.1717567078652679
      0.1727983308382693
      0.1738033424046482
      0.1747709708116163
      0.1757005562340846
      0.1765915465606165
      0.1774434932193066
       0.178256047054808
      0.1790289542658337
      0.1797620524108118
      0.1804552664879742
      0.1811086050949593
      0.1817221566719525
      0.1822960858315169
      0.1828306297774758
      0.1833260948145544
      0.1837828529499001
      0.1842013385870988
      0.1845820453128575
       0.184925522776143
      0.1852323736592059
      0.1855032507396246
      0.1857388540422256
       0.185939928079487
      0.1861072591788107
      0.1862416728948482
      0.1863440315048756
      0.1864152315850536
      0.1864562016652472
      0.1864678999599445
       0.186451312172689
      0.1864074493713185
      0.1863373459312045
      0.1862420575435988
      0.1861226592861002
      0.1859802437522015
      0.1858159192368077
      0.1856308079745783
      0.1854260444279116
      0.1852027736213755
       0.184962149519375
      0.1847053334438701
      0.1844334925289746
       0.184147798209312
      0.1838494247390637
      0.1835395477387266
      0.1832193427666871
      0.1828899839128431
      0.1825526424116352
      0.1822084852720109
      0.1818586739220266
      0.1815043628659845
      0.1811466983522361
      0.1807868170500186
      0.1804258447339653
      0.1800648949752086
      0.1797050678383094
      0.1793474485835663
         0.1789931063746
      0.1786430929914687
       0.178298441549932
      0.1779601652278673
      0.1776292560002177
      0.1773066833842421
      0.1769933931972243
       0.176690306329167
      0.1763983175333786
      0.1761182942381952
      0.1758510753834291
      0.1755974702854262
      0.1753582575348939
      0.1751341839319011
      0.1749259634626414
        0.17473427632271
      0.1745597679917365
      0.1744030483642705
      0.1742646909418031
      0.1741452320907433
      0.1740451703710364
      0.1739649659399288
       0.173905040035129
      0.1738657745413164
      0.1738475116435732
      0.1738505535709171
      0.1738751624326319
      0.1739215601495937
      0.1739899284822486
      0.1740804091563157
      0.1741931040867001
      0.1743280756994806
      0.1744853473512198
      0.1746649038442287
       0.174866692035799
      0.1750906215388301
       0.175336565510705
      0.1756043615267327
       0.175893812533969
      0.1762046878807766
      0.1765367244170716
      0.1768896276598416
       0.177263073018225
      0.1776567070721811
      0.1780701488986055
      0.1785029914385934
       0.178954802899492
      0.1794251281853523
      0.1799134903494205
      0.1804193920623936
      0.1809423170902774
      0.1814817317758596
      0.1820370865180114
      0.1826078172432534
      0.1831933468643047
      0.1837930867205933
      0.1844064379960248
      0.1850327931096114
      0.1856715370748901
      0.1863220488243836
       0.186983702495681
       0.187655868676049
      0.1883379156027898
      0.1890292103168787
      0.1897291197677058
      0.1904370118670345
      0.1911522564905488
      0.1918742264256224
      0.1926022982641714
      0.1933358532396672
      0.1940742780075888
      0.1948169653687736
      0.1955633149352851
      0.1963127337385632
      0.1970646367797597
      0.1978184475222623
      0.1985735983265239
      0.1993295308273975
      0.2000856962542483
      0.2008415556941903
      0.2015965802988469
      0.2023502514350859
      0.2031020607802307
      0.2038515103622869
      0.2045981125457678
       0.205341389963739
      0.2060808753967514
      0.2068161115993678
      0.2075466510750462
      0.2082720558001912
      0.2089918968982537
      0.2097057542648272
      0.2104132161447696
      0.2111138786624762
      0.2118073453065286
       0.212493226370066
      0.2131711383483515
      0.2138407032951581
      0.2145015481397502
      0.2151533039664145
      0.2157956052586874
      0.2164280891106161
      0.2170503944076239
      0.2176621609797671
      0.2182630287304175
      0.2188526367436635
      0.2194306223739735
       0.219996620321952
      0.2205502617002764
       0.221091173094205
      0.2216189756213077
       0.222133283995369
      0.2226337055996743
      0.2231198395751779
      0.2235912759292902
       0.224047594671285
       0.224488364980552
      0.2249131444141216
      0.2253214781600931
      0.2257128983437332
      0.2260869233931714
      0.2264430574716881
      0.2267807899836794
      0.2270995951613836
       0.227398931739461
      0.2276782427244471
      0.2279369552660057
      0.2281744806367542
      0.2283902143272638
      0.2285835362625676
      0.2287538111462673
        0.22890038893797
      0.2290226054694386
      0.2291197832044188
      0.2291912321466573
      0.2292362509001385
      0.2292541278850433
      0.2292441427123827
       0.229205567719668
      0.2291376696693947
      0.2290397116114617
      0.2289109549100357
      0.2287506614346902
      0.2285580959150072
      0.2283325284571457
      0.2280732372202268
      0.2277795112497106
      0.2274506534642876
      0.2270859837921594
      0.2266848424519387
      0.2262465933727878
      0.2257706277477971
        0.22525636771402
      0.2247032701520088
      0.2241108305971417
       0.223478587254488
      0.2228061251084447
      0.2220930801178616
      0.2213391434868797
      0.2205440660012072
      0.2197076624190817
      0.2188298159056528
      0.2179104824990326
      0.2169496955957263
      0.2159475704425995
      0.2149043086219527
      0.2138202025156185
      0.2126956397332856
      0.2115311074894595
      0.2103271969125673
      0.2090846072686993
       0.207804150081315
      0.2064867531269203
      0.2051334642851947
      0.2037454552203239
      0.2023240248682951
      0.2008706027026721
      0.1993867517487949
      0.1978741713134704
       0.196334699393984
      0.1947703147266504
      0.1931831384311436
      0.1915754352024839
      0.1899496139978319
      0.1883082281601912
      0.1866539749157927
      0.1849896941764337
      0.1833183665724678
      0.1816431106366911
       0.179967179054221
      0.1782939538889166
      0.1766269406932666
       0.174969761406357
      0.1733261459440085
       0.171699922386941
      0.1700950056774881
      0.1685153847435255
      0.1669651079805503
      0.1654482670398558
      0.1639689788930174
       0.162531366170894
      0.1611395358092839
      0.1597975560732549
      0.1585094320776819
      0.1572790799719501
      0.1561103000109509
      0.1550067487908011
      0.1539719109840033
      0.1530090709625171
       0.152121284745492
      0.1513113527481289
      0.1505817938361598
      0.1499348212038381
      0.1493723205897043
      0.1488958313220047
      0.1485065306437749
       0.148205221706621
      0.1479923255437784
      0.1478678772398639
      0.1478315264107673
      0.1478825419970083
      0.1480198212628014
      0.1482419027863134
      0.1485469831291477
      0.1489329367892831
      0.1493973389749057
      0.1499374906890281
      0.1505504455874231
      0.1512330380649913
      0.1519819120368426
      0.1527935499078774
      0.1536643012656159
      0.1545904108821912
      0.1555680456694588
      0.1565933202928485
      0.1576623212119797
      0.1587711289766948
      0.1599158386640479
      0.1610925783934558
      0.1622975259027218
      0.1635269232064646
      0.1647770893905156
      0.1660444316212727
      0.1673254544682431
      0.1686167676516483
      0.1699150923356849
      0.1712172660925333
      0.1725202466632134
      0.1738211146395665
      0.1751170751876258
       0.176405458926983
      0.1776837220739437
      0.1789494459486943
      0.1802003359387409
      0.1814342200027473
       0.182649046790873
      0.1838428834498894
      0.1850139131738979
      0.1861604325544436
      0.1872808487772672
       0.188373676706899
      0.1894375358947718
      0.1904711475415159
       0.191473331439578
      0.1924430029182615
      0.1933791698096688
      0.1942809294508453
      0.1951474657346044
      0.1959780462190487
       0.196772019303657
      0.1975288114779414
      0.1982479246470761
      0.1989289335375257
      0.1995714831845274
      0.2001752865022963
      0.2007401219370004
      0.2012658312018562
      0.2017523170931462
      0.2021995413854966
      0.2026075228044011
      0.2029763350736917
      0.2033061050354514
      0.2035970108397136
      0.2038492802011885
      0.2040631887201969
      0.2042390582649712
      0.2043772554124731
      0.2044781899449126
      0.2045423133991788
      0.2045701176664534
      0.2045621336393207
      0.2045189299037698
       0.204441111473518
      0.2043293185641744
      0.2041842254047921
      0.2040065390844243
      0.2037969984313345
      0.2035563729225461
      0.2032854616214421
      0.2029850921411365
      0.2026561196313498
      0.2022994257865063
      0.2019159178727596
      0.2015065277716269
      0.2010722110378739
      0.2006139459692515
      0.2001327326856306
      0.1996295922150345
      0.1991055655839937
      0.1985617129095952
      0.1979991124905303
      0.1974188598943782
      0.1968220670383059
      0.1962098612603115
      0.1955833843780805
      0.1949437917325016
      0.1942922512128534
      0.1936299422606673
      0.1929580548492858
       0.192277788436158
       0.191590350884976
      0.1908969573548323
      0.1901988291536899
       0.189497192553601
      0.1887932775652824
      0.1880883166698755
      0.1873835435059646
      0.1866801915102227
      0.1859794925103881
      0.1852826752696487
      0.1845909639819327
      0.1839055767180588
      0.1832277238232088
      0.1825586062667154
      0.1818994139457439
       0.181251323945046
      0.1806154987556085
      0.1799930844556685
      0.1793852088582492
      0.1787929796300476
      0.1782174823871832
      0.1776597787739932
       0.177120904531706
      0.1766018675644393
       0.176103646010559
      0.1756271863279373
       0.175173401402121
       0.174743168686793
       0.174337328386201
      0.1739566816894246
      0.1736019890664371
      0.1732739686358914
      0.1729732946144167
       0.172700595856942
      0.1724564544971698
      0.1722414046968095
      0.1720559315115434
      0.1719004698809507
      0.1717754037487622
      0.1716810653188738
      0.1716177344515161
      0.1715856382028954
      0.1715849505104753
      0.1716157920249088
        0.17167823008845
      0.1717722788585087
      0.1718978995738785
      0.1720550009600741
      0.1722434397691932
      0.1724630214487773
      0.1727135009332981
      0.1729945835511635
      0.1733059260395071
      0.1736471376585389
      0.1740177813968603
      0.1744173752589044
      0.1748453936255542
      0.1753012686789921
      0.1757843918829687
      0.1762941155098955
      0.1768297542065089
      0.1773905865902516
      0.1779758568690032
      0.1785847764773363
      0.1792165257230464
      0.1798702554383213
      0.1805450886305431
