                       0
   4.996626666666861e-05
   0.0001997269431941681
   0.0004490676792340781
    0.000797764604684425
    0.001245584370907122
    0.001792284192556757
    0.002437611889829315
    0.003181305930891672
    0.004023095474194029
    0.004962700410328889
    0.005999831403051874
     0.00713418992901671
    0.008365468315755501
    0.009693349777380336
     0.01111750844742576
     0.01263760940825469
     0.01425330871635729
     0.01596425342288003
     0.01777008158867097
     0.01967042229307888
     0.02166489563574701
     0.02375311273061573
      0.0259346756912535
     0.02820917760672064
     0.03057620250705397
     0.03303532531750999
     0.03558611180064179
     0.03822811848527839
     0.04096089258153263
     0.04378397188081523
     0.04669688463996199
     0.04969914944853614
     0.05279027507829928
     0.05596976031395599
     0.05923709376419867
     0.06259175365213282
     0.06603320758415336
     0.06956091229632196
     0.07317431337739851
     0.07687284496764207
     0.08065592943246445
     0.08452297701017068
     0.08847338543297202
     0.09250653952044062
     0.09662181074473841
      0.1008185567669074
      0.1050961209434969
      0.1094538318030517
      0.1138910024917668
      0.1184069301878999
      0.1230008954844575
      0.1276721617397799
      0.1324199743957307
      0.1372435602633566
      0.1421421267755814
      0.1471148612072219
      0.1521609298621634
      0.1572794772278233
      0.1624696250972652
      0.1677304716590992
      0.1730610905558188
      0.1784605299112128
      0.1839278113272746
      0.1894619288518623
      0.1950618479178618
      0.2007265042550988
      0.2064548027763365
      0.2122456164389175
       0.218097785083721
      0.2240101142531779
      0.2299813739905674
      0.2360102976227899
      0.2420955805291877
      0.2482358788988608
      0.2544298084798194
      0.2606759433226057
      0.2669728145219388
      0.2733189089606535
      0.2797126680583117
      0.2861524865301776
      0.2926367111598414
      0.2991636395904544
      0.3057315191395788
      0.3123385456422261
      0.3189828623279361
      0.3256625587371073
      0.3323756696826561
      0.3391201742627525
      0.3458939949307014
      0.3526949966291831
      0.3595209859945502
       0.366369710638396
      0.3732388585132395
      0.3801260573696242
      0.3870288743111633
      0.3939448154557172
      0.4008713257088458
      0.4078057886578489
      0.4147455265931037
      0.4216878006641811
       0.428629811177623
      0.4355686980436311
      0.4425015413783348
      0.4494253622682759
      0.4563371237033697
      0.4632337316846122
      0.4701120365114464
       0.476968834254777
      0.4838008684199573
      0.4906048318037599
      0.4973773685493937
      0.5041150764016554
      0.5108145091658561
      0.5174721793704772
      0.5240845611351806
       0.530648093243968
      0.5371591824224592
      0.5436142068171386
      0.5500095196737389
      0.5563414532117233
      0.5626063226887923
      0.5688004306500675
       0.574920071355762
      0.5809615353781925
      0.5869211143602382
       0.592795105923989
      0.5985798187205881
      0.6042715776070655
      0.6098667289386739
       0.615361645962309
      0.6207527342963974
      0.6260364374822751
      0.6312092425894724
      0.6362676858597062
      0.6412083583706121
      0.6460279117023353
       0.650723063587586
      0.6552906035272242
      0.6597273983518415
      0.6640303977107613
      0.6681966394689023
       0.672223254993063
      0.6761074743083333
      0.6798466311064171
      0.6834381675879984
       0.686879639121605
      0.6901687187017733
      0.6933032011906536
      0.6962810073283945
      0.6991001874964664
      0.7017589252221487
      0.7042555404103865
      0.7065884922933662
      0.7087563820871675
      0.7107579553459789
      0.7125921040083248
      0.7142578681274611
       0.715754437282615
      0.7170811516666644
      0.7182375028493492
      0.7192231342143451
      0.7200378410722733
      0.7206815704501958
      0.7211544205626914
      0.7214566399679773
       0.721588626415512
      0.7215509253922919
      0.7213442283753473
      0.7209693708006216
       0.720427329757814
      0.7197192214224519
      0.7188462982368869
      0.7178099458535109
      0.7166116798523431
      0.7152531422483106
       0.713736097801517
      0.7120624301452898
      0.7102341377476576
      0.7082533297210613
      0.7061222214959431
      0.7038431303737166
      0.7014184709744078
      0.6988507505942101
      0.6961425644894762
      0.6932965911000232
      0.6903155872286089
      0.6872023831899925
      0.6839598779434788
      0.6805910342230598
      0.6770988736783605
      0.6734864720383268
      0.6697569543107835
       0.665913490028174
      0.6619592885515548
      0.6578975944425065
      0.6537316829122587
      0.6494648553585377
      0.6451004349962971
      0.6406417625922048
      0.6360921923080898
      0.6314550876613203
       0.626733817606304
      0.6219317527436787
       0.617052261660177
      0.6120987074039951
      0.6070744440987865
      0.6019828136979984
      0.5968271428827636
      0.5916107401037538
      0.5863368927689838
      0.5810088645768575
      0.5756298929953257
      0.5702031868861471
      0.5647319242737048
      0.5592192502560108
      0.5536682750577656
      0.5480820722219087
       0.542463676938017
      0.5368160845043399
      0.5311422489213002
      0.5254450816119633
      0.5197274502669974
      0.5139921778102083
      0.5082420414805399
      0.5024797720269376
      0.4967080530114862
      0.4909295202170995
      0.4851467611554992
      0.4793623146702349
      0.4735786706317902
      0.4677982697192225
      0.4620235032844667
       0.456256713294778
      0.4505001923489771
      0.4447561837633038
      0.4390268817224145
      0.4333144314915096
      0.4276209296853171
      0.4219484245903772
      0.4162989165359587
      0.4106743583106784
      0.4050766556201854
      0.3995076675832535
      0.3939692072621419
      0.3884630422243484
      0.3829908951322291
      0.3775544443575511
      0.3721553246180733
      0.3667951276333375
       0.361475402796967
      0.3561976578628354
      0.3509633596429684
      0.3457739347144424
      0.3406307701337974
      0.3355352141561774
      0.3304885769578695
      0.3254921313601315
      0.3205471135529009
      0.3156547238164908
      0.3108161272400579
      0.3060324544356261
      0.3013048022460286
      0.2966342344459642
      0.2920217824349971
      0.2874684459216606
      0.2829751935976115
      0.2785429638009486
      0.2741726651687204
      0.2698651772768852
      0.2656213512680948
      0.2614420104663253
      0.2573279509779319
      0.2532799422792813
       0.249298727789861
      0.2453850254311253
      0.2415395281708531
      0.2377629045526354
      0.2340557992106228
      0.2304188333692433
      0.2268526053278843
      0.2233576909308446
      0.2199346440220789
      0.2165839968852037
      0.2133062606686477
      0.2101019257962312
      0.2069714623629636
      0.2039153205167142
      0.2009339308254856
      0.1980277046306709
      0.1951970343866045
      0.1924422939863022
      0.1897638390739985
      0.1871620073444529
      0.1846371188293202
      0.1821894761708965
      0.1798193648834877
      0.1775270536026076
      0.1753127943222944
      0.1731768226207812
      0.1711193578748627
      0.1691406034630678
      0.1672407469581216
       0.165419960308689
      0.1636784000109221
      0.1620162072698051
      0.1604335081506454
      0.1589304137211473
      0.1575070201838809
       0.156163408999764
      0.1548996470025164
      0.1537157865044688
      0.1526118653937875
      0.1515879072234496
       0.150643921292031
      0.1497799027164755
       0.148995832497261
       0.148291677575687
      0.1476673908838543
      0.1471229113872626
      0.1466581641201659
      0.1462730602138506
       0.145967496917985
      0.1457413576150701
      0.1455945118281872
      0.1455268152219943
      0.1455381095972247
      0.1456282228786113
      0.1457969690964847
      0.1460441483618733
      0.1463695468354817
      0.1467729366902767
      0.1472540760679253
       0.147812709029202
      0.1484485654982008
      0.1491613612005143
      0.1499507975954986
      0.1508165618025621
       0.151758326521546
      0.1527757499473093
      0.1538684756784711
      0.1550361326205293
      0.1562783348831737
      0.1575946816721451
       0.158984757175441
      0.1604481304443189
      0.1619843552687052
      0.1635929700475434
      0.1652734976540023
      0.1670254452956814
      0.1688483043700405
      0.1707415503150933
      0.1727046424557228
      0.1747370238455543
      0.1768381211048582
      0.1790073442545393
      0.1812440865466224
      0.1835477242913692
      0.1859176166813293
      0.1883531056127906
      0.1908535155048869
      0.1934181531165983
      0.1960463073623937
      0.1987372491265603
       0.201490231077003
      0.2043044874786974
      0.2071792340075491
      0.2101136675651098
       0.213106966094681
      0.2161582883995332
      0.2192667739637574
      0.2224315427763471
      0.2256516951595241
      0.2289263116015815
      0.2322544525954624
      0.2356351584833444
      0.2390674493086246
      0.2425503246755088
      0.2460827636176259
      0.2496637244761266
      0.2532921447884899
      0.2569669411888482
      0.2606870093204502
      0.2644512237618571
      0.2682584379673353
      0.2721074842226997
      0.2759971736174094
      0.2799262960340728
      0.2838936201561671
      0.2878978934953424
      0.2919378424388285
      0.2960121723183271
      0.3001195675010712
       0.304258691504075
      0.3084281871328202
      0.3126266766446379
       0.316852761938325
      0.3211050247702037
      0.3253820269980663
      0.3296823108530115
      0.3340043992404443
      0.3383467960706247
      0.3427079866191766
       0.347086437918208
      0.3514805991785937
      0.3558889022431352
       0.360309762071591
      0.3647415772570815
      0.3691827305743097
      0.3736315895593017
      0.3780865071202595
       0.382545822179988
      0.3870078603485036
      0.3914709346260416
       0.395933346135402
      0.4003933848829088
      0.4048493305472955
       0.409299453295242
      0.4137420146225021
      0.4181752682192941
      0.4225974608588019
      0.4270068333071088
      0.4314016212528098
      0.4357800562550282
      0.4401403667078452
      0.4444807788193323
      0.4487995176032593
      0.4530948078816648
      0.4573648752958904
      0.4616079473251775
      0.4658222543091727
       0.470006030474185
      0.4741575149597788
      0.4782749528445462
      0.4823565961696024
      0.4864007049573994
      0.4904055482248491
      0.4943694049888294
      0.4982905652636989
      0.5021673310488488
      0.5059980173057774
      0.5097809529248137
       0.513514481679433
      0.5171969631698257
      0.5208267737545237
      0.5244023074711697
      0.5279219769468456
       0.531384214298756
      0.5347874720265503
      0.5381302238975063
      0.5414109658265241
      0.5446282167523703
      0.5477805195128749
      0.5508664417201163
      0.5538845766392643
       0.556833544072723
      0.5597119912517984
      0.5625185937395802
      0.5652520563462571
      0.5679111140594939
      0.5704945329931091
       0.573001111354678
      0.5754296804350675
      0.5777791056207434
       0.580048287430423
      0.5822361625769878
      0.5843417050541934
      0.5863639272496308
      0.5883018810817883
      0.5901546591608732
      0.5919213959720263
        0.59360126907754
       0.595193500335809
      0.5966973571338959
      0.5981121536284377
      0.5994372519912072
      0.6006720636533682
      0.6018160505428097
      0.6028687263082071
      0.6038296575223566
      0.6046984648581614
      0.6054748242298978
      0.6061584678900357
      0.6067491854759208
      0.6072468249957658
      0.6076512937470865
        0.60796255915842
      0.6081806495465617
       0.608305654780499
      0.6083377268454825
      0.6082770802985731
      0.6081239926097992
      0.6078788043819158
      0.6075419194434902
      0.6071138048095167
      0.6065949905064386
      0.6059860692571486
      0.6052876960237324
      0.6045005874065712
      0.6036255208983812
      0.6026633339944565
      0.6016149231590876
      0.6004812426518527
      0.5992633032155841
       0.597962170630626
      0.5965789641411282
       0.595114854758001
      0.5935710634464982
      0.5919488592048383
        0.59024955704319
      0.5884745158712517
      0.5866251363035331
      0.5847028583932157
      0.5827091593040339
      0.5806455509307332
      0.5785135774799344
       0.576314813020692
      0.5740508590169623
      0.5717233418522235
      0.5693339103570678
      0.5668842333500803
      0.5643759972026464
      0.5618109034364278
      0.5591906663638946
      0.5565170107797462
      0.5537916697117856
      0.5510163822390807
        0.54819289138349
      0.5453229420810075
      0.5424082792391338
      0.5394506458839329
      0.5364517814006341
      0.5334134198723295
      0.5303372885174601
      0.5272251062289161
      0.5240785822156308
      0.5208994147461774
      0.5176892899954162
      0.5144498809915093
      0.5111828466630381
      0.5078898309835607
      0.5045724622112406
      0.5012323522198184
      0.4978710959186593
      0.4944902707564341
      0.4910914363058996
      0.4876761339246976
      0.4842458864869894
      0.4808021981822841
      0.4773465543759617
      0.4738804215266814
      0.4704052471556893
      0.4669224598631382
       0.463433469387001
      0.4599396666985644
      0.4564424241313616
      0.4529430955379181
      0.4494430164704158
       0.445943504380953
      0.4424458588375426
      0.4389513617519116
      0.4354612776160707
      0.4319768537437508
      0.4284993205141592
      0.4250298916150073
      0.4215697642826886
      0.4181201195368895
      0.4146821224077292
      0.4112569221540783
      0.4078456524710944
      0.4044494316855982
      0.4010693629386139
      0.3977065343541374
      0.3943620191929451
      0.3910368759917511
      0.3877321486865881
      0.3844488667212122
      0.3811880451394548
      0.3779506846624123
       0.374737771750607
      0.3715502786513729
      0.3683891634316735
      0.3652553699976125
      0.3621498281005098
      0.3590734533306878
      0.3560271470994048
      0.3530117966100221
      0.3500282748190932
      0.3470774403877646
      0.3441601376252781
      0.3412771964244145
      0.3384294321903306
      0.3356176457635369
      0.3328426233374555
      0.3301051363721706
      0.3274059415039975
      0.3247457804528644
      0.3221253799272593
      0.3195454515278058
      0.3170066916502741
      0.3145097813883989
      0.3120553864369798
      0.3096441569961745
      0.3072767276773197
      0.3049537174101636
      0.3026757293531496
      0.3004433508057698
      0.2982571531242683
      0.2961176916406516
      0.2940255055849471
       0.291981118011628
      0.2899850357297075
      0.2880377492369509
      0.2861397326584345
      0.2842914436891602
      0.2824933235410803
      0.2807457968946935
       0.279049271854542
      0.2774041399092907
      0.2758107758962622
      0.2742695379696471
      0.2727807675735479
      0.2713447894184993
      0.2699619114620321
      0.2686324248932696
       0.267356604120994
      0.2661347067652442
      0.2649669736523808
      0.2638536288133945
      0.2627948794852019
      0.2617909161149655
      0.2608419123671444
      0.2599480251332154
      0.2591093945436861
      0.2583261439827194
      0.2575983801046547
      0.2569261928527806
       0.256309655479859
      0.2557488245705442
      0.2552437400654263
      0.2547944252866208
      0.2544008869649751
       0.254063115268515
      0.2537810838322416
      0.2535547497892887
      0.2533840538033116
      0.2532689201019521
      0.2532092565115607
      0.2532049544931704
         0.2532558891796
       0.253361919413755
      0.2535228877882876
      0.2537386206864484
      0.2540089283245499
      0.2543336047956398
      0.2547124281152142
      0.2551451602680259
      0.2556315472573017
       0.256171319155774
      0.2567641901587503
       0.257409858639636
      0.2581080072081425
      0.2588583027708116
      0.2596603965948753
      0.2605139243751373
      0.2614185063042391
      0.2623737471466278
      0.2633792363161593
      0.2644345479584396
      0.2655392410368267
      0.2666928594236609
        0.26789493199611
       0.269144972737431
       0.270442480843559
      0.2717869408354774
      0.2731778226775161
      0.2746145819019612
      0.2760966597400399
      0.2776234832597487
      0.2791944655105612
      0.2808090056751541
      0.2824664892284738
      0.2841662881045532
      0.2859077608705559
      0.2876902529088965
      0.2895130966069897
      0.2913756115551226
      0.2932771047521068
      0.2952168708190708
      0.2971941922210683
      0.2992083394967607
      0.3012585714957614
      0.3033441356236207
      0.3054642680945331
      0.3076181941911909
      0.3098051285317404
      0.3120242753434369
      0.3142748287430551
      0.3165559730228779
      0.3188668829427199
      0.3212067240269959
       0.323574652866749
      0.3259698174254888
       0.328391357348866
      0.3308384042773954
      0.3333100821614985
      0.3358055075781793
      0.3383237900487905
      0.3408640323570946
      0.3434253308665741
      0.3460067758368195
      0.3486074517376649
      0.3512264375603839
      0.3538628071252183
      0.3565156293845319
      0.3591839687203007
      0.3618668852355112
      0.3645634350386594
       0.367272670520042
      0.3699936406196738
      0.3727253910855864
      0.3754669647218148
      0.3782174016256829
      0.3809757394130961
       0.383741013431641
      0.3865122569607391
      0.3892885013981549
      0.3920687764326282
      0.3948521102018636
      0.3976375294356157
      0.4004240595838665
      0.4032107249291812
      0.4059965486838408
       0.408780553071268
      0.4115617593917246
      0.4143391880729589
       0.417111858705673
      0.4198787900639113
      0.4226390001120163
      0.4253915059974324
      0.4281353240312635
      0.4308694696567203
      0.4335929574075765
      0.4363048008567923
      0.4390040125578998
      0.4416896039797895
      0.4443605854372646
      0.4470159660194863
      0.4496547535185442
      0.4522759543598737
      0.4548785735377422
       0.457461614558779
      0.4600240793957791
      0.4625649684558297
      0.4650832805650004
      0.4675780129743972
      0.4700481613898894
      0.4724927200302244
      0.4749106817171109
      0.4773010380008915
      0.4796627793263516
      0.4819948952426898
        0.48429637466095
         0.4865662061638
      0.4888033783714444
      0.4910068803667408
      0.4931757021846774
      0.4953088353674678
      0.4974052735907718
      0.4994640133622517
      0.5014840547959005
      0.5034644024637438
      0.5054040663267934
      0.5073020627461243
      0.5091574155756747
      0.5109691573352294
       0.512736330464016
      0.5144579886529255
      0.5161331982544278
      0.5177610397660806
      0.5193406093846746
      0.5208710206269072
      0.5223514060111708
      0.5237809187950612
      0.5251587347614753
      0.5264840540457811
      0.5277561029970795
      0.5289741360637528
      0.5301374376940997
      0.5312453242428206
      0.5322971458718303
      0.5332922884357451
      0.5342301753395277
      0.5351102693580153
      0.5359320744047771
      0.5366951372394464
      0.5373990491010467
      0.5380434472560252
      0.5386280164503828
      0.5391524902542657
      0.5396166522886606
      0.5400203373247211
      0.5403634322463861
      0.5406458768674638
      0.5408676645971104
      0.5410288429444776
      0.5411295138603933
      0.5411698339082774
      0.5411500142634699
      0.5410703205371747
      0.5409310724251928
      0.5407326431807374
      0.5404754589136335
       0.540159997718218
      0.5397867886338058
      0.5393564104430311
       0.538869490313661
       0.538326702292127
      0.5377287656559905
      0.5370764431349295
      0.5363705390104621
      0.5356118971042669
      0.5348013986673453
       0.533939960181516
      0.5330285310852508
      0.5320680914364653
      0.5310596495258511
      0.5300042394524248
      0.5289029186751308
      0.5277567655524491
      0.5265668768834018
      0.5253343654609567
      0.5240603576510351
      0.5227459910069733
      0.5213924119314581
       0.520000773394849
       0.518572232720248
       0.517107949443361
      0.5156090832553346
      0.5140767920350305
      0.5125122299784007
      0.5109165458279822
      0.5092908812100309
      0.5076363690794801
      0.5059541322788963
      0.5042452822111056
      0.5025109176279401
       0.500752123534685
      0.4989699702102979
      0.4971655123434934
      0.4953397882804425
      0.4934938193845219
       0.491628609504022
      0.4897451445446852
      0.4878443921431303
      0.4859273014377753
      0.4839948029319897
      0.4820478084451643
       0.480087211146416
      0.4781138856659887
      0.4761286882788833
      0.4741324571553341
      0.4721260126723521
      0.4701101577813048
      0.4680856784258565
      0.4660533440042876
      0.4640139078720683
      0.4619681078779868
      0.4599166669300615
      0.4578602935853032
      0.4557996826591263
      0.4537355158496632
      0.4516684623727274
      0.4495991796031917
      0.4475283137189207
      0.4454565003435425
      0.4433843651849467
      0.4413125246655826
      0.4392415865425263
      0.4371721505139602
      0.4351048088097281
      0.4330401467639721
      0.4309787433674093
      0.4289211717977391
      0.4268679999266002
      0.4248197908015435
      0.4227771031017077
      0.4207404915667421
      0.4187105073972598
      0.4166876986270681
       0.414672610466127
       0.412665785613852
      0.4106677645429369
      0.4086790857531645
      0.4067002859955879
      0.4047319004670454
      0.4027744629751524
      0.4008285060745819
      0.3988945611744347
      0.3969731586177544
      0.3950648277334665
      0.3931700968614957
      0.3912894933519288
      0.3894235435384632
      0.3875727726878878
      0.3857377049255928
      0.3839188631382963
      0.3821167688553346
      0.3803319421086535
      0.3785649012733263
      0.3768161628890794
      0.3750862414640445
      0.3733756492617986
      0.3716848960726191
      0.3700144889701094
      0.3683649320542193
      0.3667367261818206
      0.3651303686855337
      0.3635463530826824
      0.3619851687742886
      0.3604473007360561
      0.3589332292019637
      0.3574434293417328
      0.3559783709328962
      0.3545385180285411
      0.3531243286220593
      0.3517362543091863
       0.350374739948937
      0.3490402233239537
      0.3477331348013951
      0.3464538969949687
      0.3452029244293266
      0.3439806232073407
      0.3427873906812928
      0.3416236151286314
        0.34048967543313
      0.3393859407720219
      0.3383127703100935
      0.3372705129012445
      0.3362595067982331
      0.3352800793709702
      0.3343325468345189
       0.333417213986868
      0.3325343739571441
      0.3316843079650897
      0.3308672850916361
      0.3300835620618161
      0.3293333830399894
      0.3286169794374779
      0.3279345697340761
      0.3272863593124761
      0.3266725403064913
      0.3260932914639128
      0.3255487780233222
      0.3250391516053376
      0.3245645501190589
       0.324125097683103
      0.3237209045619071
       0.323352067116965
        0.32301866777356
      0.3227207750024773
      0.3224584433173573
      0.3222317132866078
      0.3220406115612718
      0.3218851509174048
      0.3217653303135252
      0.3216811349629233
      0.3216325364203517
      0.3216194926831492
      0.3216419483062404
      0.3216998345309783
      0.3217930694274327
      0.3219215580491654
      0.3220851926012402
      0.3222838526195737
      0.3225174051624771
      0.3227857050126501
      0.3230885948900586
      0.3234259056742721
      0.3237974566360989
      0.3242030556776136
      0.3246424995799553
      0.3251155742580319
      0.3256220550212509
      0.3261617068397385
      0.3267342846147667
      0.3273395334530523
      0.3279771889433021
       0.328646977434649
      0.3293486163157835
       0.330081814293788
      0.3308462716717092
      0.3316416806238202
      0.3324677254674968
      0.3333240829312318
      0.3342104224166468
       0.335126406254861
      0.3360716899550856
      0.3370459224450918
      0.3380487463025368
      0.3390797979760257
