                       0
   1.287591312466676e-05
   5.159258001105422e-05
   0.0001163349071065446
   0.0002072676791047444
   0.0003245355096656946
   0.0004682628442447701
   0.0006385540145895228
   0.0008354933441755969
     0.00105914530359834
    0.001309554714686824
    0.001586747001862794
    0.001890728489029825
     0.00222148674004865
    0.002578990940634536
    0.002963192319302616
    0.003374024604788395
    0.003811404517184176
    0.004275232289858873
    0.004765392219069537
     0.00528175323802863
    0.005824169512062655
    0.006392481051385708
    0.006986514337916566
    0.007606082962490781
    0.008250988268760135
    0.008921020000031463
    0.009615956945275169
     0.01033556758053151
     0.01107961070195939
     0.01184783604680852
     0.01263998489865097
     0.01345579067328232
     0.01429497948179523
     0.01515727066743914
     0.01604237731300843
     0.01695000671564664
     0.01787986082611579
       0.018831636649757
      0.0198050266065593
     0.02079971884795782
     0.02181539752819887
     0.02285174302833597
     0.02390843213115723
     0.02498513814558843
     0.02608153097936676
     0.02719727715903518
     0.02833203979656674
      0.0294854785021881
     0.03065724924323297
     0.03184700414911515
     0.03305439126276846
     0.03427905423915282
     0.03552063199167354
     0.03677875828760074
     0.03805306129380854
     0.03934316307437677
     0.04064867904181132
     0.04196921736384195
      0.0433043783279469
      0.0446537536659338
     0.04601692584107208
     0.04739346730042753
      0.0487829396951911
     0.05018489307192393
     0.05159886503775832
     0.05302437990270094
     0.05446094780227929
     0.05590806380385843
     0.05736520700003052
     0.05883183959254756
     0.06030740597032806
     0.06179133178512256
     0.06328302302847244
     0.06478186511364134
     0.06628722196624223
     0.06779843512732266
     0.06931482287271427
     0.07083567935249126
     0.07236027375442751
     0.07388784949538718
     0.07541762344463158
     0.07694878518307798
     0.07848049630260233
     0.08001188974953784
     0.08154206921658683
     0.08307010858743105
     0.08459505143839897
      0.0861159106016228
     0.08763166779419525
      0.0891412733179146
     0.09064364583428353
     0.09213767221950193
     0.09362220750426777
     0.09509607490326259
     0.09655806593925828
     0.09800694066682791
     0.09944142800067814
      0.1008602261536388
      0.1022620031893471
      0.1036453976946417
      0.1050090195766388
      0.1063514509893898
      0.1076712473949217
      0.1089669387633233
       0.110237030916379
      0.1114800070190398
      0.1126943292227807
      0.1138784404646045
      0.1150307664251225
      0.1161497176487691
      0.1172336918287859
      0.1182810762591468
      0.1192902504550832
      0.1202595889433139
      0.1211874642224832
      0.1220722498936726
      0.1229123239601702
       0.123706072294971
       0.124451892273734
      0.1251481965701591
      0.1257934171099541
      0.1263860091787703
      0.1269244556786805
      0.1274072715269829
      0.1278330081903387
      0.1282002583465013
      0.1285076606651931
      0.1287539046990347
      0.1289377358748497
      0.1290579605751784
      0.1291134512994414
       0.129103151893925
      0.1290260828396366
      0.1288813465871119
      0.1286681329274736
      0.1283857243894695
      0.1280335016528751
      0.1276109489695597
       0.127117659584715
      0.1265533411522579
      0.1259178211402701
      0.1252110522245725
      0.1244331176711612
      0.1235842367113146
      0.1226647699167331
      0.1216752245861407
      0.1206162601593958
      0.1194886936803611
      0.1182935053356024
      0.1170318441024586
      0.1157050335471553
      0.1143145778214498
      0.1128621679147621
      0.1113496882278342
      0.1097792235435747
      0.1081530664807327
      0.1064737255261648
      0.1047439337513393
      0.1029666583278147
       0.101145110963958
     0.09928275939001677
     0.09738334001929105
     0.09545087190745789
     0.09348967211721379
     0.09150437256752407
     0.08949993840087786
     0.08748168783157863
     0.08545531333507474
     0.08342690389254408
     0.08140296780439839
     0.07939045531742389
     0.07739677995860177
     0.07542983702105346
     0.07349801709526477
     0.07161021188267661
     0.06977580878727817
     0.06800467000033054
     0.06630709106067598
     0.06469373332831178
     0.06317552465339848
     0.06176352301535117
     0.06046873933688564
      0.0593019183073091
     0.05827328001394916
     0.05739223036565941
     0.05666705421288953
     0.05610461081565906
     0.05571005563186199
     0.05548661395907049
     0.05543542975556724
     0.05555550673922276
     0.05584374937619994
     0.05629510031353892
     0.05690276035011003
     0.05765846918015389
     0.05855282113289983
     0.05957559019132646
     0.06071604199327901
     0.06196321603192123
     0.06330616750650102
     0.06473416410238279
     0.06623683769533921
      0.0678042942979427
      0.0694271875386093
     0.07109676181956585
      0.0728048713433226
     0.07454398072292406
     0.07630715214159636
     0.07808802317871379
     0.07988077858579951
     0.08168011854357132
     0.08348122528835659
     0.08527972947000267
     0.08707167718678699
     0.08885349832223489
     0.09062197656836168
     0.09237422134410851
     0.09410764169265327
     0.09581992215496786
      0.0975090005597533
     0.09917304763401012
      0.1008104483180185
      0.1024197846588665
      0.1039998201544723
      0.1055494854227941
      0.1070678650767935
       0.108554185693417
      0.1100078047734765
      0.1114282005982296
      0.1128149628972595
      0.1141677842506814
      0.1154864521565908
      0.1167708417019463
      0.1180209087817028
      0.1192366838169963
      0.1204182659285369
      0.1215658175261446
      0.1226795592795963
      0.1237597654396941
      0.1248067594817624
      0.1258209100466783
      0.1268026271570823
       0.127752358688643
      0.1286705870782006
      0.1295578262523177
      0.1304146187612611
      0.1312415331047392
      0.1320391612368671
      0.1328081162388323
      0.1335490301486107
      0.1342625519378606
      0.1349493456268028
      0.1356100885284993
      0.1362454696144812
      0.1368561879941539
      0.1374429515008394
      0.1380064753777035
      0.1385474810571663
      0.1390666950277205
       0.139564847782376
      0.1400426728432264
      0.1405009058568916
      0.1409402837558325
      0.1413615439807659
      0.1417654237596269
      0.1421526594387373
      0.1425239858620456
      0.1428801357944993
      0.1432218393858061
      0.1435498236710287
      0.1438648121046418
      0.1441675241248649
      0.1444586747452585
      0.1447389741707506
      0.1450091274354305
      0.1452698340596165
      0.1455217877238703
      0.1457656759577947
      0.1460021798416093
      0.1462319737186523
      0.1464557249171152
      0.1466740934794544
      0.1468877318980766
      0.1470972848560257
      0.1473033889715367
      0.1475066725454484
        0.14770775531059
      0.1479072481823759
      0.1481057530099519
      0.1483038623273458
      0.1485021591041739
      0.1487012164955512
      0.1489015975909416
      0.1491038551617689
      0.1493085314076868
      0.1495161577014788
      0.1497272543326273
      0.1499423302496508
      0.1501618828013673
      0.1503863974772931
      0.1506163476474328
      0.1508521943017597
      0.1510943857897242
      0.1513433575601613
       0.151599531901998
      0.1518633176861887
      0.1521351101093272
      0.1524152904394052
      0.1527042257641975
       0.153002268742773
      0.1533097573606299
      0.1536270146889668
       0.153954348648596
      0.1542920517790085
      0.1546404010130901
      0.1549996574579852
      0.1553700661825858
       0.155751856012114
      0.1561452393302444
      0.1565504118891887
      0.1569675526281433
      0.1573968235004684
      0.1578383693099342
      0.1582923175563355
      0.1587587782907369
      0.1592378439805658
      0.1597295893847305
      0.1602340714388877
      0.1607513291509379
      0.1612813835067737
      0.1618242373862527
      0.1623798754893135
      0.1629482642720944
      0.1635293518928651
      0.1641230681675197
      0.1647293245343316
      0.1653480140276114
      0.1659790112598663
      0.1666221724120023
      0.1672773352310745
      0.1679443190350442
      0.1686229247239673
      0.1693129347970073
      0.1700141133746403
      0.1707262062253997
      0.1714489407964956
      0.1721820262476368
      0.1729251534873873
      0.1736779952113941
      0.1744402059418438
      0.1752114220675273
      0.1759912618839271
      0.1767793256327821
      0.1775751955406322
      0.1783784358559075
       0.179188592884186
      0.1800051950213205
      0.1808277527842167
      0.1816557588391277
      0.1824886880274283
       0.183325997388931
       0.184167126182911
      0.1850114959071209
      0.1858585103151871
      0.1867075554329066
       0.187557999574076
      0.1884091933566224
      0.1892604697199191
      0.1901111439443138
      0.1909605136740116
      0.1918078589445965
      0.1926524422165959
      0.1934935084166254
      0.1943302849877737
      0.1951619819510104
      0.1959877919795202
      0.1968068904879824
      0.1976184357389234
       0.198421568968378
      0.1992154145331949
       0.199999080082415
        0.20077165675524
      0.2015322194081868
      0.2022798268740972
       0.203013522255737
      0.2037323332567743
      0.2044352725529728
      0.2051213382064757
      0.2057895141260852
      0.2064387705764568
       0.207068064739141
      0.2076763413284016
      0.2082625332647267
      0.2088255624089251
      0.2093643403596693
      0.2098777693172969
      0.2103647430166312
      0.2108241477315065
      0.2112548633536148
      0.2116557645481884
      0.2120257219889435
      0.2123636036745876
      0.2126682763290761
      0.2129386068876694
      0.2131734640706927
      0.2133717200467569
      0.2135322521870254
      0.2136539449119516
      0.2137356916317237
      0.2137763967814759
      0.2137749779521324
      0.2137303681175534
      0.2136415179584597
        0.21350739828341
      0.2133270025469084
      0.2130993494645256
      0.2128234857247231
      0.2124984887968885
      0.2121234698349131
       0.211697576675484
      0.2112199969301104
      0.2106899611697769
      0.2101067462010102
      0.2094696784320563
      0.2087781373278116
      0.2080315589521272
      0.2072294395961102
      0.2063713394910963
      0.2054568866050509
      0.2044857805212899
      0.2034577963985819
      0.2023727890119216
      0.2012306968735269
      0.2000315464339383
       0.198775456363453
       0.197462641914538
      0.1960934193663015
      0.1946682105525737
      0.1931875474756245
      0.1916520770080311
      0.1900625656856574
      0.1884199045951116
      0.1867251143593583
      0.1849793502253329
      0.1831839072573848
      0.1813402256400878
         0.1794498960933
      0.1775146654012522
      0.1755364420557207
       0.173517302010876
      0.1714594945439756
      0.1693654482114801
      0.1672377768841366
      0.1650792858367966
      0.1628929778588548
      0.1606820593388149
      0.1584499462611583
      0.1562002700349357
      0.1539368830508028
      0.1516638638360729
      0.1493855216452741
      0.1471064002862807
      0.1448312809390657
      0.1425651836755039
      0.1403133673347649
      0.1380813273505621
      0.1358747910654128
      0.1336997100055983
      0.1315622485322839
      0.1294687682342201
      0.1274258073920333
      0.1254400548313602
      0.1235183175014606
      0.1216674811780444
       0.119894463804837
       0.118206161168112
      0.1166093848499073
      0.1151107927324496
      0.1137168127253182
      0.1124335608461278
      0.1112667552824467
      0.1102216285635237
      0.1093028404312405
      0.1085143943695916
      0.1078595609784501
      0.1073408114136586
      0.1069597639287753
      0.1067171461326812
      0.1066127749368023
      0.1066455553486051
      0.1068134983409657
       0.107113757072403
      0.1075426798378461
      0.1080958773724585
      0.1087683015722845
      0.1095543323694367
       0.110447869412333
       0.111442425333297
      0.1125312176970553
      0.1137072571628719
       0.114963429905429
      0.1162925728738728
       0.117687540982164
      0.1191412657857318
      0.1206468055899571
       0.122197387246426
      0.1237864401230355
      0.1254076228899308
      0.1270548438547787
      0.1287222756196719
      0.1304043648299464
      0.1320958377534884
      0.1337917023774096
      0.1354872476452963
      0.1371780403888633
      0.1388599204374692
      0.1405289943208738
      0.1421816279170089
      0.1438144383386697
      0.1454242853015034
      0.1470082621706063
      0.1485636868442178
      0.1500880926000047
       0.151579219001728
      0.1530350029410785
      0.1544535698705824
      0.1558332252681155
       0.157172446361221
      0.1584698741296043
      0.1597243055964684
      0.1609346864133735
      0.1621001037387491
      0.1632197794067785
       0.164293063380893
      0.1653194274843588
      0.1662984593992691
      0.1672298569245253
      0.1681134224830126
      0.1689490578680472
      0.1697367592192431
      0.1704766122181489
      0.1711687874942976
      0.1718135362326734
      0.1724111859739812
      0.1729621365995151
      0.1734668564928141
      0.1739258788706874
      0.1743397982765578
      0.1747092672294116
      0.1750349930219595
      0.1753177346618907
      0.1755582999503574
      0.1757575426920384
      0.1759163600313222
      0.1760356899093057
      0.1761165086364311
      0.1761598285756887
      0.1761666959313894
      0.1761381886385653
      0.1760754143480917
      0.1759795085026417
       0.175851632498581
      0.1756929719289004
      0.1755047349022548
      0.1752881504331428
      0.1750444668982168
      0.1747749505536657
      0.1744808841085574
      0.1741635653489772
      0.1738243058077436
      0.1734644294744337
      0.1730852715404103
      0.1726881771735022
      0.1722745003169712
      0.1718456025073859
       0.171402851706029
       0.170947621138495
      0.1704812881371791
      0.1700052329814382
       0.169520837730308
      0.1690294850427965
      0.1685325569809501
      0.1680314337910979
      0.1675274926589395
      0.1670221064344349
      0.1665166423228102
      0.1660124605383875
       0.165510912918395
      0.1650133414944245
       0.164521077019751
      0.1640354374513468
      0.1635577263860805
      0.1630892314513053
       0.162631222650797
      0.1621849506678025
      0.1617516451277933
      0.1613325128243778
      0.1609287359127091
      0.1605414700756082
      0.1601718426685083
      0.1598209508501928
      0.1594898597071308
      0.1591796003800092
       0.158891168201783
      0.1586255208572207
      0.1583835765744773
      0.1581662123596812
      0.1579742622858466
      0.1578085158476253
      0.1576697163934535
      0.1575585596465539
      0.1574756923259856
      0.1574217108785129
      0.1573971603314761
       0.157402533276105
       0.157438268989818
       0.157504752705019
      0.1576023150307409
      0.1577312315322166
      0.1578917224721023
      0.1580839527156518
      0.1583080318006748
      0.1585640141716258
      0.1588518995756968
      0.1591716336173344
      0.1595231084662216
      0.1599061637124463
      0.1603205873613759
      0.1607661169596596
      0.1612424408428222
      0.1617491994940983
      0.1622859870034906
       0.162852352615536
      0.1634478023539118
      0.1640718007108307
      0.1647237723891357
      0.1654031040851157
      0.1661091463003065
        0.16684121517091
      0.1675985943039419
      0.1683805366097866
      0.1691862661214961
      0.1700149797918809
      0.1708658492602081
      0.1717380225811253
      0.1726306259092446
      0.1735427651336539
       0.174473527457445
      0.1754219829181571
      0.1763871858458203
      0.1773681762560385
      0.1783639811762642
      0.1793736159040934
      0.1803960851970337
      0.1814303843937749
       0.182475500467521
      0.1835304130124139
      0.1845940951645106
      0.1856655144591433
      0.1867436336268301
      0.1878274113301788
      0.1889158028444729
      0.1900077606848251
      0.1911022351829512
      0.1921981750167447
      0.1932945276959335
      0.1943902400071721
      0.1954842584219688
      0.1965755294708746
      0.1976630000873679
      0.1987456179248567
      0.1998223316501993
      0.2008920912171072
      0.2019538481227457
      0.2030065556507991
      0.2040491691041966
      0.2050806460306374
      0.2060999464439732
      0.2071060330444358
      0.2080978714406146
      0.2090744303760129
       0.210034681962922
      0.2109776019262749
      0.2119021698600495
      0.2128073694987107
      0.2136921890060882
      0.2145556212840049
      0.2153966643028765
      0.2162143214564198
      0.2170076019425154
      0.2177755211721803
       0.218517101208518
      0.2192313712374236
      0.2199173680717276
      0.2205741366903752
      0.2212007308141443
      0.2217962135193151
       0.222359657890613
       0.222890147714655
      0.2233867782150393
      0.2238486568301286
       0.224274904034487
      0.2246646542048417
      0.2250170565313573
        0.22533127597492
        0.22560649427105
      0.2258419109809774
      0.2260367445903401
      0.2261902336558841
      0.2263016380004793
      0.2263702399566916
      0.2263953456590903
      0.2263762863854095
      0.2263124199466295
      0.2262031321259893
      0.2260478381669047
      0.2258459843097179
       0.225597049377181
        0.22530054640854
      0.2249560243420689
      0.2245630697458846
      0.2241213085968653
       0.223630408107485
      0.2230900786003816
      0.2225000754304745
       0.221860200954458
      0.2211703065475024
       0.220430294667011
      0.2196401209632844
      0.2187997964369564
      0.2179093896430685
      0.2169690289416439
      0.2159789047946103
      0.2149392721088914
      0.2138504526254366
      0.2127128373538886
       0.211526889052481
      0.2102931447526166
      0.2090122183273813
      0.2076848031029975
      0.2063116745118971
      0.2048936927856779
      0.2034318056856955
      0.2019270512683959
      0.2003805606817091
      0.1987935609878571
      0.1971673780067614
      0.1955034391728304
      0.1938032763962151
      0.1920685289176216
       0.190300946143383
      0.1885023904447009
      0.1866748399016775
      0.1848203909689438
      0.1829412610352546
      0.1810397908443235
      0.1791184467383375
      0.1771798226789545
        0.17522664199312
      0.1732617587826714
       0.171288158927455
      0.1693089606015412
       0.167327414211181
      0.1653469016514872
      0.1633709347666678
      0.1614031528862274
      0.1594473192973053
      0.1575073165017221
      0.1555871400960362
      0.1536908911047723
      0.1518227665919787
      0.1499870483755365
      0.1481880896735066
      0.1464302995236724
      0.1447181248378023
      0.1430560299824725
      0.1414484738198416
       0.139899884195564
      0.1384146299275473
      0.1369969904283361
      0.1356511231844387
      0.1343810294157606
      0.1331905183441057
      0.1320831706068475
      0.1310623014545924
      0.1301309244632638
      0.1292917165642877
      0.1285469852442616
      0.1278986387811177
      0.1273481603622801
      0.1268965868687365
       0.126544493007078
      0.1262919813322753
      0.1261386785331931
      0.1260837381593194
      0.1261258497617348
      0.1262632542159405
      0.1264937648008838
      0.1268147934383499
      0.1272233813588392
      0.1277162333603273
      0.1282897547680344
       0.128940090186426
      0.1296631631562272
      0.1304547158840614
      0.1313103482936369
      0.1322255557476612
       0.133195764901215
       0.134216367263049
      0.1352827501550508
      0.1363903248670282
      0.1375345519004126
      0.1387109632781942
      0.1399151819682615
      0.1411429385231726
      0.1423900850818507
      0.1436526069089031
       0.144926631666689
      0.1462084366255261
      0.1474944540202055
      0.1487812747578382
      0.1500656506744631
      0.1513444955270529
      0.1526148848946592
      0.1538740551483195
      0.1551194016347248
      0.1563484762040466
      0.1575589841981681
      0.1587487810021161
      0.1599158682489525
       0.161058389756844
      0.1621746272665485
      0.1632629960381221
       0.164322040357238
      0.1653504289940621
      0.1663469506510773
      0.1673105094305192
      0.1682401203470935
      0.1691349049073218
      0.1699940867731182
      0.1708169875239776
      0.1716030225293808
      0.1723516969406363
      0.1730626018093353
      0.1737354103378329
      0.1743698742656653
      0.1749658203945075
      0.1755231472531624
      0.1760418219031006
      0.1765218768842378
      0.1769634072999061
      0.1773665680393422
      0.1777315711354622
      0.1780586832552028
      0.1783482233192794
      0.1786005602478344
      0.1788161108281068
      0.1789953376999555
      0.1791387474548035
      0.1792468888433255
      0.1793203510869902
      0.1793597622883742
      0.1793657879349948
      0.1793391294912507
       0.179280523072924
       0.179190738198573
      0.1790705766120317
      0.1789208711701399
      0.1787424847897324
      0.1785363094478453
       0.178303265229028
      0.1780442994135882
      0.1777603856005524
      0.1774525228590791
      0.1771217349020286
      0.1767690692753729
      0.1763955965571078
      0.1760024095593278
      0.1755906225271279
       0.175161370328012
      0.1747158076255192
      0.1742551080308243
      0.1737804632261333
       0.173293082053776
      0.1727941895650073
      0.1722850260226619
      0.1717668458519684
      0.1712409165340316
      0.1707085174367226
      0.1701709385779984
      0.1696294793169976
      0.1690854469686351
      0.1685401553378536
      0.1679949231701794
      0.1674510725157892
      0.1669099270049181
       0.166372810033128
      0.1658410428557247
      0.1653159425914421
        0.16479882013642
      0.1642909779904751
      0.1637937079987018
      0.1633082890125354
       0.162835984475554
      0.1623780399404815
      0.1619356805250652
      0.1615101083157239
      0.1611024997290821
      0.1607140028427016
      0.1603457347074703
      0.1599987786551941
      0.1596741816159307
      0.1593729514604849
      0.1590960543842289
      0.1588444123489934
      0.1586189006001785
      0.1584203452764337
      0.1582495211292409
      0.1581071493694889
       0.157993895657642
       0.157910368253384
      0.1578571163396493
      0.1578346285347554
       0.157843331604934
      0.1578835893879355
      0.1579557019365851
      0.1580599048892182
      0.1581963690718596
      0.1583652003348626
      0.1585664396245327
      0.1588000632880667
      0.1590659836079776
       0.159364049560087
      0.1596940477871925
      0.1600557037786807
      0.1604486832446959
      0.1608725936720088
       0.161326986047481
      0.1618113567340005
      0.1623251494829853
      0.1628677575670119
      0.1634385260158183
      0.1640367539388696
      0.1646616969178053
      0.1653125694524477
      0.1659885474445655
      0.1666887707042835
      0.1674123454648458
      0.1681583468923795
      0.1689258215783208
      0.1697137900032584
      0.1705212489620627
      0.1713471739413193
      0.1721905214412174
       0.173050231235167
      0.1739252285614987
       0.174814426242637
      0.1757167267281088
        0.17663102405866
      0.1775562057495824
      0.1784911545921075
      0.1794347503724015
      0.1803858715082851
      0.1813433966043199
      0.1823062059263383
      0.1832731827968595
      0.1842432149131291
      0.1852151955897504
      0.1861880249280491
      0.1871606109144326
      0.1881318704500783
      0.1891007303143178
      0.1900661280640828
      0.1910270128717415
      0.1919823463036063
      0.1929311030413123
      0.1938722715481787
      0.1948048546825712
       0.195727870260173
      0.1966403515669705
      0.1975413478246525
      0.1984299246100199
       0.199305164229909
      0.2001661660530424
      0.2010120468001448
      0.2018419407935929
      0.2026550001678155
      0.2034503950416156
      0.2042273136535587
      0.2049849624615523
      0.2057225662077437
      0.2064393679498674
      0.2071346290601987
      0.2078076291933048
       0.208457666223828
      0.2090840561555955
      0.2096861330034097
      0.2102632486489558
      0.2108147726723355
      0.2113400921608358
