0 0 0 
1 4.99663e-05 1.47227e-05 
2 0.000199727 5.95728e-05 
3 0.000449068 0.000135903 
4 0.000797765 0.000245001 
5 0.00124558 0.00038809 
6 0.00179228 0.000566323 
7 0.00243761 0.000780784 
8 0.00318131 0.00103249 
9 0.0040231 0.00132236 
10 0.0049627 0.00165129 
11 0.00599983 0.00202004 
12 0.00713419 0.00242933 
13 0.00836547 0.00287979 
14 0.00969335 0.00337199 
15 0.0111175 0.00390639 
16 0.0126376 0.00448341 
17 0.0142533 0.00510336 
18 0.0159643 0.00576649 
19 0.0177701 0.00647297 
20 0.0196705 0.00722291 
21 0.0216649 0.00801631 
22 0.0237532 0.00885313 
23 0.0259348 0.00973325 
24 0.0282093 0.0106565 
25 0.0305764 0.0116226 
26 0.0330356 0.0126312 
27 0.0355865 0.0136819 
28 0.0382286 0.0147744 
29 0.0409615 0.015908 
30 0.0437848 0.0170823 
31 0.0466979 0.0182966 
32 0.0497005 0.0195503 
33 0.052792 0.0208426 
34 0.055972 0.0221729 
35 0.0592398 0.0235403 
36 0.0625952 0.024944 
37 0.0660375 0.0263832 
38 0.0695662 0.0278569 
39 0.0731808 0.0293643 
40 0.0768807 0.0309044 
41 0.0806655 0.0324762 
42 0.0845346 0.0340788 
43 0.0884873 0.0357113 
44 0.0925233 0.0373725 
45 0.0966418 0.0390616 
46 0.100842 0.0407774 
47 0.105124 0.042519 
48 0.109487 0.0442854 
49 0.11393 0.0460756 
50 0.118452 0.0478886 
51 0.123054 0.0497234 
52 0.127734 0.0515791 
53 0.132492 0.0534546 
54 0.137327 0.0553491 
55 0.142238 0.0572616 
56 0.147225 0.0591912 
57 0.152287 0.0611371 
58 0.157424 0.0630983 
59 0.162635 0.0650741 
60 0.167919 0.0670637 
61 0.173275 0.0690662 
62 0.178704 0.071081 
63 0.184203 0.0731072 
64 0.189773 0.0751443 
65 0.195412 0.0771914 
66 0.201121 0.0792481 
67 0.206897 0.0813136 
68 0.212742 0.0833875 
69 0.218653 0.085469 
70 0.22463 0.0875577 
71 0.230672 0.0896532 
72 0.23678 0.0917548 
73 0.242951 0.0938622 
74 0.249185 0.0959749 
75 0.255481 0.0980925 
76 0.261839 0.100215 
77 0.268258 0.102341 
78 0.274737 0.104471 
79 0.281275 0.106604 
80 0.287871 0.108741 
81 0.294525 0.11088 
82 0.301236 0.113022 
83 0.308003 0.115167 
84 0.314825 0.117313 
85 0.321701 0.119461 
86 0.328631 0.12161 
87 0.335614 0.123761 
88 0.342649 0.125913 
89 0.349734 0.128065 
90 0.35687 0.130218 
91 0.364055 0.132371 
92 0.371289 0.134525 
93 0.37857 0.136678 
94 0.385899 0.138831 
95 0.393273 0.140984 
96 0.400692 0.143136 
97 0.408155 0.145286 
98 0.415661 0.147436 
99 0.42321 0.149584 
100 0.430801 0.151731 
101 0.438432 0.153876 
102 0.446102 0.156019 
103 0.453812 0.158159 
104 0.461559 0.160298 
105 0.469343 0.162433 
106 0.477164 0.164565 
107 0.485019 0.166695 
108 0.492909 0.168821 
109 0.500832 0.170943 
110 0.508788 0.173062 
111 0.516774 0.175176 
112 0.524791 0.177287 
113 0.532838 0.179392 
114 0.540914 0.181493 
115 0.549016 0.183589 
116 0.557146 0.18568 
117 0.565301 0.187765 
118 0.573481 0.189845 
119 0.581685 0.191918 
120 0.589912 0.193986 
121 0.59816 0.196047 
122 0.606429 0.198101 
123 0.614718 0.200148 
124 0.623026 0.202189 
125 0.631352 0.204222 
126 0.639695 0.206247 
127 0.648053 0.208264 
128 0.656427 0.210274 
129 0.664814 0.212274 
130 0.673214 0.214267 
131 0.681626 0.21625 
132 0.69005 0.218224 
133 0.698482 0.220189 
134 0.706924 0.222144 
135 0.715374 0.224089 
136 0.72383 0.226024 
137 0.732292 0.227949 
138 0.740759 0.229862 
139 0.74923 0.231765 
140 0.757704 0.233657 
141 0.766179 0.235536 
142 0.774654 0.237404 
143 0.78313 0.23926 
144 0.791604 0.241103 
145 0.800075 0.242934 
146 0.808544 0.244751 
147 0.817007 0.246555 
148 0.825465 0.248346 
149 0.833916 0.250122 
150 0.84236 0.251884 
151 0.850795 0.253632 
152 0.85922 0.255365 
153 0.867635 0.257082 
154 0.876038 0.258784 
155 0.884427 0.260471 
156 0.892803 0.262141 
157 0.901164 0.263794 
158 0.909509 0.265431 
159 0.917837 0.267051 
160 0.926146 0.268654 
161 0.934437 0.270239 
162 0.942707 0.271806 
163 0.950956 0.273354 
164 0.959183 0.274885 
165 0.967386 0.276396 
166 0.975565 0.277889 
167 0.983719 0.279362 
168 0.991846 0.280815 
169 0.999946 0.282249 
170 1.00802 0.283662 
171 1.01606 0.285056 
172 1.02407 0.286428 
173 1.03205 0.28778 
174 1.03999 0.289111 
175 1.04791 0.29042 
176 1.05579 0.291708 
177 1.06363 0.292974 
178 1.07143 0.294219 
179 1.0792 0.295441 
180 1.08693 0.296641 
181 1.09462 0.297819 
182 1.10227 0.298974 
183 1.10987 0.300106 
184 1.11744 0.301216 
185 1.12496 0.302302 
186 1.13243 0.303365 
187 1.13986 0.304405 
188 1.14724 0.305422 
189 1.15458 0.306414 
190 1.16186 0.307384 
191 1.1691 0.308329 
192 1.17628 0.309251 
193 1.18342 0.310148 
194 1.1905 0.311022 
195 1.19753 0.311871 
196 1.2045 0.312696 
197 1.21142 0.313497 
198 1.21828 0.314274 
199 1.22509 0.315026 
200 1.23183 0.315754 
201 1.23852 0.316457 
202 1.24515 0.317135 
203 1.25172 0.317789 
204 1.25822 0.318419 
205 1.26466 0.319024 
206 1.27104 0.319604 
207 1.27736 0.32016 
208 1.28361 0.32069 
209 1.28979 0.321197 
210 1.29591 0.321678 
211 1.30196 0.322135 
212 1.30794 0.322568 
213 1.31385 0.322975 
214 1.3197 0.323359 
215 1.32547 0.323717 
216 1.33117 0.324052 
217 1.3368 0.324362 
218 1.34235 0.324647 
219 1.34783 0.324909 
220 1.35324 0.325146 
221 1.35857 0.325359 
222 1.36383 0.325548 
223 1.36901 0.325714 
224 1.37411 0.325855 
225 1.37913 0.325973 
226 1.38408 0.326068 
227 1.38895 0.326139 
228 1.39373 0.326187 
229 1.39844 0.326213 
230 1.40307 0.326215 
231 1.40761 0.326195 
232 1.41207 0.326152 
233 1.41645 0.326087 
234 1.42075 0.326 
235 1.42496 0.325892 
236 1.42909 0.325761 
237 1.43313 0.32561 
238 1.43709 0.325437 
239 1.44096 0.325244 
240 1.44475 0.32503 
241 1.44844 0.324796 
242 1.45206 0.324542 
243 1.45558 0.324269 
244 1.45902 0.323976 
245 1.46236 0.323664 
246 1.46562 0.323334 
247 1.46879 0.322985 
248 1.47188 0.322619 
249 1.47487 0.322234 
250 1.47777 0.321833 
251 1.48058 0.321415 
252 1.4833 0.32098 
253 1.48593 0.32053 
254 1.48847 0.320064 
255 1.49091 0.319582 
256 1.49327 0.319086 
257 1.49553 0.318576 
258 1.4977 0.318052 
259 1.49978 0.317515 
260 1.50177 0.316965 
261 1.50366 0.316402 
262 1.50546 0.315828 
263 1.50717 0.315242 
264 1.50879 0.314645 
265 1.51031 0.314038 
266 1.51174 0.313422 
267 1.51308 0.312796 
268 1.51433 0.312162 
269 1.51548 0.311519 
270 1.51654 0.310869 
271 1.5175 0.310213 
272 1.51837 0.30955 
273 1.51915 0.308881 
274 1.51984 0.308208 
275 1.52044 0.30753 
276 1.52094 0.306848 
277 1.52135 0.306163 
278 1.52166 0.305476 
279 1.52189 0.304787 
280 1.52202 0.304097 
281 1.52206 0.303407 
282 1.52201 0.302717 
283 1.52187 0.302028 
284 1.52164 0.301341 
285 1.52131 0.300656 
286 1.5209 0.299974 
287 1.52039 0.299296 
288 1.5198 0.298623 
289 1.51911 0.297954 
290 1.51833 0.297292 
291 1.51747 0.296636 
292 1.51652 0.295988 
293 1.51548 0.295348 
294 1.51435 0.294716 
295 1.51313 0.294094 
296 1.51182 0.293482 
297 1.51043 0.292881 
298 1.50895 0.292292 
299 1.50739 0.291714 
300 1.50574 0.29115 
301 1.504 0.290599 
302 1.50218 0.290062 
303 1.50028 0.28954 
304 1.49829 0.289033 
305 1.49622 0.288543 
306 1.49407 0.288069 
307 1.49183 0.287612 
308 1.48951 0.287173 
309 1.48711 0.286753 
310 1.48464 0.286351 
311 1.48208 0.285969 
312 1.47944 0.285607 
313 1.47672 0.285266 
314 1.47393 0.284945 
315 1.47106 0.284646 
316 1.46811 0.284368 
317 1.46509 0.284113 
318 1.46199 0.283881 
319 1.45881 0.283671 
320 1.45556 0.283486 
321 1.45224 0.283323 
322 1.44885 0.283186 
323 1.44538 0.283072 
324 1.44184 0.282983 
325 1.43824 0.282919 
326 1.43456 0.282881 
327 1.43081 0.282867 
328 1.427 0.28288 
329 1.42311 0.282918 
330 1.41916 0.282982 
331 1.41515 0.283073 
332 1.41107 0.283189 
333 1.40692 0.283332 
334 1.40272 0.283501 
335 1.39845 0.283697 
336 1.39411 0.283919 
337 1.38972 0.284167 
338 1.38526 0.284442 
339 1.38075 0.284743 
340 1.37618 0.285071 
341 1.37155 0.285424 
342 1.36686 0.285804 
343 1.36212 0.28621 
344 1.35732 0.286641 
345 1.35246 0.287098 
346 1.34756 0.287581 
347 1.3426 0.288088 
348 1.33759 0.288621 
349 1.33252 0.289178 
350 1.32741 0.28976 
351 1.32225 0.290366 
352 1.31704 0.290996 
353 1.31178 0.291649 
354 1.30648 0.292326 
355 1.30113 0.293026 
356 1.29574 0.293748 
357 1.2903 0.294492 
358 1.28482 0.295258 
359 1.27929 0.296045 
360 1.27373 0.296853 
361 1.26812 0.297682 
362 1.26248 0.298531 
363 1.2568 0.299399 
364 1.25108 0.300287 
365 1.24532 0.301194 
366 1.23953 0.302118 
367 1.2337 0.303061 
368 1.22784 0.304021 
369 1.22195 0.304998 
370 1.21602 0.305991 
371 1.21007 0.307 
372 1.20408 0.308025 
373 1.19806 0.309064 
374 1.19202 0.310118 
375 1.18595 0.311186 
376 1.17985 0.312267 
377 1.17372 0.313361 
378 1.16757 0.314468 
379 1.1614 0.315587 
380 1.15521 0.316717 
381 1.14899 0.317858 
382 1.14275 0.319009 
383 1.13649 0.320171 
384 1.13021 0.321342 
385 1.12392 0.322522 
386 1.1176 0.32371 
387 1.11127 0.324907 
388 1.10492 0.326111 
389 1.09856 0.327323 
390 1.09219 0.32854 
391 1.0858 0.329764 
392 1.0794 0.330994 
393 1.07299 0.332229 
394 1.06657 0.333469 
395 1.06013 0.334713 
396 1.05369 0.335961 
397 1.04725 0.337212 
398 1.04079 0.338467 
399 1.03433 0.339724 
400 1.02787 0.340983 
401 1.0214 0.342244 
402 1.01492 0.343506 
403 1.00845 0.344769 
404 1.00197 0.346032 
405 0.995489 0.347296 
406 0.989011 0.348559 
407 0.982532 0.349821 
408 0.976056 0.351083 
409 0.969582 0.352343 
410 0.963111 0.353601 
411 0.956644 0.354857 
412 0.950183 0.35611 
413 0.943727 0.357361 
414 0.937277 0.358608 
415 0.930835 0.359852 
416 0.924401 0.361091 
417 0.917975 0.362327 
418 0.91156 0.363558 
419 0.905155 0.364784 
420 0.898761 0.366005 
421 0.892379 0.367221 
422 0.88601 0.368431 
423 0.879655 0.369635 
424 0.873314 0.370832 
425 0.866987 0.372024 
426 0.860677 0.373208 
427 0.854384 0.374386 
428 0.848107 0.375556 
429 0.841849 0.376719 
430 0.835609 0.377874 
431 0.829389 0.379021 
432 0.823189 0.38016 
433 0.81701 0.381291 
434 0.810853 0.382414 
435 0.804718 0.383528 
436 0.798606 0.384633 
437 0.792518 0.385728 
438 0.786454 0.386815 
439 0.780415 0.387893 
440 0.774402 0.388961 
441 0.768415 0.390019 
442 0.762455 0.391068 
443 0.756523 0.392106 
444 0.75062 0.393135 
445 0.744745 0.394154 
446 0.7389 0.395162 
447 0.733086 0.39616 
448 0.727302 0.397147 
449 0.721549 0.398124 
450 0.715829 0.39909 
451 0.710142 0.400045 
452 0.704488 0.400989 
453 0.698868 0.401922 
454 0.693282 0.402845 
455 0.687732 0.403756 
456 0.682217 0.404656 
457 0.676738 0.405544 
458 0.671296 0.406421 
459 0.665892 0.407287 
460 0.660526 0.408141 
461 0.655198 0.408984 
462 0.649908 0.409815 
463 0.644659 0.410635 
464 0.639449 0.411442 
465 0.634281 0.412239 
466 0.629153 0.413023 
467 0.624067 0.413795 
468 0.619022 0.414556 
469 0.614021 0.415305 
470 0.609062 0.416042 
471 0.604147 0.416767 
472 0.599277 0.41748 
473 0.59445 0.418181 
474 0.589669 0.41887 
475 0.584932 0.419548 
476 0.580242 0.420213 
477 0.575598 0.420867 
478 0.571001 0.421508 
479 0.566451 0.422138 
480 0.561948 0.422755 
481 0.557494 0.423361 
482 0.553087 0.423955 
483 0.54873 0.424537 
484 0.544422 0.425108 
485 0.540163 0.425666 
486 0.535954 0.426213 
487 0.531796 0.426748 
488 0.527688 0.427272 
489 0.523631 0.427783 
490 0.519626 0.428284 
491 0.515672 0.428772 
492 0.511771 0.429249 
493 0.507922 0.429715 
494 0.504125 0.430169 
495 0.500382 0.430612 
496 0.496692 0.431044 
497 0.493056 0.431464 
498 0.489473 0.431874 
499 0.485945 0.432272 
500 0.482472 0.432659 
501 0.479053 0.433035 
502 0.475689 0.4334 
503 0.472381 0.433755 
504 0.469128 0.434098 
505 0.465931 0.434431 
506 0.46279 0.434754 
507 0.459706 0.435066 
508 0.456678 0.435367 
509 0.453707 0.435658 
510 0.450793 0.435939 
511 0.447936 0.43621 
512 0.445136 0.43647 
513 0.442394 0.436721 
514 0.43971 0.436961 
515 0.437084 0.437192 
516 0.434516 0.437413 
517 0.432006 0.437625 
518 0.429555 0.437827 
519 0.427162 0.43802 
520 0.424829 0.438203 
521 0.422554 0.438377 
522 0.420338 0.438543 
523 0.418181 0.438699 
524 0.416084 0.438846 
525 0.414046 0.438985 
526 0.412067 0.439115 
527 0.410148 0.439237 
528 0.408289 0.439351 
529 0.40649 0.439456 
530 0.40475 0.439553 
531 0.40307 0.439643 
532 0.401451 0.439724 
533 0.399891 0.439798 
534 0.398392 0.439865 
535 0.396952 0.439924 
536 0.395573 0.439976 
537 0.394254 0.440021 
538 0.392996 0.440059 
539 0.391797 0.44009 
540 0.390659 0.440115 
541 0.389581 0.440133 
542 0.388564 0.440145 
543 0.387607 0.440151 
544 0.38671 0.440151 
545 0.385873 0.440145 
546 0.385096 0.440133 
547 0.38438 0.440116 
548 0.383724 0.440093 
549 0.383128 0.440066 
550 0.382591 0.440033 
551 0.382115 0.439995 
552 0.381699 0.439953 
553 0.381343 0.439906 
554 0.381046 0.439854 
555 0.380809 0.439798 
556 0.380631 0.439738 
557 0.380514 0.439674 
558 0.380455 0.439607 
559 0.380456 0.439535 
560 0.380515 0.43946 
561 0.380634 0.439382 
562 0.380812 0.439301 
563 0.381048 0.439216 
564 0.381343 0.439129 
565 0.381697 0.439038 
566 0.382109 0.438945 
567 0.382579 0.43885 
568 0.383106 0.438752 
569 0.383692 0.438653 
570 0.384335 0.438551 
571 0.385036 0.438447 
572 0.385794 0.438342 
573 0.386609 0.438235 
574 0.387481 0.438126 
575 0.38841 0.438017 
576 0.389395 0.437906 
577 0.390436 0.437794 
578 0.391533 0.437682 
579 0.392686 0.437568 
580 0.393894 0.437454 
581 0.395158 0.43734 
582 0.396477 0.437226 
583 0.39785 0.437111 
584 0.399278 0.436997 
585 0.40076 0.436882 
586 0.402296 0.436768 
587 0.403886 0.436654 
588 0.40553 0.436541 
589 0.407226 0.436429 
590 0.408975 0.436318 
591 0.410777 0.436207 
592 0.412631 0.436098 
593 0.414537 0.43599 
594 0.416494 0.435883 
595 0.418503 0.435778 
596 0.420563 0.435675 
597 0.422673 0.435573 
598 0.424834 0.435473 
599 0.427044 0.435375 
600 0.429305 0.435279 
601 0.431614 0.435186 
602 0.433973 0.435095 
603 0.43638 0.435006 
604 0.438835 0.43492 
605 0.441338 0.434836 
606 0.443888 0.434756 
607 0.446486 0.434678 
608 0.44913 0.434603 
609 0.45182 0.434531 
610 0.454557 0.434462 
611 0.457339 0.434396 
612 0.460166 0.434334 
613 0.463038 0.434275 
614 0.465954 0.43422 
615 0.468914 0.434168 
616 0.471917 0.43412 
617 0.474963 0.434075 
618 0.478052 0.434034 
619 0.481184 0.433997 
620 0.484357 0.433964 
621 0.487571 0.433935 
622 0.490826 0.433909 
623 0.494122 0.433888 
624 0.497457 0.433871 
625 0.500832 0.433858 
626 0.504246 0.433849 
627 0.507699 0.433845 
628 0.511189 0.433844 
629 0.514718 0.433848 
630 0.518283 0.433857 
631 0.521886 0.433869 
632 0.525524 0.433886 
633 0.529198 0.433908 
634 0.532907 0.433934 
635 0.536652 0.433964 
636 0.54043 0.433999 
637 0.544242 0.434039 
638 0.548087 0.434083 
639 0.551965 0.434131 
640 0.555875 0.434184 
641 0.559817 0.434242 
642 0.56379 0.434304 
643 0.567794 0.43437 
644 0.571828 0.434441 
645 0.575892 0.434517 
646 0.579984 0.434597 
647 0.584105 0.434681 
648 0.588255 0.43477 
649 0.592431 0.434863 
650 0.596635 0.43496 
651 0.600865 0.435062 
652 0.605121 0.435168 
653 0.609402 0.435278 
654 0.613708 0.435392 
655 0.618038 0.43551 
656 0.622391 0.435632 
657 0.626768 0.435759 
658 0.631167 0.435889 
659 0.635589 0.436022 
660 0.640031 0.43616 
661 0.644495 0.436301 
662 0.648978 0.436446 
663 0.653482 0.436594 
664 0.658004 0.436746 
665 0.662545 0.436901 
666 0.667104 0.437059 
667 0.67168 0.437221 
668 0.676273 0.437385 
669 0.680882 0.437552 
670 0.685507 0.437723 
671 0.690147 0.437895 
672 0.694802 0.438071 
673 0.69947 0.438249 
674 0.704151 0.438429 
675 0.708845 0.438612 
676 0.713551 0.438797 
677 0.718269 0.438984 
678 0.722997 0.439173 
679 0.727736 0.439363 
680 0.732484 0.439556 
681 0.737242 0.43975 
682 0.742008 0.439946 
683 0.746782 0.440143 
684 0.751563 0.440341 
685 0.75635 0.44054 
686 0.761144 0.440741 
687 0.765943 0.440942 
688 0.770747 0.441144 
689 0.775556 0.441347 
690 0.780368 0.441551 
691 0.785183 0.441755 
692 0.79 0.441959 
693 0.794819 0.442163 
694 0.799639 0.442368 
695 0.80446 0.442572 
696 0.809281 0.442776 
697 0.814102 0.44298 
698 0.818921 0.443183 
699 0.823738 0.443386 
700 0.828553 0.443588 
701 0.833364 0.44379 
702 0.838172 0.44399 
703 0.842976 0.444189 
704 0.847775 0.444387 
705 0.852568 0.444584 
706 0.857356 0.444779 
707 0.862136 0.444973 
708 0.86691 0.445165 
709 0.871675 0.445355 
710 0.876432 0.445543 
711 0.88118 0.445729 
712 0.885918 0.445912 
713 0.890646 0.446094 
714 0.895363 0.446272 
715 0.900068 0.446448 
716 0.904761 0.446622 
717 0.909442 0.446792 
718 0.914109 0.44696 
719 0.918763 0.447124 
720 0.923402 0.447285 
721 0.928026 0.447443 
722 0.932635 0.447597 
723 0.937227 0.447748 
724 0.941803 0.447894 
725 0.946361 0.448037 
726 0.950901 0.448176 
727 0.955423 0.448312 
728 0.959926 0.448442 
729 0.964409 0.448569 
730 0.968872 0.448691 
731 0.973314 0.448809 
732 0.977735 0.448922 
733 0.982134 0.449031 
734 0.986511 0.449135 
735 0.990865 0.449234 
736 0.995195 0.449328 
737 0.999501 0.449417 
738 1.00378 0.449501 
739 1.00804 0.44958 
740 1.01227 0.449654 
741 1.01648 0.449722 
742 1.02065 0.449785 
743 1.0248 0.449843 
744 1.02893 0.449895 
745 1.03302 0.449942 
746 1.03709 0.449983 
747 1.04112 0.450018 
748 1.04513 0.450047 
749 1.04911 0.450071 
750 1.05305 0.450089 
751 1.05697 0.450101 
752 1.06085 0.450107 
753 1.0647 0.450107 
754 1.06852 0.450101 
755 1.07231 0.450088 
756 1.07606 0.45007 
757 1.07977 0.450046 
758 1.08346 0.450015 
759 1.08711 0.449979 
760 1.09072 0.449936 
761 1.09429 0.449886 
762 1.09783 0.449831 
763 1.10134 0.449769 
764 1.1048 0.449701 
765 1.10823 0.449627 
766 1.11162 0.449546 
767 1.11498 0.44946 
768 1.11829 0.449366 
769 1.12156 0.449267 
770 1.1248 0.449161 
771 1.12799 0.449049 
772 1.13115 0.448931 
773 1.13426 0.448807 
774 1.13734 0.448677 
775 1.14037 0.44854 
776 1.14336 0.448398 
777 1.1463 0.448249 
778 1.14921 0.448094 
779 1.15207 0.447934 
780 1.15489 0.447768 
781 1.15767 0.447596 
782 1.1604 0.447418 
783 1.16309 0.447235 
784 1.16573 0.447046 
785 1.16833 0.446851 
786 1.17088 0.446652 
787 1.17339 0.446447 
788 1.17586 0.446237 
789 1.17827 0.446021 
790 1.18065 0.445801 
791 1.18297 0.445576 
792 1.18525 0.445347 
793 1.18748 0.445112 
794 1.18967 0.444873 
795 1.1918 0.44463 
796 1.19389 0.444383 
797 1.19594 0.444131 
798 1.19793 0.443876 
799 1.19988 0.443617 
800 1.20178 0.443353 
801 1.20363 0.443087 
802 1.20543 0.442817 
803 1.20718 0.442544 
804 1.20889 0.442267 
805 1.21054 0.441988 
806 1.21215 0.441706 
807 1.21371 0.441421 
808 1.21522 0.441133 
809 1.21667 0.440843 
810 1.21808 0.440551 
811 1.21944 0.440257 
812 1.22075 0.439961 
813 1.22201 0.439664 
814 1.22322 0.439365 
815 1.22438 0.439064 
816 1.22549 0.438762 
817 1.22654 0.438459 
818 1.22755 0.438156 
819 1.22851 0.437851 
820 1.22942 0.437546 
821 1.23027 0.437241 
822 1.23108 0.436936 
823 1.23184 0.43663 
824 1.23254 0.436325 
825 1.2332 0.43602 
826 1.23381 0.435716 
827 1.23436 0.435413 
828 1.23487 0.435111 
829 1.23532 0.434809 
830 1.23572 0.434509 
831 1.23608 0.434211 
832 1.23638 0.433915 
833 1.23664 0.43362 
834 1.23684 0.433327 
835 1.23699 0.433037 
836 1.2371 0.43275 
837 1.23715 0.432465 
838 1.23716 0.432183 
839 1.23711 0.431904 
840 1.23702 0.431629 
841 1.23687 0.431357 
842 1.23668 0.431089 
843 1.23644 0.430825 
844 1.23615 0.430565 
845 1.23581 0.430309 
846 1.23542 0.430058 
847 1.23498 0.429811 
848 1.2345 0.42957 
849 1.23397 0.429333 
850 1.23339 0.429102 
851 1.23276 0.428876 
852 1.23208 0.428655 
853 1.23136 0.42844 
854 1.23059 0.428232 
855 1.22977 0.428029 
856 1.22891 0.427832 
857 1.228 0.427642 
858 1.22704 0.427459 
859 1.22604 0.427282 
860 1.22499 0.427112 
861 1.2239 0.426949 
862 1.22276 0.426793 
863 1.22157 0.426644 
864 1.22034 0.426502 
865 1.21907 0.426368 
866 1.21775 0.426242 
867 1.21639 0.426123 
868 1.21499 0.426012 
869 1.21354 0.425909 
870 1.21205 0.425814 
871 1.21052 0.425727 
872 1.20894 0.425649 
873 1.20733 0.425579 
874 1.20567 0.425517 
875 1.20397 0.425464 
876 1.20223 0.425419 
877 1.20045 0.425383 
878 1.19863 0.425356 
879 1.19676 0.425337 
880 1.19486 0.425328 
881 1.19292 0.425327 
882 1.19094 0.425336 
883 1.18893 0.425353 
884 1.18687 0.42538 
885 1.18478 0.425416 
886 1.18265 0.425461 
887 1.18048 0.425516 
888 1.17827 0.42558 
889 1.17603 0.425653 
890 1.17376 0.425736 
891 1.17145 0.425828 
892 1.1691 0.425929 
893 1.16672 0.42604 
894 1.1643 0.426161 
895 1.16186 0.426291 
896 1.15937 0.42643 
897 1.15686 0.426579 
898 1.15431 0.426737 
899 1.15173 0.426905 
900 1.14912 0.427082 
901 1.14648 0.427268 
902 1.14381 0.427464 
903 1.14111 0.427668 
904 1.13837 0.427882 
905 1.13561 0.428106 
906 1.13282 0.428338 
907 1.13 0.428579 
908 1.12715 0.428829 
909 1.12428 0.429088 
910 1.12138 0.429355 
911 1.11845 0.429631 
912 1.11549 0.429916 
913 1.11251 0.430209 
914 1.10951 0.43051 
915 1.10648 0.43082 
916 1.10342 0.431137 
917 1.10034 0.431463 
918 1.09724 0.431796 
919 1.09412 0.432137 
920 1.09097 0.432486 
921 1.0878 0.432842 
922 1.08461 0.433205 
923 1.0814 0.433576 
924 1.07817 0.433953 
925 1.07492 0.434338 
926 1.07165 0.434729 
927 1.06836 0.435127 
928 1.06505 0.435531 
929 1.06172 0.435942 
930 1.05838 0.436359 
931 1.05502 0.436782 
932 1.05164 0.437211 
933 1.04825 0.437646 
934 1.04484 0.438087 
935 1.04141 0.438533 
936 1.03797 0.438985 
937 1.03452 0.439441 
938 1.03106 0.439903 
939 1.02758 0.44037 
940 1.02408 0.440842 
941 1.02058 0.441319 
942 1.01706 0.4418 
943 1.01354 0.442285 
944 1.01 0.442775 
945 1.00645 0.443269 
946 1.00289 0.443767 
947 0.999326 0.444269 
948 0.995751 0.444774 
949 0.992167 0.445283 
950 0.988576 0.445796 
951 0.984977 0.446311 
952 0.981372 0.44683 
953 0.977761 0.447351 
954 0.974143 0.447875 
955 0.970521 0.448402 
956 0.966893 0.448931 
957 0.963261 0.449462 
958 0.959626 0.449996 
959 0.955987 0.450531 
960 0.952345 0.451067 
961 0.948701 0.451606 
962 0.945055 0.452145 
963 0.941407 0.452686 
964 0.937759 0.453227 
965 0.93411 0.453769 
966 0.930461 0.454312 
967 0.926812 0.454855 
968 0.923164 0.455399 
969 0.919518 0.455942 
970 0.915874 0.456485 
971 0.912231 0.457029 
972 0.908592 0.457571 
973 0.904956 0.458113 
974 0.901323 0.458655 
975 0.897694 0.459195 
976 0.89407 0.459735 
977 0.890452 0.460273 
978 0.886838 0.46081 
979 0.883231 0.461346 
980 0.879629 0.46188 
981 0.876035 0.462413 
982 0.872448 0.462944 
983 0.868868 0.463473 
984 0.865297 0.464001 
985 0.861734 0.464526 
986 0.85818 0.46505 
987 0.854636 0.465571 
988 0.851101 0.46609 
989 0.847577 0.466607 
990 0.844063 0.467121 
991 0.84056 0.467633 
992 0.837069 0.468143 
993 0.83359 0.46865 
994 0.830123 0.469154 
995 0.826669 0.469656 
996 0.823227 0.470154 
997 0.8198 0.47065 
998 0.816386 0.471143 
999 0.812986 0.471632 
1000 0.809602 0.472118 
