0 0 0 
1 4.99663e-05 1.47227e-05 
2 0.000199727 5.95728e-05 
3 0.000449068 0.000135903 
4 0.000797765 0.000245001 
5 0.00124558 0.00038809 
6 0.00179228 0.000566323 
7 0.00243761 0.000780784 
8 0.00318131 0.00103249 
9 0.0040231 0.00132236 
10 0.0049627 0.00165129 
11 0.00599983 0.00202004 
12 0.00713419 0.00242933 
13 0.00836547 0.00287979 
14 0.00969335 0.00337199 
15 0.0111175 0.00390639 
16 0.0126376 0.00448341 
17 0.0142533 0.00510336 
18 0.0159643 0.00576649 
19 0.0177701 0.00647297 
20 0.0196705 0.00722291 
21 0.0216649 0.00801631 
22 0.0237532 0.00885313 
23 0.0259348 0.00973325 
24 0.0282093 0.0106565 
25 0.0305764 0.0116226 
26 0.0330356 0.0126312 
27 0.0355865 0.0136819 
28 0.0382286 0.0147744 
29 0.0409615 0.015908 
30 0.0437848 0.0170823 
31 0.0466979 0.0182966 
32 0.0497005 0.0195503 
33 0.052792 0.0208426 
34 0.055972 0.0221729 
35 0.0592398 0.0235403 
36 0.0625952 0.024944 
37 0.0660375 0.0263832 
38 0.0695662 0.0278569 
39 0.0731808 0.0293643 
40 0.0768807 0.0309043 
41 0.0806655 0.0324762 
42 0.0845346 0.0340788 
43 0.0884873 0.0357112 
44 0.0925233 0.0373725 
45 0.0966418 0.0390615 
46 0.100842 0.0407773 
47 0.105124 0.042519 
48 0.109487 0.0442854 
49 0.11393 0.0460756 
50 0.118452 0.0478885 
51 0.123054 0.0497233 
52 0.127734 0.051579 
53 0.132492 0.0534545 
54 0.137327 0.0553489 
55 0.142238 0.0572614 
56 0.147225 0.059191 
57 0.152287 0.0611368 
58 0.157424 0.063098 
59 0.162635 0.0650738 
60 0.167919 0.0670633 
61 0.173275 0.0690658 
62 0.178704 0.0710805 
63 0.184203 0.0731067 
64 0.189773 0.0751436 
65 0.195412 0.0771907 
66 0.201121 0.0792473 
67 0.206897 0.0813127 
68 0.212742 0.0833864 
69 0.218653 0.0854678 
70 0.22463 0.0875565 
71 0.230672 0.0896517 
72 0.23678 0.0917532 
73 0.242951 0.0938604 
74 0.249185 0.0959729 
75 0.255481 0.0980903 
76 0.261839 0.100212 
77 0.268258 0.102338 
78 0.274737 0.104468 
79 0.281275 0.106601 
80 0.287871 0.108737 
81 0.294525 0.110877 
82 0.301236 0.113018 
83 0.308003 0.115162 
84 0.314825 0.117308 
85 0.321701 0.119455 
86 0.328631 0.121604 
87 0.335614 0.123755 
88 0.342649 0.125906 
89 0.349734 0.128058 
90 0.35687 0.13021 
91 0.364055 0.132363 
92 0.371289 0.134516 
93 0.37857 0.136668 
94 0.385899 0.138821 
95 0.393273 0.140972 
96 0.400692 0.143123 
97 0.408155 0.145273 
98 0.415661 0.147422 
99 0.42321 0.149569 
100 0.430801 0.151715 
101 0.438432 0.153859 
102 0.446102 0.156 
103 0.453812 0.15814 
104 0.461559 0.160276 
105 0.469344 0.162411 
106 0.477164 0.164542 
107 0.485019 0.166669 
108 0.492909 0.168794 
109 0.500832 0.170915 
110 0.508788 0.173031 
111 0.516774 0.175144 
112 0.524792 0.177252 
113 0.532838 0.179356 
114 0.540914 0.181455 
115 0.549017 0.183549 
116 0.557146 0.185637 
117 0.565301 0.18772 
118 0.573481 0.189797 
119 0.581685 0.191868 
120 0.589912 0.193933 
121 0.59816 0.195991 
122 0.606429 0.198042 
123 0.614718 0.200087 
124 0.623026 0.202124 
125 0.631352 0.204154 
126 0.639695 0.206175 
127 0.648053 0.208189 
128 0.656427 0.210195 
129 0.664814 0.212192 
130 0.673215 0.21418 
131 0.681627 0.216159 
132 0.69005 0.218129 
133 0.698483 0.22009 
134 0.706925 0.22204 
135 0.715374 0.223981 
136 0.723831 0.225911 
137 0.732293 0.22783 
138 0.74076 0.229739 
139 0.749231 0.231636 
140 0.757704 0.233522 
141 0.766179 0.235396 
142 0.774655 0.237258 
143 0.783131 0.239108 
144 0.791605 0.240945 
145 0.800076 0.242769 
146 0.808544 0.24458 
147 0.817008 0.246377 
148 0.825466 0.248161 
149 0.833918 0.24993 
150 0.842361 0.251685 
151 0.850796 0.253425 
152 0.859222 0.25515 
153 0.867636 0.25686 
154 0.876039 0.258554 
155 0.884429 0.260232 
156 0.892805 0.261893 
157 0.901166 0.263538 
158 0.909511 0.265166 
159 0.917839 0.266777 
160 0.926149 0.268371 
161 0.93444 0.269946 
162 0.94271 0.271504 
163 0.950959 0.273043 
164 0.959186 0.274563 
165 0.96739 0.276064 
166 0.975569 0.277546 
167 0.983723 0.279009 
168 0.99185 0.280451 
169 0.99995 0.281874 
170 1.00802 0.283277 
171 1.01606 0.284658 
172 1.02407 0.28602 
173 1.03205 0.28736 
174 1.04 0.288679 
175 1.04791 0.289976 
176 1.05579 0.291252 
177 1.06363 0.292506 
178 1.07144 0.293738 
179 1.07921 0.294948 
180 1.08694 0.296135 
181 1.09463 0.2973 
182 1.10228 0.298442 
183 1.10988 0.299561 
184 1.11745 0.300658 
185 1.12497 0.301731 
186 1.13244 0.30278 
187 1.13987 0.303807 
188 1.14726 0.30481 
189 1.15459 0.305789 
190 1.16188 0.306745 
191 1.16911 0.307676 
192 1.1763 0.308584 
193 1.18343 0.309468 
194 1.19052 0.310328 
195 1.19755 0.311163 
196 1.20452 0.311974 
197 1.21144 0.312762 
198 1.2183 0.313524 
199 1.22511 0.314263 
200 1.23186 0.314977 
201 1.23854 0.315667 
202 1.24517 0.316332 
203 1.25174 0.316972 
204 1.25825 0.317589 
205 1.26469 0.31818 
206 1.27107 0.318748 
207 1.27739 0.31929 
208 1.28364 0.319808 
209 1.28983 0.320302 
210 1.29594 0.320772 
211 1.302 0.321217 
212 1.30798 0.321637 
213 1.31389 0.322033 
214 1.31974 0.322405 
215 1.32551 0.322753 
216 1.33121 0.323077 
217 1.33684 0.323377 
218 1.3424 0.323652 
219 1.34788 0.323904 
220 1.35329 0.324132 
221 1.35863 0.324336 
222 1.36388 0.324517 
223 1.36906 0.324675 
224 1.37417 0.324809 
225 1.3792 0.32492 
226 1.38414 0.325008 
227 1.38901 0.325073 
228 1.3938 0.325116 
229 1.39851 0.325137 
230 1.40314 0.325135 
231 1.40769 0.325111 
232 1.41215 0.325065 
233 1.41653 0.324998 
234 1.42083 0.324909 
235 1.42505 0.324799 
236 1.42918 0.324669 
237 1.43322 0.324517 
238 1.43718 0.324346 
239 1.44106 0.324154 
240 1.44485 0.323943 
241 1.44855 0.323712 
242 1.45217 0.323462 
243 1.45569 0.323194 
244 1.45913 0.322907 
245 1.46248 0.322601 
246 1.46575 0.322278 
247 1.46892 0.321938 
248 1.47201 0.321581 
249 1.475 0.321206 
250 1.4779 0.320816 
251 1.48072 0.32041 
252 1.48344 0.319988 
253 1.48608 0.319551 
254 1.48862 0.3191 
255 1.49107 0.318634 
256 1.49343 0.318154 
257 1.4957 0.317662 
258 1.49787 0.317156 
259 1.49995 0.316638 
260 1.50195 0.316108 
261 1.50384 0.315567 
262 1.50565 0.315015 
263 1.50736 0.314453 
264 1.50898 0.313881 
265 1.51051 0.313299 
266 1.51195 0.312709 
267 1.51329 0.31211 
268 1.51454 0.311504 
269 1.5157 0.310891 
270 1.51676 0.310271 
271 1.51773 0.309645 
272 1.51861 0.309014 
273 1.51939 0.308378 
274 1.52008 0.307738 
275 1.52068 0.307095 
276 1.52119 0.306449 
277 1.5216 0.3058 
278 1.52193 0.30515 
279 1.52216 0.304499 
280 1.52229 0.303848 
281 1.52234 0.303197 
282 1.52229 0.302547 
283 1.52216 0.301899 
284 1.52193 0.301253 
285 1.52161 0.30061 
286 1.5212 0.299971 
287 1.5207 0.299336 
288 1.52011 0.298706 
289 1.51943 0.298082 
290 1.51866 0.297464 
291 1.5178 0.296854 
292 1.51685 0.29625 
293 1.51581 0.295656 
294 1.51469 0.29507 
295 1.51347 0.294494 
296 1.51217 0.293928 
297 1.51079 0.293374 
298 1.50931 0.29283 
299 1.50775 0.292299 
300 1.50611 0.291781 
301 1.50438 0.291277 
302 1.50256 0.290786 
303 1.50066 0.29031 
304 1.49868 0.289849 
305 1.49661 0.289404 
306 1.49446 0.288975 
307 1.49223 0.288563 
308 1.48992 0.288168 
309 1.48752 0.287791 
310 1.48505 0.287432 
311 1.48249 0.287093 
312 1.47986 0.286772 
313 1.47715 0.286471 
314 1.47436 0.286191 
315 1.47149 0.285931 
316 1.46855 0.285692 
317 1.46552 0.285474 
318 1.46243 0.285278 
319 1.45926 0.285103 
320 1.45601 0.284952 
321 1.45269 0.284822 
322 1.4493 0.284716 
323 1.44584 0.284633 
324 1.44231 0.284573 
325 1.4387 0.284537 
326 1.43503 0.284525 
327 1.43128 0.284537 
328 1.42747 0.284573 
329 1.42359 0.284633 
330 1.41964 0.284718 
331 1.41563 0.284827 
332 1.41155 0.284961 
333 1.40741 0.28512 
334 1.4032 0.285303 
335 1.39893 0.285512 
336 1.3946 0.285744 
337 1.39021 0.286002 
338 1.38576 0.286285 
339 1.38125 0.286592 
340 1.37667 0.286923 
341 1.37205 0.287279 
342 1.36736 0.28766 
343 1.36262 0.288065 
344 1.35782 0.288493 
345 1.35297 0.288946 
346 1.34806 0.289423 
347 1.3431 0.289923 
348 1.33809 0.290446 
349 1.33303 0.290992 
350 1.32792 0.291562 
351 1.32276 0.292153 
352 1.31755 0.292768 
353 1.31229 0.293404 
354 1.30699 0.294061 
355 1.30164 0.294741 
356 1.29624 0.295441 
357 1.2908 0.296162 
358 1.28532 0.296903 
359 1.2798 0.297664 
360 1.27423 0.298444 
361 1.26863 0.299244 
362 1.26298 0.300063 
363 1.2573 0.3009 
364 1.25158 0.301755 
365 1.24582 0.302628 
366 1.24003 0.303517 
367 1.2342 0.304424 
368 1.22834 0.305347 
369 1.22244 0.306285 
370 1.21652 0.307239 
371 1.21056 0.308208 
372 1.20457 0.309191 
373 1.19855 0.310189 
374 1.1925 0.3112 
375 1.18643 0.312224 
376 1.18033 0.313261 
377 1.1742 0.31431 
378 1.16805 0.315371 
379 1.16188 0.316443 
380 1.15568 0.317526 
381 1.14946 0.31862 
382 1.14322 0.319723 
383 1.13696 0.320836 
384 1.13068 0.321958 
385 1.12438 0.323089 
386 1.11806 0.324227 
387 1.11173 0.325374 
388 1.10538 0.326528 
389 1.09902 0.327688 
390 1.09264 0.328855 
391 1.08625 0.330028 
392 1.07984 0.331206 
393 1.07343 0.33239 
394 1.067 0.333578 
395 1.06057 0.334771 
396 1.05413 0.335967 
397 1.04768 0.337167 
398 1.04122 0.338369 
399 1.03476 0.339574 
400 1.02829 0.340782 
401 1.02181 0.341991 
402 1.01534 0.343202 
403 1.00886 0.344414 
404 1.00238 0.345626 
405 0.995896 0.346838 
406 0.989414 0.348051 
407 0.982933 0.349263 
408 0.976454 0.350474 
409 0.969977 0.351684 
410 0.963504 0.352892 
411 0.957034 0.354098 
412 0.950569 0.355302 
413 0.944111 0.356504 
414 0.937658 0.357703 
415 0.931213 0.358898 
416 0.924776 0.36009 
417 0.918348 0.361278 
418 0.91193 0.362462 
419 0.905522 0.363641 
420 0.899126 0.364816 
421 0.892742 0.365985 
422 0.88637 0.36715 
423 0.880012 0.368309 
424 0.873668 0.369462 
425 0.86734 0.370608 
426 0.861027 0.371749 
427 0.854731 0.372883 
428 0.848453 0.374011 
429 0.842192 0.375131 
430 0.835951 0.376244 
431 0.829728 0.37735 
432 0.823526 0.378448 
433 0.817345 0.379538 
434 0.811186 0.38062 
435 0.805049 0.381694 
436 0.798935 0.38276 
437 0.792845 0.383817 
438 0.78678 0.384866 
439 0.780739 0.385905 
440 0.774724 0.386936 
441 0.768736 0.387958 
442 0.762775 0.38897 
443 0.756842 0.389972 
444 0.750937 0.390966 
445 0.745061 0.391949 
446 0.739215 0.392923 
447 0.733399 0.393886 
448 0.727614 0.39484 
449 0.721861 0.395784 
450 0.71614 0.396717 
451 0.710452 0.39764 
452 0.704797 0.398552 
453 0.699177 0.399454 
454 0.693591 0.400345 
455 0.68804 0.401225 
456 0.682524 0.402095 
457 0.677046 0.402954 
458 0.671604 0.403802 
459 0.666199 0.404638 
460 0.660833 0.405464 
461 0.655505 0.406279 
462 0.650216 0.407082 
463 0.644966 0.407874 
464 0.639757 0.408655 
465 0.634589 0.409424 
466 0.629461 0.410182 
467 0.624376 0.410929 
468 0.619332 0.411664 
469 0.614331 0.412387 
470 0.609374 0.413099 
471 0.60446 0.4138 
472 0.59959 0.414489 
473 0.594764 0.415166 
474 0.589984 0.415831 
475 0.585249 0.416486 
476 0.58056 0.417128 
477 0.575918 0.417759 
478 0.571322 0.418378 
479 0.566773 0.418985 
480 0.562273 0.419581 
481 0.55782 0.420166 
482 0.553415 0.420738 
483 0.54906 0.421299 
484 0.544754 0.421849 
485 0.540497 0.422387 
486 0.536291 0.422914 
487 0.532134 0.423429 
488 0.528029 0.423932 
489 0.523975 0.424425 
490 0.519972 0.424905 
491 0.516021 0.425375 
492 0.512122 0.425833 
493 0.508276 0.42628 
494 0.504482 0.426716 
495 0.500742 0.427141 
496 0.497055 0.427554 
497 0.493422 0.427957 
498 0.489842 0.428349 
499 0.486317 0.428729 
500 0.482847 0.429099 
501 0.479432 0.429458 
502 0.476072 0.429807 
503 0.472767 0.430144 
504 0.469518 0.430472 
505 0.466325 0.430788 
506 0.463188 0.431094 
507 0.460107 0.43139 
508 0.457083 0.431676 
509 0.454116 0.431951 
510 0.451206 0.432217 
511 0.448353 0.432472 
512 0.445558 0.432717 
513 0.44282 0.432953 
514 0.44014 0.433178 
515 0.437518 0.433395 
516 0.434955 0.433601 
517 0.43245 0.433798 
518 0.430003 0.433986 
519 0.427615 0.434165 
520 0.425286 0.434334 
521 0.423016 0.434494 
522 0.420805 0.434646 
523 0.418653 0.434788 
524 0.41656 0.434922 
525 0.414527 0.435048 
526 0.412554 0.435165 
527 0.41064 0.435274 
528 0.408786 0.435374 
529 0.406992 0.435467 
530 0.405258 0.435552 
531 0.403583 0.435628 
532 0.401969 0.435698 
533 0.400415 0.435759 
534 0.398921 0.435814 
535 0.397487 0.435861 
536 0.396114 0.435901 
537 0.3948 0.435935 
538 0.393547 0.435961 
539 0.392355 0.435981 
540 0.391222 0.435995 
541 0.39015 0.436002 
542 0.389139 0.436003 
543 0.388187 0.435998 
544 0.387296 0.435987 
545 0.386465 0.435971 
546 0.385695 0.435949 
547 0.384984 0.435921 
548 0.384334 0.435889 
549 0.383744 0.435851 
550 0.383214 0.435808 
551 0.382744 0.435761 
552 0.382334 0.435709 
553 0.381984 0.435653 
554 0.381693 0.435592 
555 0.381462 0.435528 
556 0.381291 0.435459 
557 0.38118 0.435386 
558 0.381127 0.43531 
559 0.381134 0.435231 
560 0.3812 0.435148 
561 0.381326 0.435061 
562 0.38151 0.434972 
563 0.381753 0.43488 
564 0.382054 0.434785 
565 0.382414 0.434688 
566 0.382832 0.434588 
567 0.383309 0.434486 
568 0.383843 0.434381 
569 0.384435 0.434275 
570 0.385085 0.434167 
571 0.385793 0.434057 
572 0.386557 0.433946 
573 0.387379 0.433833 
574 0.388257 0.43372 
575 0.389193 0.433605 
576 0.390184 0.433489 
577 0.391232 0.433372 
578 0.392336 0.433255 
579 0.393495 0.433137 
580 0.39471 0.433019 
581 0.395981 0.432901 
582 0.397306 0.432782 
583 0.398686 0.432664 
584 0.400121 0.432546 
585 0.40161 0.432428 
586 0.403153 0.432311 
587 0.404749 0.432195 
588 0.406399 0.432079 
589 0.408102 0.431965 
590 0.409858 0.431851 
591 0.411667 0.431739 
592 0.413527 0.431628 
593 0.41544 0.431518 
594 0.417404 0.43141 
595 0.419419 0.431304 
596 0.421486 0.4312 
597 0.423603 0.431098 
598 0.42577 0.430997 
599 0.427988 0.4309 
600 0.430254 0.430804 
601 0.432571 0.430711 
602 0.434936 0.43062 
603 0.437349 0.430532 
604 0.439811 0.430447 
605 0.442321 0.430365 
606 0.444878 0.430286 
607 0.447482 0.43021 
608 0.450133 0.430137 
609 0.45283 0.430067 
610 0.455573 0.430001 
611 0.458361 0.429938 
612 0.461195 0.429879 
613 0.464073 0.429823 
614 0.466996 0.429771 
615 0.469962 0.429723 
616 0.472972 0.429679 
617 0.476025 0.429638 
618 0.479121 0.429602 
619 0.482258 0.429569 
620 0.485438 0.429541 
621 0.488659 0.429516 
622 0.49192 0.429496 
623 0.495222 0.429481 
624 0.498564 0.429469 
625 0.501945 0.429462 
626 0.505366 0.429459 
627 0.508825 0.429461 
628 0.512322 0.429467 
629 0.515856 0.429478 
630 0.519428 0.429493 
631 0.523037 0.429513 
632 0.526681 0.429538 
633 0.530362 0.429567 
634 0.534077 0.4296 
635 0.537828 0.429639 
636 0.541612 0.429682 
637 0.54543 0.429729 
638 0.549282 0.429782 
639 0.553166 0.429839 
640 0.557082 0.429901 
641 0.56103 0.429967 
642 0.565009 0.430038 
643 0.569019 0.430114 
644 0.573059 0.430194 
645 0.577128 0.430279 
646 0.581227 0.430368 
647 0.585354 0.430462 
648 0.589509 0.43056 
649 0.593691 0.430663 
650 0.597901 0.430771 
651 0.602136 0.430882 
652 0.606398 0.430998 
653 0.610685 0.431118 
654 0.614996 0.431243 
655 0.619332 0.431371 
656 0.623692 0.431504 
657 0.628074 0.431641 
658 0.632479 0.431781 
659 0.636906 0.431926 
660 0.641354 0.432074 
661 0.645823 0.432225 
662 0.650312 0.432381 
663 0.654821 0.43254 
664 0.659349 0.432702 
665 0.663895 0.432867 
666 0.668459 0.433036 
667 0.673041 0.433208 
668 0.677639 0.433383 
669 0.682254 0.43356 
670 0.686884 0.433741 
671 0.691529 0.433924 
672 0.696188 0.43411 
673 0.700861 0.434298 
674 0.705548 0.434488 
675 0.710247 0.434681 
676 0.714958 0.434875 
677 0.719681 0.435072 
678 0.724414 0.435271 
679 0.729158 0.435471 
680 0.733911 0.435673 
681 0.738674 0.435876 
682 0.743444 0.436081 
683 0.748223 0.436287 
684 0.753009 0.436494 
685 0.757801 0.436703 
686 0.7626 0.436912 
687 0.767403 0.437121 
688 0.772212 0.437332 
689 0.777025 0.437543 
690 0.781841 0.437754 
691 0.786661 0.437966 
692 0.791483 0.438178 
693 0.796306 0.438389 
694 0.801131 0.438601 
695 0.805956 0.438813 
696 0.810782 0.439024 
697 0.815606 0.439234 
698 0.820429 0.439444 
699 0.825251 0.439653 
700 0.83007 0.439862 
701 0.834886 0.440069 
702 0.839698 0.440275 
703 0.844506 0.44048 
704 0.849308 0.440684 
705 0.854106 0.440886 
706 0.858897 0.441087 
707 0.863682 0.441285 
708 0.868459 0.441482 
709 0.873228 0.441677 
710 0.877989 0.441869 
711 0.88274 0.44206 
712 0.887482 0.442248 
713 0.892214 0.442433 
714 0.896934 0.442616 
715 0.901643 0.442796 
716 0.90634 0.442974 
717 0.911025 0.443148 
718 0.915696 0.443319 
719 0.920353 0.443487 
720 0.924995 0.443652 
721 0.929623 0.443813 
722 0.934235 0.443971 
723 0.93883 0.444125 
724 0.943409 0.444275 
725 0.947971 0.444421 
726 0.952515 0.444564 
727 0.95704 0.444702 
728 0.961546 0.444837 
729 0.966032 0.444967 
730 0.970498 0.445093 
731 0.974944 0.445214 
732 0.979368 0.445331 
733 0.98377 0.445444 
734 0.98815 0.445552 
735 0.992506 0.445655 
736 0.99684 0.445753 
737 1.00115 0.445847 
738 1.00543 0.445935 
739 1.00969 0.446019 
740 1.01393 0.446098 
741 1.01813 0.446172 
742 1.02231 0.44624 
743 1.02647 0.446303 
744 1.03059 0.446361 
745 1.03469 0.446414 
746 1.03876 0.446462 
747 1.0428 0.446504 
748 1.04681 0.44654 
749 1.05079 0.446572 
750 1.05474 0.446597 
751 1.05865 0.446617 
752 1.06254 0.446632 
753 1.06639 0.446641 
754 1.07021 0.446644 
755 1.074 0.446642 
756 1.07776 0.446634 
757 1.08147 0.44662 
758 1.08516 0.446601 
759 1.08881 0.446576 
760 1.09242 0.446545 
761 1.096 0.446508 
762 1.09955 0.446466 
763 1.10305 0.446418 
764 1.10652 0.446364 
765 1.10995 0.446304 
766 1.11334 0.446238 
767 1.1167 0.446167 
768 1.12001 0.44609 
769 1.12329 0.446007 
770 1.12653 0.445919 
771 1.12972 0.445824 
772 1.13288 0.445724 
773 1.136 0.445619 
774 1.13907 0.445508 
775 1.1421 0.445391 
776 1.1451 0.445268 
777 1.14805 0.445141 
778 1.15095 0.445007 
779 1.15382 0.444869 
780 1.15664 0.444724 
781 1.15941 0.444575 
782 1.16215 0.444421 
783 1.16484 0.444261 
784 1.16748 0.444096 
785 1.17008 0.443926 
786 1.17264 0.443752 
787 1.17515 0.443572 
788 1.17761 0.443388 
789 1.18003 0.443199 
790 1.1824 0.443005 
791 1.18473 0.442807 
792 1.18701 0.442605 
793 1.18924 0.442398 
794 1.19143 0.442187 
795 1.19357 0.441972 
796 1.19566 0.441753 
797 1.1977 0.44153 
798 1.1997 0.441303 
799 1.20164 0.441073 
800 1.20354 0.440839 
801 1.20539 0.440602 
802 1.2072 0.440362 
803 1.20895 0.440118 
804 1.21065 0.439871 
805 1.21231 0.439622 
806 1.21392 0.439369 
807 1.21547 0.439114 
808 1.21698 0.438856 
809 1.21844 0.438596 
810 1.21985 0.438334 
811 1.2212 0.438069 
812 1.22251 0.437803 
813 1.22377 0.437535 
814 1.22498 0.437264 
815 1.22614 0.436993 
816 1.22724 0.43672 
817 1.2283 0.436445 
818 1.22931 0.43617 
819 1.23026 0.435893 
820 1.23117 0.435616 
821 1.23203 0.435338 
822 1.23283 0.435059 
823 1.23359 0.43478 
824 1.23429 0.434501 
825 1.23494 0.434222 
826 1.23555 0.433943 
827 1.2361 0.433664 
828 1.2366 0.433386 
829 1.23705 0.433108 
830 1.23746 0.432831 
831 1.23781 0.432556 
832 1.23811 0.432281 
833 1.23836 0.432008 
834 1.23856 0.431737 
835 1.23871 0.431467 
836 1.23881 0.431199 
837 1.23886 0.430933 
838 1.23886 0.43067 
839 1.23881 0.430409 
840 1.23872 0.430151 
841 1.23857 0.429896 
842 1.23837 0.429644 
843 1.23813 0.429395 
844 1.23783 0.42915 
845 1.23749 0.428908 
846 1.2371 0.42867 
847 1.23665 0.428437 
848 1.23617 0.428207 
849 1.23563 0.427982 
850 1.23504 0.427762 
851 1.23441 0.427546 
852 1.23373 0.427335 
853 1.233 0.42713 
854 1.23222 0.42693 
855 1.2314 0.426735 
856 1.23053 0.426546 
857 1.22962 0.426362 
858 1.22865 0.426185 
859 1.22765 0.426014 
860 1.22659 0.425849 
861 1.22549 0.425691 
862 1.22435 0.425539 
863 1.22316 0.425394 
864 1.22192 0.425255 
865 1.22064 0.425124 
866 1.21932 0.425 
867 1.21795 0.424884 
868 1.21654 0.424774 
869 1.21509 0.424673 
870 1.21359 0.424578 
871 1.21205 0.424492 
872 1.21047 0.424414 
873 1.20885 0.424344 
874 1.20718 0.424281 
875 1.20548 0.424227 
876 1.20373 0.424182 
877 1.20194 0.424145 
878 1.20011 0.424116 
879 1.19824 0.424096 
880 1.19633 0.424085 
881 1.19439 0.424083 
882 1.1924 0.424089 
883 1.19037 0.424105 
884 1.18831 0.424129 
885 1.18621 0.424163 
886 1.18407 0.424206 
887 1.1819 0.424258 
888 1.17968 0.424319 
889 1.17744 0.424389 
890 1.17515 0.424469 
891 1.17283 0.424559 
892 1.17048 0.424658 
893 1.16809 0.424766 
894 1.16567 0.424883 
895 1.16321 0.42501 
896 1.16072 0.425147 
897 1.1582 0.425293 
898 1.15564 0.425448 
899 1.15305 0.425613 
900 1.15044 0.425787 
901 1.14779 0.425971 
902 1.1451 0.426163 
903 1.14239 0.426365 
904 1.13965 0.426577 
905 1.13688 0.426797 
906 1.13408 0.427026 
907 1.13126 0.427264 
908 1.1284 0.427511 
909 1.12552 0.427767 
910 1.12261 0.428032 
911 1.11967 0.428305 
912 1.11671 0.428586 
913 1.11372 0.428876 
914 1.1107 0.429174 
915 1.10767 0.42948 
916 1.1046 0.429794 
917 1.10152 0.430116 
918 1.09841 0.430446 
919 1.09527 0.430783 
920 1.09212 0.431127 
921 1.08894 0.431479 
922 1.08574 0.431837 
923 1.08252 0.432203 
924 1.07928 0.432575 
925 1.07602 0.432954 
926 1.07274 0.43334 
927 1.06944 0.433732 
928 1.06613 0.43413 
929 1.06279 0.434534 
930 1.05944 0.434944 
931 1.05607 0.43536 
932 1.05268 0.435781 
933 1.04928 0.436207 
934 1.04586 0.436639 
935 1.04243 0.437076 
936 1.03898 0.437518 
937 1.03552 0.437965 
938 1.03204 0.438416 
939 1.02856 0.438872 
940 1.02506 0.439332 
941 1.02154 0.439796 
942 1.01802 0.440264 
943 1.01448 0.440736 
944 1.01094 0.441212 
945 1.00738 0.441691 
946 1.00381 0.442173 
947 1.00024 0.442659 
948 0.996653 0.443148 
949 0.993061 0.443639 
950 0.989461 0.444134 
951 0.985854 0.444631 
952 0.98224 0.44513 
953 0.97862 0.445631 
954 0.974994 0.446134 
955 0.971362 0.44664 
956 0.967726 0.447146 
957 0.964086 0.447655 
958 0.960442 0.448164 
959 0.956794 0.448675 
960 0.953144 0.449187 
961 0.949491 0.449699 
962 0.945836 0.450212 
963 0.94218 0.450725 
964 0.938523 0.451239 
965 0.934866 0.451753 
966 0.931208 0.452266 
967 0.927551 0.452779 
968 0.923895 0.453292 
969 0.92024 0.453805 
970 0.916587 0.454316 
971 0.912937 0.454827 
972 0.909289 0.455336 
973 0.905644 0.455845 
974 0.902003 0.456352 
975 0.898367 0.456857 
976 0.894735 0.457362 
977 0.891108 0.457864 
978 0.887486 0.458365 
979 0.88387 0.458864 
980 0.880261 0.459361 
981 0.876659 0.459856 
982 0.873064 0.460348 
983 0.869476 0.460839 
984 0.865897 0.461328 
985 0.862327 0.461814 
986 0.858765 0.462298 
987 0.855213 0.462779 
988 0.851671 0.463258 
989 0.848139 0.463734 
990 0.844617 0.464208 
991 0.841107 0.46468 
992 0.837609 0.465148 
993 0.834122 0.465614 
994 0.830648 0.466077 
995 0.827186 0.466538 
996 0.823738 0.466995 
997 0.820303 0.467449 
998 0.816883 0.467901 
999 0.813477 0.468349 
1000 0.810085 0.468794 
