                       0
   1.366907387843966e-05
   5.476529344346883e-05
   0.0001234633220460657
   0.0002198950355894343
   0.0003441500882842195
   0.0004962769279596992
   0.0006762842368826893
   0.0008841427653567994
    0.001119787517817343
    0.001383120244559637
    0.001674012186797325
    0.001992307018573455
    0.002337823926241135
    0.002710360764859686
    0.003109697230947216
     0.00353559799258248
    0.003987815720809458
    0.004466093970578908
    0.004970169864932148
    0.005499776542631517
    0.006054645336769429
    0.006634507659821431
    0.007239096578903694
    0.007868148073396235
    0.008521401975341911
    0.009198602600876519
    0.009899499088151457
     0.01062384546356961
     0.01137140046348964
     0.01214192714273011
     0.01293519230413301
     0.01375096578508578
     0.01458901963725865
     0.01544912723495126
     0.01633106234545402
     0.01723459819186074
     0.01815950653498678
     0.01910555679664828
     0.02007251524174828
     0.02106014423160897
     0.02206820155599159
     0.02309643984645035
     0.02414460606924941
     0.02521244109217293
     0.02629967931629909
     0.02740604836126243
     0.02853126879074391
     0.02967505386391164
     0.03083710929826427
     0.03201713302974982
     0.03321481495706449
     0.03442983665858227
     0.03566187107231047
     0.03691058213149005
     0.03817562435082928
     0.03945664236077166
      0.0407532703895148
     0.04206513169464633
     0.04339183794813497
     0.04473298857996615
     0.04608817008688646
     0.04745695531350593
      0.0488389027133938
     0.05023355559781901
     0.05164044137945842
     0.05305907081778431
     0.05448893727199941
     0.05592951596639029
      0.0573802632718852
     0.05884061600650323
     0.06030999075633888
     0.06178778321779443
     0.06327336756101173
     0.06476609581389255
     0.06626529726577411
     0.06777027788973781
     0.06928031978269594
     0.07079468062278915
     0.07231259314422492
     0.07383326463046368
     0.07535587642755044
      0.0768795834803925
     0.07840351389579872
     0.07992676853712223
      0.0814484206563081
     0.08296751557002048
     0.08448307038726358
     0.08599407379650022
     0.08749948592068657
     0.08899823824887668
     0.09048923365309898
     0.09197134649909088
     0.09344342285918758
     0.09490428083524333
     0.09635271099892696
      0.0977874769561025
     0.09920731604132486
      0.1006109401477611
       0.101997036697123
      0.1033642697534889
      0.1047112812842059
       0.106036692570448
      0.1073391057694033
      0.1086171056295456
      0.1098692613599604
        0.11109412865424
      0.1122902518690558
      0.1134561663570832
       0.114590400953544
      0.1156914806151628
       0.116757929209837
      0.1177882724547483
      0.1187810409999918
       0.119734773654067
       0.120648020746746
      0.1215193476239052
      0.1223473382679097
      0.1231305990360397
       0.123867762508319
      0.1245574914349077
      0.1251984827720328
      0.1257894717942419
      0.1263292362696245
      0.1268166006835843
      0.1272504404957811
      0.1276296864140503
      0.1279533286684361
      0.1282204212680314
      0.1284300862230432
      0.1285815177145052
      0.1286739861942636
       0.128706842398362
      0.1286795212576707
      0.1285915456906128
      0.1284425302640861
      0.1282321847101613
      0.1279603172878796
      0.1276268379813947
      0.1272317615278557
      0.1267752102707448
      0.1262574168368625
      0.1256787266377687
      0.1250396001992215
      0.1243406153249842
      0.1235824691042562
      0.1227659797749227
      0.1218920884577747
      0.1209618607797761
      0.1199764884073578
      0.1189372905135073
      0.1178457152050958
      0.1167033409393426
      0.1155118779605331
      0.1142731697899253
      0.1129891948031737
      0.1116620679303393
      0.1102940425135317
      0.1088875123561949
      0.1074450139957425
      0.1059692292273514
      0.1044629879008274
      0.1029292710041078
      0.1013712140355766
     0.09979211065230222
     0.09819541656178037
     0.09658475359994036
     0.09496391390708545
     0.09333686407512015
      0.0917077490928446
     0.09008089586042063
      0.0884608159786411
     0.08685220744316356
     0.08525995478889155
     0.08368912713673439
     0.08214497349713326
     0.08063291458703595
     0.07915853032708588
     0.07772754211428919
     0.07634578892634521
     0.07501919632446277
     0.07375373750173159
     0.07255538569498769
     0.07143005755899265
     0.07038354750660178
      0.0694214535509395
     0.06854909583305285
     0.06777142974793306
     0.06709295633643651
     0.06651763331136823
     0.06604879063775758
     0.06568905489176914
     0.06544028659537419
     0.06530353431364097
     0.06527900850650423
     0.06536607700312318
      0.0655632826247369
     0.06586838207003685
     0.06627840385744335
     0.06678972203757587
     0.06739814165234749
     0.06809899157453332
     0.06888722040509983
      0.0697574914777955
     0.07070427363213855
     0.07172192516526847
     0.07280476916339142
     0.07394715916555816
       0.075143534770662
     0.07638846733165165
     0.07767669627905686
     0.07900315688489323
     0.08036300043404097
     0.08175160783444192
     0.08316459769233148
     0.08459782982503981
     0.08604740509953837
     0.08750966238410716
     0.08898117329398325
     0.09045873530709087
     0.09193936372784511
     0.09342028288834268
     0.09489891689831438
     0.09637288018825413
     0.09783996803368432
     0.09929814720175026
       0.100745546823165
      0.1021804495618434
      0.1036012831302574
      0.1050066121795728
      0.1063951305791046
       0.107765654088679
      0.1091171134194814
       0.110448547673259
      0.1117590981458793
        0.11304800247878
      0.1143145891404744
       0.115558272219707
      0.1167785465118836
      0.1179749828808413
      0.1191472238787472
      0.1202949796078077
      0.1214180238084578
      0.1225161901597106
      0.1235893687783464
      0.1246375029045718
      0.1256605857626692
      0.1266586575859674
      0.1276318027962005
      0.1285801473279911
      0.1295038560897698
      0.1304031305530007
      0.1312782064620489
      0.1321293516574867
      0.1329568640060474
      0.1337610694308492
      0.1345423200358877
      0.1353009923191996
      0.1360374854694686
      0.1367522197412426
      0.1374456349042941
      0.1381181887630548
      0.1387703557423957
       0.139402625536392
      0.1400155018170396
       0.140609501000173
      0.1411851510661303
      0.1417429904329039
      0.1422835668797312
      0.1428074365192005
      0.1433151628160517
      0.1438073156508951
      0.1442844704271007
      0.1447472072190681
      0.1451961099600665
      0.1456317656677401
      0.1460547637053263
      0.1464656950765408
      0.1468651517520257
      0.1472537260252051
      0.1476320098953737
      0.1480005944758334
      0.1483600694249547
      0.1487110223980868
      0.1490540385183666
      0.1493896998646101
      0.1497185849746311
      0.1500412683625246
       0.150358320048658
      0.1506703051013083
      0.1509777831891022
      0.1512813081435985
      0.1515814275315348
      0.1518786822364113
       0.152173606049197
      0.1524667252680508
      0.1527585583069804
      0.1530496153134151
      0.1533403977946259
      0.1536313982529323
      0.1539230998295531
      0.1542159759569108
       0.154510490019133
      0.1548070950204204
      0.1551062332609118
       0.155408336019624
      0.1557138232440561
      0.1560231032460335
       0.156336572403436
      0.1566546148675024
      0.1569776022755178
      0.1573058934687924
      0.1576398342159915
      0.1579797569420009
      0.1583259804626774
      0.1586788097259594
      0.1590385355599454
      0.1594054344286518
       0.159779768196242
      0.1601617839005603
      0.1605517135368215
      0.1609497738522803
      0.1613561661526521
      0.1617710761209632
       0.162194673649395
      0.1626271126845557
      0.1630685310864619
      0.1635190505013583
      0.1639787762483617
      0.1644477972197677
       0.164926185794745
      0.1654139977660484
       0.165911272279303
      0.1664180317843892
      0.1669342819984415
      0.1674600118800043
      0.1679951936139384
      0.1685397826067522
      0.1690937174921162
      0.1696569201464249
       0.170229295714388
      0.1708107326447188
      0.1714011027360965
       0.172000261193651
      0.1726080466962819
      0.1732242814751594
      0.1738487714037661
       0.174481306099834
      0.1751216590394938
      0.1757695876839099
      0.1764248336186076
      0.1770871227056388
      0.1777561652486475
      0.1784316561708433
      0.1791132752058329
      0.1798006871012165
      0.1804935418348425
      0.1811914748436147
      0.1818941072647793
       0.182601046189671
      0.1833118849299718
      0.1840262032966298
      0.1847435678917106
       0.185463532413543
      0.1861856379756825
       0.186909413440296
      0.1876343757667112
      0.1883600303759446
      0.1890858715320997
      0.1898113827415742
      0.1905360371710201
      0.1912592980849926
      0.1919806193041622
      0.1926994456848989
      0.1934152136209189
      0.1941273515675525
      0.1948352805890509
      0.1955384149291658
      0.1962361626050718
      0.1969279260245124
      0.1976131026258775
      0.1982910855407351
      0.1989612642781757
      0.1996230254301717
      0.2002757533970031
      0.2009188311316542
      0.2015516409019845
      0.2021735650693161
      0.2027839868819963
       0.203382291282356
      0.2039678657253586
      0.2045401010071183
      0.2050983921012987
      0.2056421390012633
      0.2061707475656551
      0.2066836303648972
      0.2071802075258879
      0.2076599075719308
      0.2081221682547094
      0.2085664373748456
      0.2089921735873514
      0.2093988471880165
      0.2097859408765468
      0.2101529504920593
      0.2104993857163444
      0.2108247707401559
      0.2111286448877076
      0.2114105631944793
      0.2116700969334583
      0.2119068340850214
      0.2121203797457934
      0.2123103564720294
      0.2124764045533757
      0.2126181822131865
      0.2127353657320362
      0.2128276494915373
      0.2128947459361576
      0.2129363854513347
      0.2129523161568878
       0.212942303615445
      0.2129061304563972
      0.2128435959167069
      0.2127545153007769
      0.2126387193624695
      0.2124960536132997
      0.2123263775617694
      0.2121295638897972
      0.2119054975731604
      0.2116540749538674
      0.2113752027733808
      0.2110687971765845
      0.2107347826973678
       0.210373091237666
      0.2099836610526853
      0.2095664357559411
      0.2091213633585365
      0.2086483953578581
      0.2081474858915108
      0.2076185909728883
       0.207061667825188
      0.2064766743310055
      0.2058635686147943
      0.2052223087754899
      0.2045528527864138
      0.2038551585792587
      0.2031291843284106
        0.20237488895116
      0.2015922328384675
      0.2007811788298625
      0.1999416934448162
      0.1990737483814961
      0.1981773222922682
      0.1972524028435964
      0.1962989890661737
      0.1953170939992045
      0.1943067476307653
      0.1932680001341144
      0.1922009253977332
      0.1911056248447607
      0.1899822315353792
       0.188830914543571
       0.187651883597594
      0.1864453939714129
      0.1852117516122694
      0.1839513184875041
      0.1826645181316741
      0.1813518413728986
      0.1800138522152121
      0.1786511938514594
      0.1772645947788498
      0.1758548749867448
      0.1744229521834254
       0.172969848025456
       0.171496694309799
      0.1700047390848743
      0.1684953526323247
      0.1669700332662089
      0.1654304128906121
      0.1638782622502515
      0.1623154958014127
      0.1607441761224984
      0.1591665177746009
      0.1575848905128035
      0.1560018217385052
      0.1544199980720455
      0.1528422659135059
      0.1512716308481237
      0.1497112557416757
      0.1481644573610407
      0.1466347013466764
      0.1451255953578102
      0.1436408802087851
      0.1421844188174725
      0.1407601827952644
      0.1393722365243629
      0.1380247185933351
      0.1367218204975832
      0.1354677625586419
      0.1342667670758535
      0.1331230287961865
       0.132040682872219
      0.1310237705730781
      0.1300762031158278
        0.12920172409159
      0.1284038710665846
      0.1276859370372518
      0.1270509325038873
      0.1265015489916859
      0.1260401248849947
      0.1256686144440929
      0.1253885608398022
      0.1252010739678756
      0.1251068136932964
      0.1251059790283064
      0.1251983035738148
      0.1253830573610976
      0.1256590550301029
       0.126024670083823
       0.126477854776298
      0.1270161650346951
      0.1276367896913072
       0.128336583214153
      0.1291121010771475
      0.1299596369016669
      0.1308752605273363
      0.1318548562257502
       0.132894160350034
      0.1339887978085879
      0.1351343168560612
      0.1363262218021824
      0.1375600033441121
      0.1388311663262299
      0.1401352548196306
      0.1414678744902579
      0.1428247122885553
      0.1442015535448861
      0.1455942965942081
      0.1469989650817814
      0.1484117181202671
       0.149828858478947
      0.1512468389894216
      0.1526622673504072
      0.1540719095084541
      0.1554726917826422
      0.1568617018905676
      0.1582361890209544
      0.1595935630856867
       0.160931393271411
      0.1622474059984995
      0.1635394823833214
      0.1648056552886733
      0.1660441060368924
      0.1672531608507853
       0.168431287078947
      0.1695770892544124
      0.1706893050287527
      0.1717668010177224
      0.1728085685892679
      0.1738137196201067
      0.1747814822430764
      0.1757111966040115
      0.1766023106439292
      0.1774543759197759
      0.1782670434748196
      0.1790400597679464
      0.1797732626695473
      0.1804665775303722
      0.1811200133286076
      0.1817336588994636
      0.1823076792507467
      0.1828423119671881
      0.1833378637056434
       0.183794706782768
      0.1842132758562164
       0.184594064699994
      0.1849376230741379
      0.1852445536884934
      0.1855155092599838
      0.1857511896623948
      0.1859523391673551
      0.1861197437748659
       0.186254228631432
      0.1863566555335725
       0.186427920514231
      0.1864689515093973
      0.1864807061020517
      0.1864641693403996
      0.1864203516272386
       0.186350286677207
      0.1862550295386276
       0.186135654676599
      0.1859932541140223
      0.1858289356272486
      0.1856438209930723
       0.185439044283859
      0.1852157502076412
       0.184975092490085
      0.1847182322952976
      0.1844463366825054
      0.1841605770956925
      0.1838621278833543
      0.1835521648455721
      0.1832318638056777
      0.1829023992038418
      0.1825649427099874
      0.1822206618535325
      0.1818707186675586
      0.1815162683451475
       0.181158457905805
      0.1807984248700639
      0.1804372959406404
      0.1800761856887723
      0.1797161952447131
      0.1793584109917122
      0.1790039032632308
      0.1786537250435723
      0.1783089106725784
      0.1779704745555257
      0.1776394098798602
      0.1773166873408832
      0.1770032538790111
      0.1767000314316655
      0.1764079157033083
      0.1761277749574927
      0.1758604488351734
      0.1756067472037741
      0.1753674490417463
      0.1751433013635107
       0.174935018189755
      0.1747432795681004
       0.174568730649103
       0.174411980822465
      0.1742736029181765
      0.1741541324771131
      0.1740540670953578
      0.1739738658462407
      0.1739139487837645
      0.1738746965307415
      0.1738564499545788
      0.1738595099332733
      0.1738841372137427
      0.1739305523641847
      0.1739989358217151
      0.1740894280360418
      0.1742021297094607
      0.1743371021329395
      0.1744943676175436
       0.174673910019916
      0.1748756753599817
      0.1750995725284982
      0.1753454740815234
      0.1756132171183264
      0.1759026042387458
      0.1762134045754946
      0.1765453548964377
      0.1768981607714509
      0.1772714977980876
      0.1776650128799653
       0.178078325551549
      0.1785110293428143
      0.1789626931771901
      0.1794328627961549
      0.1799210622039103
      0.1804267951256893
      0.1809495464734408
      0.1814887838128954
      0.1820439588263085
       0.182614508765523
       0.183199857890367
      0.1837994188877731
      0.1844125942674121
      0.1850387777300078
      0.1856773555048703
      0.1863277076535359
      0.1869892093367164
       0.187661232042047
       0.188343144770372
      0.1890343151785304
      0.1897341106767772
      0.1904418994791532
      0.1911570516052136
       0.191878939831686
      0.1926069405926921
      0.1933404348272807
      0.1940788087731166
      0.1948214547052689
      0.1955677716191436
      0.1963171658567391
      0.1970690516755257
       0.197822851759395
      0.1985779976712868
      0.1993339302472536
      0.2000900999318992
      0.2008459670552858
      0.2016010020515702
      0.2023546856197802
      0.2031065088272776
       0.203855973156584
        0.20460259049633
      0.2053458830771877
      0.2060853833536941
      0.2068206338329168
      0.2075511868509324
      0.2082766042981162
      0.2089964572942207
      0.2097103258142526
      0.2104177982661454
      0.2111184710212663
      0.2118119478988217
      0.2124978396053017
      0.2131757631301995
       0.213845341099371
      0.2145062010875571
      0.2151579748918088
      0.2158002977677783
      0.2164328076311147
      0.2170551442265068
      0.2176669482672332
      0.2182678605484176
      0.2188575210375554
      0.2194355679462098
      0.2200016367871448
       0.220555359421497
      0.2210963631009087
      0.2216242695098452
      0.2221386938136022
      0.2226392437177338
      0.2231255185448676
      0.2235971083350226
      0.2240535929757247
      0.2244945413683032
      0.2249195106368646
      0.2253280453864852
      0.2257196770172182
      0.2260939231005298
      0.2264502868247906
      0.2267882565164238
      0.2271073052433103
      0.2274068905069976
      0.2276864540302025
      0.2279454216460411
      0.2281832032953063
       0.228399193137991
      0.2285927697851294
      0.2287632966567909
      0.2289101224718812
      0.2290325818750853
      0.2291299962059869
      0.2292016744150104
      0.2292469141303885
       0.229265002879885
      0.2292552194704503
       0.229216835528397
      0.2291491172020553
      0.2290513270281873
      0.2289227259627319
      0.2287625755757466
      0.2285701404096429
      0.2283446904991063
      0.2280855040503236
      0.2277918702764485
      0.2274630923855138
      0.2270984907163553
      0.2266974060174544
      0.2262592028630288
      0.2257832732001205
      0.2252690400199348
      0.2247159611461732
      0.2241235331326659
      0.2234912952621682
      0.2228188336377802
      0.2221057853580441
      0.2213518427663733
      0.2205567577650578
      0.2197203461836656
      0.2188424921911987
      0.2179231527408718
      0.2169623620358508
      0.2159602360036732
      0.2149169767664281
      0.2138328770930301
      0.2127083248190973
      0.2115438072190236
      0.2103399153138233
      0.2090973480971597
      0.2078169166607035
      0.2064995481985192
      0.2051462898685742
       0.203758312487658
      0.2023369140339733
      0.2008835229293909
      0.1993997010708103
      0.1978871465772376
      0.1963476962159968
      0.1947833274679972
      0.1931961601880704
      0.1915884578121624
      0.1899626280585302
      0.1883212230651557
      0.1866669389003472
      0.1850026143780734
       0.183331229104029
       0.181655900673002
      0.1799798809329327
      0.1783065512264598
      0.1766394165170067
      0.1749820983040622
      0.1733383262315959
      0.1717119282951747
      0.1701068195578214
      0.1685269892926185
      0.1669764864821768
      0.1654594036219487
      0.1639798587965451
      0.1625419760261453
      0.1611498639140465
      0.1598075926663436
      0.1585191696004133
      0.1572885133095034
      0.1561194267052146
       0.155015569216294
      0.1539804284788601
      0.1530172919073414
      0.1521292185841129
      0.1513190119459319
      0.1505891937736282
      0.1499419800051696
      0.1493792588887396
      0.1489025719701169
       0.148513098366658
      0.1482116427189729
      0.1479986271325602
      0.1478740873280294
      0.1478376731140329
      0.1478886531863015
      0.1480259241445321
        0.14824802351156
      0.1485531464413272
      0.1489391657179981
       0.149403654581542
      0.1499439118674539
      0.1505569889209629
      0.1512397177388131
      0.1519887398031283
      0.1528005350997103
      0.1536714508544593
      0.1545977295731763
      0.1555755360284195
      0.1566009828991107
      0.1576701548312684
      0.1587791307491027
      0.1599240043027229
      0.1611009023904484
      0.1623060017392076
       0.163535543565251
      0.1647858463693243
        0.16605331694569
      0.1673344597034729
       0.168625884412237
      0.1699243124922626
      0.1712265819743329
      0.1725296512547272
       0.173830601769236
       0.175126639705965
      0.1764150968710658
      0.1776934308148007
      0.1789592243178837
      0.1802101843302488
      0.1814441404464342
      0.1826590429939484
      0.1838529608033666
        0.18502407872165
      0.1861706949233104
      0.1872912180676595
      0.1883841643444314
      0.1894481544446023
      0.1904819104882294
      0.1914842529365585
      0.1924540975115107
      0.1933904521418862
      0.1942924139522755
      0.1951591663075999
      0.1959899759235236
      0.1967841900505597
      0.1975412337375918
      0.1982606071786902
      0.1989418831455118
      0.1995847045062394
      0.2001887818308902
      0.2007538910819313
      0.2012798713884185
       0.201766622901353
      0.2022141047275703
      0.2026223329392509
      0.2029913786560239
      0.2033213661966107
      0.2036124712970284
      0.2038649193924626
      0.2040789839600708
      0.2042549849201327
      0.2043932870930886
       0.204494298710167
      0.2045584699753608
      0.2045862916765875
      0.2045782938438578
      0.2045350444522645
      0.2044571481674822
      0.2043452451313932
      0.2042000097852794
      0.2040221497278639
      0.2038124046053394
      0.2035715450303344
      0.2033003715266641
      0.2029997134966048
      0.2026704282073779
      0.2023133997935427
      0.2019295382720438
       0.201519778566798
      0.2010850795398582
      0.2006264230264299
      0.2001448128712771
      0.1996412739643353
      0.1991168512736546
      0.1985726088740845
      0.1980096289703776
      0.1974290109136188
      0.1968318702100534
      0.1962193375214996
      0.1955925576565382
      0.1949526885516334
      0.1943009002411899
      0.1936383738153373
      0.1929663003639576
      0.1922858799051359
      0.1915983202958593
      0.1909048361224132
      0.1902066475675853
      0.1895049792514778
      0.1888010590424834
      0.1880961168348698
      0.1873913832893659
      0.1866880885332708
      0.1859874608168541
      0.1852907251232322
      0.1845991017294157
      0.1839138047169677
      0.1832360404314525
      0.1825670058907846
      0.1819078871435595
      0.1812598575794164
      0.1806240761945203
      0.1800016858161889
      0.1793938112916094
      0.1788015576463893
      0.1782260082193693
      0.1776682227806751
      0.1771292356403928
      0.1766100537554967
      0.1761116548427849
      0.1756349855055581
      0.1751809593816864
      0.1747504553205144
      0.1743443155958498
       0.173963344162074
      0.1736083049602024
      0.1732799202806244
      0.1729788691891998
      0.1727057860234387
      0.1724612589656798
      0.1722458287004028
      0.1720599871631868
      0.1719041763891785
      0.1717787874693427
      0.1716841596231215
      0.1716205793963639
       0.171588279993518
      0.1715874407529543
      0.1716181867739383
      0.1716805887031115
      0.1717746626873475
      0.1719003704985409
      0.1720576198341978
      0.1722462647957504
      0.1724661065442391
      0.1727168941305537
      0.1729983254948174
      0.1733100486268222
      0.1736516628768166
      0.1740227204034524
      0.1744227277434608
      0.1748511474857166
      0.1753074000308569
       0.175790865416608
      0.1763008851885076
      0.1768367642957903
      0.1773977729928717
      0.1779831487280721
      0.1785920980029496
      0.1792237981877747
      0.1798773992812337
      0.1805520256052531
