                       0
     4.9966266666664e-05
   0.0001997269431941413
   0.0004490676792339319
   0.0007977646046826248
    0.001245584370896123
    0.001792284192509455
    0.002437611889668864
    0.003181305930427357
    0.004023095473012027
    0.004962700407612239
    0.005999831397296727
    0.007134189917623673
    0.008365468294456717
    0.009693349739460981
     0.01111750838272275
     0.01263760930187299
     0.01425330854708894
     0.01596425316129296
     0.01777008119483951
     0.01967042171396024
     0.02166489480220133
     0.02375311155403555
     0.02593467405987589
     0.02820917538160721
     0.03057619951780466
     0.03303532135773603
     0.03558610662326792
     0.03822811179776411
     0.04096088404101678
     0.04378396108933317
     0.04669687113979248
     0.04969913271772863
      0.0527902545265094
     0.05596973527864369
     0.05923706350727023
     0.06259171735709422
      0.0660331643538157
     0.06956086115117241
     0.07317425325464348
     0.07687277472093459
     0.08065584783242177
     0.08452288274563116
     0.08847327711301306
     0.09250641567719996
      0.0966216698369906
      0.1008183971843444
      0.1050959410117978
      0.1094536297895482
      0.1138907766117823
      0.1184066786116324
      0.1230006163443786
      0.1276718531384801
      0.1324196344141506
      0.1372431869691426
      0.1421417182318004
      0.1471144154810715
      0.1521604450336539
      0.1572789513983893
      0.1624690563980634
      0.1677298582590666
      0.1730604306693814
      0.1784598218052966
      0.1839270533279347
      0.1894611193501082
      0.1950609853747729
      0.2007255872062265
      0.2064538298352983
      0.2122445863001171
      0.2180966965241911
      0.2240089661336252
       0.229980165255647
      0.2360090273005885
      0.2420942477299225
       0.248234482813068
      0.2544283483757432
      0.2606744185432174
      0.2669712244817944
      0.2733172531417833
      0.2797109460065917
      0.2861506978511572
      0.2926348555146754
      0.2991617166919986
        0.30572952874837
      0.3123364875629581
      0.3189807364061791
      0.3256603648565325
      0.3323734077625093
      0.3391178442559009
       0.345891596822653
      0.3526925304373338
      0.3595184517682835
      0.3663671084599942
      0.3732361884997157
      0.3801233196751283
      0.3870260691307281
      0.3939419430294279
      0.4008683863275206
      0.4078027826695237
      0.4147424544106227
      0.4216846627738187
      0.4286266081488764
      0.4355654305401215
      0.4424982101698378
      0.4494219682437666
      0.4563336678851863
      0.4632302152432296
      0.4701084607814715
      0.4769652007515153
      0.4837971788563845
      0.4906010881080187
      0.4973735728820232
       0.504111231173197
      0.5108106170531993
      0.5174682433325298
      0.5240805844272777
      0.5306440794303101
      0.5371551353857186
      0.5436101307651318
      0.5500054191425868
      0.5563373330636637
      0.5626021881047868
      0.5687962871164071
      0.5749159246426034
      0.5809573915102175
      0.5869169795772936
      0.5927909866318823
      0.5985757214292033
      0.6042675088558636
      0.6098626952080234
       0.615357653569683
       0.620748789276177
      0.6260325454479077
      0.6312054085779576
      0.6362639141568088
      0.6412046523168879
       0.646024273479142
      0.6507194939837012
      0.6552871016857794
      0.6597239614987654
      0.6640270208652668
      0.6681933151379017
      0.6722199728509498
      0.6761042208648177
       0.679843389365557
      0.6834349167011572
      0.6868763540384012
       0.690165369823671
      0.6932997540319528
      0.6962774221890049
      0.6990964191533452
      0.7017549226442569
      0.7042512465046872
      0.7065838436868339
      0.7087513089516875
      0.7107523812735891
      0.7125859459418783
      0.7142510363539201
       0.715746835493974
      0.7170726770947752
      0.7182280464785701
      0.7192125810769364
      0.7200260706289989
      0.7206684570597203
      0.7211398340399844
      0.7214404462326393
      0.7215706882292259
      0.7215311031829003
      0.7213223811449815
      0.7209453571125358
      0.7204010087963124
      0.7196904541189318
      0.7188149484537563
      0.7177758816160296
      0.7165747746189911
       0.715213276207205
      0.7136931591810737
      0.7120163165268922
      0.7101847573663138
      0.7082006027409189
      0.7060660812466574
      0.7037835245339115
      0.7013553626892237
      0.6987841195142293
      0.6960724077172414
      0.6932229240345917
      0.6902384442961107
       0.687121818450847
      0.6838759655688437
       0.680503868833095
      0.6770085705365526
      0.6733931670989145
      0.6696608041158048
      0.6658146714546304
      0.6618579984085883
      0.6577940489213533
      0.6536261168936166
       0.649357521581172
      0.6449916030956487
      0.6405317180154169
      0.6359812351159883
      0.6313435312264675
      0.6266219872193517
      0.6218199841388471
      0.6169408994732083
      0.6119881035750612
      0.6069649562330205
      0.6018748033978643
      0.5967209740645552
      0.5915067773120373
      0.5862354995007057
      0.5809104016283829
      0.5755347168435571
      0.5701116481148254
      0.5646443660548052
      0.5591360068969712
      0.5535896706214801
      0.5480084192283095
      0.5423952751534177
      0.5367532198247292
      0.5310851923533105
        0.52539408835639
      0.5196827589070305
      0.5139540096060716
      0.5082105997715433
      0.5024552417407558
      0.4966906002802745
       0.490919292098305
       0.485143885454781
      0.4793668998645644
      0.4735908058877988
      0.4678180250034625
      0.4620509295607235
      0.4562918428034479
      0.4505430389632674
      0.4448067434164888
      0.4390851329005977
      0.4333803357858707
      0.4276944323980674
      0.4220294553879739
      0.4163873901441867
      0.4107701752451023
      0.4051797029469531
      0.3996178197039182
      0.3940863267175812
      0.3885869805122201
      0.3831214935332395
      0.3776915347657927
       0.372298730370995
      0.3669446643371293
      0.3616308791435313
      0.3563588764350076
      0.3511301177044699
      0.3459460249820473
      0.3408079815285137
      0.3357173325316598
      0.3306753858037412
      0.3256834124785757
       0.320742647706908
      0.3158542913487431
      0.3110195086613848
      0.3062394309821833
      0.3015151564048698
      0.2968477504486586
      0.2922382467191296
      0.2876876475602025
      0.2831969246964882
      0.2787670198654936
      0.2743988454387404
      0.2700932850317909
       0.265851194102364
      0.2616734005362528
      0.2575607052208517
      0.2535138826056128
      0.2495336812495959
      0.2456208243557603
      0.2417760102916234
      0.2379999130964619
      0.2342931829747504
      0.2306564467758837
      0.2270903084601112
      0.2235953495506069
      0.2201721295718371
       0.216821186474153
      0.2135430370447262
      0.2103381773048589
      0.2072070828939245
      0.2041502094398498
      0.2011679929164375
      0.1982608499876693
      0.1954291783390243
      0.1926733569962252
       0.189993746631329
      0.1873906898565713
      0.1848645115060989
      0.1824155189057838
      0.1800440021313088
      0.1777502342548421
      0.1755344715804239
      0.1733969538683529
      0.1713379045487306
      0.1693575309245226
      0.1674560243641517
      0.1656335604840382
      0.1638902993211752
      0.1622263854960537
       0.160641948366132
      0.1591371021699252
      0.1577119461620987
      0.1563665647396783
      0.1551010275595737
      0.1539153896476106
      0.1528096914992315
      0.1517839591720497
      0.1508382043704315
      0.1499724245223252
      0.1491866028482578
      0.1484807084229946
      0.1478546962297154
         0.1473085072069
      0.1468420682881486
      0.1464552924349863
      0.1461480786626606
      0.1459203120592375
      0.1457718637978489
      0.1457025911424346
       0.145712337446814
      0.1458009321473644
      0.1459681907491902
      0.1462139148060511
      0.1465378918938626
      0.1469398955780821
      0.1474196853748803
      0.1479770067060708
      0.1486115908480996
      0.1493231548749226
      0.1501114015948601
      0.1509760194815479
      0.1519166825989658
      0.1529330505206029
      0.1540247682428533
      0.1551914660926306
      0.1564327596293389
      0.1577482495412042
      0.1591375215360886
      0.1606001462267871
      0.1621356790110248
      0.1637436599461732
      0.1654236136187274
      0.1671750490088468
      0.1689974593498985
      0.1708903219832996
      0.1728530982086484
       0.174885233129511
      0.1769861554949459
      0.1791552775369242
      0.1813919948039098
      0.1836956859908892
       0.186065712766017
      0.1885014195942099
      0.1910021335578726
      0.1935671641752882
      0.1961958032166686
      0.1988873245185398
      0.2016409837965507
      0.2044560184573595
      0.2073316474097323
      0.2102670708754721
      0.2132614702005451
      0.2163140076668168
      0.2194238263049836
      0.2225900497091483
      0.2258117818534899
      0.2290881069116641
      0.2324180890793417
      0.2358007724006607
      0.2392351805988489
      0.2427203169119721
      0.2462551639340211
      0.2498386834622778
      0.2534698163513502
      0.2571474823744944
      0.2608705800931528
      0.2646379867349271
      0.2684485580809147
      0.2723011283628558
      0.2761945101710328
      0.2801274943731483
      0.2840988500452914
      0.2881073244153238
      0.2921516428194696
      0.2962305086727069
      0.3003426034537813
      0.3044865867053964
      0.3086610960501144
      0.3128647472230236
       0.317096134121395
      0.3213538288725726
      0.3256363819201448
      0.3299423221297475
       0.334270156914929
      0.3386183723836296
      0.3429854335066445
      0.3473697843083294
      0.3517698480805417
      0.3561840276209369
      0.3606107054961266
      0.3650482443310116
      0.3694949871250522
      0.3739492575965648
      0.3784093605564389
      0.3828735823118873
      0.3873401911020119
      0.3918074375661512
      0.3962735552464515
       0.400736761126223
      0.4051952562052551
      0.4096472261139695
      0.4140908417679027
      0.4185242600642314
       0.422945624622017
      0.4273530665679503
      0.4317447053695989
      0.4361186497178459
      0.4404729984602793
      0.4448058415876359
      0.4491152612749698
      0.4533993329794392
      0.4576561265965076
      0.4618837076757258
       0.466080138698617
      0.4702434804188972
      0.4743717932671944
      0.4784631388210017
      0.4825155813402483
      0.4865271893696466
       0.490496037407673
      0.4944202076422543
      0.4982977917523244
      0.5021268927749923
      0.5059056270364258
      0.5096321261445023
      0.5133045390418793
      0.5169210341155064
      0.5204798013599279
       0.523979054589978
      0.5274170336985778
      0.5307920069543932
      0.5341022733334356
       0.537346164878625
      0.5405220490795952
      0.5436283312662035
      0.5466634570063645
      0.5496259145008224
      0.5525142369645238
      0.5553270049856922
      0.5580628488524391
      0.5607204508359585
      0.5632985474201592
      0.5657959314669401
      0.5682114543049789
      0.5705440277323156
      0.5727926259204766
      0.5749562872097758
      0.5770341157845291
      0.5790252832181424
      0.5809290298778891
      0.5827446661793075
      0.5844715736819963
      0.5861092060179975
      0.5876570896451797
      0.5891148244195034
      0.5904820839801244
      0.5917586159424265
      0.5929442418959822
      0.5940388572046311
      0.5950424306073568
      0.5959550036204101
      0.5967766897410405
      0.5975076734566215
       0.598148209061875
      0.5986986192892442
      0.5991592937597857
      0.5995306872605753
      0.5998133178584312
      0.6000077648589894
      0.6001146666221089
       0.600134718245146
      0.6000686691269855
      0.5999173204255348
      0.5996815224232497
      0.5993621718145525
      0.5989602089303662
      0.5984766149148261
      0.5979124088696326
      0.5972686449811297
      0.5965464096456554
      0.5957468186081083
      0.5948710141284618
      0.5939201621907724
      0.5928954497679969
      0.5917980821561903
      0.5906292803897835
      0.5893902787502165
      0.5880823223778993
      0.5867066649969969
      0.5852645667622837
      0.5837572922345742
      0.5821861084917408
      0.5805522833799112
      0.5788570839092276
      0.5771017747970842
       0.575287617159733
      0.5734158673537512
      0.5714877759663447
      0.5695045869524625
      0.5674675369170837
        0.56537785453807
      0.5632367601257191
      0.5610454653133461
      0.5588051728732494
      0.5565170766506294
      0.5541823616091049
      0.5518022039791327
      0.5493777715014638
      0.5469102237574327
      0.5444007125762433
       0.541850382511368
      0.5392603713765296
      0.5366318108318631
      0.5339658270114754
      0.5312635411840819
      0.5285260704369504
      0.5257545283755815
      0.5229500258306509
      0.5201136715643714
      0.5172465729692431
      0.5143498367518615
       0.511424569595693
      0.5084718787967946
      0.5054928728668199
      0.5024886620985307
      0.4994603590897854
      0.4964090792214128
      0.4933359410868012
      0.4902420668692219
      0.4871285826654652
      0.4839966187540646
       0.480847309806534
      0.4776817950410251
      0.4745012183181999
       0.471306728179474
      0.4680994778280286
      0.4648806250533677
      0.4616513321013263
      0.4584127654902017
      0.4551660957755431
       0.451912497265285
      0.4486531476879321
      0.4453892278159128
      0.4421219210471655
      0.4388524129473674
       0.435581890756099
      0.4323115428598402
      0.4290425582347419
      0.4257761258624208
      0.4225134341217928
      0.4192556701602849
      0.4160040192470899
      0.4127596641118144
      0.4095237842715039
       0.406297555348792
      0.4030821483838603
      0.3998787291434226
        0.39668845742867
      0.3935124863852498
      0.3903519618171234
      0.3872080215069311
      0.3840817945448471
      0.3809744006675871
      0.3778869496097486
      0.3748205404690873
      0.3717762610869474
      0.3687551874456538
      0.3657583830838256
      0.3627868985308664
      0.3598417707614898
      0.3569240226711542
      0.3540346625733471
      0.3511746837188839
      0.3483450638380302
      0.3455467647058761
      0.3427807317308085
      0.3400478935668079
      0.3373491617490538
      0.3346854303533761
      0.3320575756789872
      0.3294664559545054
      0.3269129110672255
      0.3243977623147645
      0.3219218121792196
      0.3194858441232449
      0.3170906224073366
       0.314736891928027
      0.3124253780765255
      0.3101567866166512
      0.3079318035821008
      0.3057510951918509
      0.3036153077832153
      0.3015250677619811
      0.2994809815684815
      0.2974836356592697
      0.2955335965036049
      0.2936314105935593
      0.2917776044676874
      0.2899726847469416
      0.2882171381822087
      0.2865114317130291
      0.2848560125363842
      0.2832513081849539
      0.2816977266143283
      0.2801956562979389
      0.2787454663297956
      0.2773475065336976
      0.2760021075785026
      0.2747095810988932
      0.2734702198209051
      0.2722842976916622
      0.2711520700127009
      0.2700737735763569
       0.269049626804669
      0.2680798298901771
      0.2671645649382871
      0.2663039961105885
      0.2654982697686064
      0.2647475146177382
      0.2640518418507191
      0.2634113452903863
      0.2628261015312381
      0.2622961700794878
      0.2618215934912631
      0.2614023975084439
      0.2610385911921279
      0.2607301670532132
      0.2604771011798037
       0.260279353361232
      0.2601368672085256
      0.2600495702709663
      0.2600173741484439
      0.2600401745996626
      0.2601178516457407
      0.2602502696691593
      0.2604372775079027
      0.2606787085445033
      0.2609743807900626
      0.2613240969627353
      0.2617276445611316
      0.2621847959319859
       0.262695308332133
      0.2632589239849917
      0.2638753701310483
      0.2645443590724665
      0.2652655882119107
      0.2660387400852344
      0.2668634823881221
      0.2677394679967411
      0.2686663349821747
      0.2696437066189961
      0.2706711913873368
      0.2717483829692844
      0.2728748602388892
      0.2740501872464055
      0.2752739131962865
      0.2765455724194878
      0.2778646843398339
      0.2792307534347304
      0.2806432691901801
      0.2821017060504569
      0.2836055233623327
      0.2851541653142172
      0.2867470608704445
      0.2883836237008076
      0.2900632521055406
      0.2917853289362844
      0.2935492215131274
      0.2953542815381002
      0.2971998450055907
      0.2990852321099507
      0.3010097471509003
      0.3029726784370976
      0.3049732981883121
      0.3070108624371671
      0.3090846109305795
      0.3111937670318288
      0.3133375376239136
      0.3155151130150264
      0.3177256668468087
      0.3199683560062354
      0.3222423205424342
      0.3245466835888208
      0.3268805512921221
      0.3292430127488984
      0.3316331399511514
      0.3340499877420037
      0.3364925937825834
      0.3389599785317275
      0.3414511452396759
      0.3439650799572443
      0.3465007515619175
      0.3490571118026161
       0.351633095364421
      0.3542276199550078
      0.3568395864147141
      0.3594678788516223
      0.3621113648036061
      0.3647688954292069
      0.3674393057290302
      0.3701214147996438
      0.3728140261218677
      0.3755159278852105
      0.3782258933505078
      0.3809426812527049
      0.3836650362453314
       0.386391689389072
      0.3891213586857814
      0.3918527496600184
      0.3945845559897759
      0.3973154601879555
      0.4000441343363607
      0.4027692408736169
      0.4054894334382854
      0.4082033577687904
      0.4109096526607124
      0.4136069509829161
      0.4162938807531526
      0.4189690662734751
      0.4216311293260031
      0.4242786904294997
      0.4269103701558306
      0.4295247905068864
       0.432120576350451
      0.4346963569146937
      0.4372507673394422
      0.4397824502828623
      0.4422900575815308
      0.4447722519612836
      0.4472277087964429
      0.4496551179137516
      0.4520531854376102
      0.4544206356727034
      0.4567562130194631
      0.4590586839172587
      0.4613268388102525
      0.4635594941298689
      0.4657554942879728
      0.4679137136737743
      0.4700330586477711
      0.4721124695249661
      0.4741509225396997
      0.4761474317842678
      0.4781010511123126
      0.4800108759984676
      0.4818760453458266
      0.4836957432314122
      0.4854692005806462
      0.4871956967617155
      0.4888745610897149
      0.4905051742327794
      0.4920869695089565
      0.4936194340665252
      0.4951021099380396
      0.4965345949598446
      0.4979165435492466
      0.4992476673314064
      0.5005277356088151
      0.5017565756675129
      0.5029340729136156
       0.504060170835841
      0.5051348707889843
      0.5061582315959845
      0.5071303689658352
      0.5080514547260279
      0.5089217158692981
      0.5097414334152314
      0.5105109410891135
       0.511230623820852
      0.5119009160677941
      0.5125222999670741
      0.5130953033240412
      0.5136204974440647
      0.5140984948163653
      0.5145299466594946
      0.5149155403396135
       0.515255996672326
      0.5155520671213486
      0.5158045309065565
      0.5160141920358756
      0.5161818762753834
      0.5163084280724193
      0.5163947074474337
      0.5164415868701695
      0.5164499481361728
      0.5164206792591908
      0.5163546713957993
      0.5162528158172973
      0.5161160009450849
      0.5159451094631924
      0.5157410155235644
      0.5155045820569866
      0.5152366582030596
      0.5149380768709106
      0.5146096524424135
      0.5142521786274812
      0.5138664264809938
       0.513453142589017
       0.513013047431513
      0.5125468339267422
      0.5120551661618338
       0.511538678312649
        0.51099797375503
      0.5104336243673241
      0.5098461700247964
      0.5092361182827979
      0.5086039442466288
      0.5079500906238643
        0.50727496795423
      0.5065789550102756
      0.5058623993630651
      0.5051256181039074
      0.5043688987145778
      0.5035925000762466
      0.5027966536079498
      0.5019815645235888
      0.5011474131979229
      0.5002943566295064
      0.4994225299905609
      0.4985320482518787
      0.4976230078716417
        0.49669548853728
      0.4957495549491308
      0.4947852586345104
      0.4938026397828774
      0.4928017290901116
      0.4917825496040052
      0.4907451185595382
      0.4896894491964555
      0.4886155525498669
      0.4875234392064565
      0.4864131210186822
      0.4852846127698951
      0.4841379337853141
      0.4829731094820268
      0.4817901728538055
      0.4805891658862944
      0.4793701408988733
      0.4781331618097427
      0.4768783053220593
      0.4756056620287882
        0.47431533743495
      0.4730074528961538
       0.471682146472857
      0.4703395737004039
      0.4689799082750749
      0.4676033426569718
      0.4662100885905384
      0.4648003775447164
      0.4633744610736596
      0.4619326111006754
       0.460475120127028
      0.4590023013685356
      0.4575144888221587
      0.4560120372654091
      0.4544953221914608
      0.4529647396829375
      0.4514207062272707
      0.4498636584769663
      0.4482940529573973
      0.4467123657259162
       0.445119091984727
      0.4435147456510335
      0.4418998588874224
      0.4402749815953005
      0.4386406808747181
      0.4369975404530901
      0.4353461600858429
      0.4336871549315472
      0.4320211549044747
      0.4303488040066951
      0.4286707596427136
      0.4269876919184026
      0.4253002829269582
      0.4236092260239343
      0.4219152250932364
      0.4202189938062587
      0.4185212548759812
      0.4168227393076817
      0.4151241856481614
       0.413426339234842
      0.4117299514464069
      0.4100357789563005
      0.4083445829905185
      0.4066571285907229
      0.4049741838840856
      0.4032965193608659
      0.4016249071605654
       0.399960120367769
      0.3983029323186087
      0.3966541159183289
      0.3950144429709762
      0.3933846835217801
      0.3917656052127169
      0.3901579726519894
      0.3885625467976929
      0.3869800843562938
      0.3854113371961092
      0.3838570517763532
      0.3823179685916032
      0.3807948216325038
      0.3792883378621834
       0.377799236709235
      0.3763282295768312
      0.3748760193682996
      0.3734433000289716
      0.3720307561044618
      0.3706390623153641
      0.3692688831478632
      0.3679208724607337
      0.3665956731080766
      0.3652939165777519
      0.3640162226453462
      0.3627631990433994
      0.3615354411454276
      0.3603335316646786
       0.359158040367042
      0.3580095237979778
      0.3568885250227424
      0.3557955733798973
      0.3547311842473373
      0.3536958588204234
       0.352690083901945
      0.3517143317032299
      0.3507690596559189
      0.3498547102339195
      0.3489717107851497
      0.3481204733721597
       0.347301394621675
      0.3465148555819245
       0.345761221587518
      0.3450408421315911
      0.3443540507439598
      0.3437011648754947
      0.3430824857879637
      0.3424982984484715
      0.3419488714284583
      0.3414344568067696
        0.34095529007579
      0.3405115900508571
      0.3401035587820198
      0.3397313814680432
      0.3393952263719631
      0.3390952447381189
       0.338831570710009
      0.3386043212491088
      0.3384135960536368
      0.3382594774777412
      0.3381420304505509
      0.3380613023947945
      0.3380173231451018
      0.3380101048657347
      0.3380396419677674
       0.338105911025642
      0.3382088706930638
      0.3383484616187195
        0.33852460636123
      0.3387372093044862
      0.3389861565725293
      0.3392713159453414
      0.3395925367750194
      0.3399496499032423
        0.34034246758034
      0.3407707833863918
      0.3412343721549527
       0.341732989900069
      0.3422663737470963
      0.3428342418680577
      0.3434362934223466
      0.3440722085032983
      0.3447416480917133
      0.3454442540169854
      0.3461796489267695
       0.346947436265955
      0.3477472002661033
      0.3485785059461668
      0.3494408991254886
      0.3503339064498225
       0.351257035432055
      0.3522097745078808
      0.3531915931080116
      0.3542019417477822
       0.355240252135149
      0.3563059372982854
