                       0
   1.366907387843952e-05
   5.476529344346914e-05
   0.0001234633220460657
    0.000219895035589432
   0.0003441500882842167
   0.0004962769279597013
   0.0006762842368826845
   0.0008841427653567842
    0.001119787517817337
    0.001383120244559619
    0.001674012186797308
    0.001992307018573477
    0.002337823926241119
     0.00271036076485966
    0.003109697230947229
     0.00353559799258247
    0.003987815720809472
     0.00446609397057896
    0.004970169864932285
    0.005499776542631888
    0.006054645336770182
    0.006634507659822995
    0.007239096578906683
    0.007868148073401578
    0.008521401975351377
    0.009198602600893011
    0.009899499088179562
     0.01062384546361629
     0.01137140046356561
     0.01214192714285127
     0.01293519230432311
      0.0137509657853798
      0.0145890196377066
     0.01544912723562478
     0.01633106234645466
      0.0172345981933299
     0.01815950653712038
     0.01910555679971459
     0.02007251524611094
     0.02106014423775747
     0.02206820156458001
       0.023096439858345
     0.02414460608558901
     0.02521244111444488
     0.02629967934643256
     0.02740604840174433
     0.02853126884475897
     0.02967505393551561
      0.0308371093925913
      0.0320171331532644
     0.03321481511786181
     0.03442983686674859
     0.03566187134035177
     0.03691058247483452
     0.03817562478842571
     0.03945664291578046
     0.04075327109012387
     0.04206513257501329
     0.04339183904947488
     0.04473298995180369
     0.04608817178849096
     0.04745695741552514
     0.04883890529970805
     0.05023355876763342
     0.05164044524964956
     0.05305907552553011
     0.05448894297769177
     0.05592952285686306
     0.05738027156395486
     0.05884062595083133
     0.06031000264162531
     0.06178779737528174
      0.0632733843692932
     0.06476611570399353
     0.06626532072645772
      0.0677703054729883
     0.06928035210928819
     0.07079471838784951
     0.07231263712264792
     0.07383331568201432
     0.07535593550147072
     0.07687965161925185
     0.07840359223830096
     0.07992685831953189
     0.08144852321207824
     0.08296763232715912
     0.08448320286287672
     0.08599422358789187
     0.08749965469228919
     0.08899842771418461
     0.09048944555069872
     0.09197158256171907
     0.09344368477467585
     0.09490457019807992
     0.09635302925097312
      0.0977878253149448
     0.09920769541456093
      0.1006113510313914
      0.1019974790560592
      0.1033647428820799
      0.1047117836445668
      0.1060372216062256
      0.1073396576925292
      0.1086176751774586
      0.1098698415206944
      0.1110947103567982
      0.1122908236364376
      0.1134567139194415
      0.1145909068190304
      0.1156919235961993
      0.1167582839027647
      0.1177885086711172
      0.1187811231481715
      0.1197346600702753
      0.1206476629752254
      0.1215186896466437
      0.1223463156850609
      0.1231291381991673
      0.1238657796095714
      0.1245548915564142
      0.1251951589010839
       0.125785303811229
      0.1263240899172469
      0.1268103265274914
      0.1272428728885553
      0.1276206424763053
      0.1279426073027452
       0.128207802223418
      0.1284153292297814
      0.1285643617110631
      0.1286541486703251
      0.1286840188797684
      0.1286533849611722
      0.1285617473780943
      0.1284086983275756
      0.1281939255204528
      0.1279172158407646
      0.1275784588764779
      0.1271776503155121
      0.1267148952029983
      0.1261904110577792
      0.1256045308482612
      0.1249577058300807
      0.1242505082501612
      0.1234836339242135
      0.1226579046970145
      0.1217742707971185
      0.1208338130999773
      0.1198377453157058
       0.118787416119782
      0.1176843112470653
      0.1165300555711441
      0.1153264151926249
      0.1140752995609649
      0.1127787636550112
      0.1114390102473253
      0.1100583922762995
      0.1086394153479108
      0.1071847403854152
       0.105697186439761
      0.1041797336658873
      0.1026355264594828
      0.1010678767348992
     0.09948026730678619
     0.09787635531493513
     0.09625997560298882
     0.09463514392599351
     0.09300605981843224
     0.09137710890275866
     0.08975286435758219
     0.08813808719485902
     0.08653772491693694
     0.08495690803884769
     0.08340094387168268
     0.08187530687400647
     0.08038562479747324
     0.07893765978967779
     0.07753728358512818
      0.0761904459296646
     0.07490313546315171
     0.07368133244871608
     0.07253095300197253
     0.07145778485296328
     0.07046741517006798
     0.06956515157755033
      0.0687559381765661
     0.06804426908179873
     0.06743410264057106
     0.06692878002147853
     0.06653095215486275
     0.06624251899910399
     0.06606458474486357
     0.06599743184854219
     0.06604051575293653
     0.06619248090463707
     0.06645119734841354
     0.06681381591826432
     0.06727683899130726
     0.06783620302835747
     0.06848736874815911
     0.06922541477119701
      0.0700451308773424
     0.07094110757018306
     0.07190781933610144
     0.07293969973608438
     0.07403120719530314
      0.0751768810031636
     0.07637138757095153
     0.07760955740204183
     0.07888641351325328
     0.08019719221885922
     0.08153735726960937
     0.08290260834908762
     0.08428888488877538
     0.08569236608879538
     0.08710946793791159
     0.08853683792488458
     0.08997134803158863
     0.09141008650163407
     0.09285034878996269
     0.09428962802028887
     0.09572560520937122
     0.09715613945895954
     0.09857925826814583
     0.09999314807870877
      0.1013961451339493
      0.1027867267054519
      0.1041635027218573
       0.105525207817898
      0.1068706938098097
      0.1081989225941608
      0.1095089594606452
      0.1107999668046825
      0.1120711982226564
      0.1133219929706985
      0.1145517707669926
       0.115760026917318
      0.1169463277437516
      0.1181103062970171
      0.1192516583338489
      0.1203701385416255
      0.1214655569936325
      0.1225377758192465
      0.1235867060745548
      0.1246123047996891
       0.125614572250276
      0.1265935492911085
      0.1275493149410694
      0.1284819840588924
      0.1293917051601812
      0.1302786583565425
       0.131143053408351
      0.1319851278831605
      0.1328051454122364
      0.1336033940382093
      0.1343801846473159
      0.1351358494801229
       0.135870740715137
      0.1365852291201185
      0.1372797027664534
      0.1379545658022306
       0.138610237280305
      0.1392471500378796
      0.1398657496246008
      0.1404664932765123
      0.1410498489335076
      0.1416162942982364
      0.1421663159345977
      0.1427004084041604
      0.1432190734389566
      0.1437228191492333
      0.1442121592646835
      0.1446876124078033
      0.1451497013978237
      0.1455989525838381
      0.1460358952054445
      0.1464610607793166
      0.1468749825100191
      0.1472781947232767
      0.1476712323199192
      0.1480546302487906
      0.1484289229967906
      0.1487946440944355
      0.1491523256353354
       0.149502497808156
       0.149845688439669
      0.1501824225479297
      0.1505132219044912
       0.150838604605001
      0.1511590846475223
      0.1514751715182907
      0.1517873697846221
      0.1520961786948477
       0.152402091785325
      0.1527055964945679
       0.153007173784613
      0.1533072977696856
       0.153606435352349
      0.1539050458670421
      0.1542035807310603
       0.154502483102834
      0.1548021875472884
      0.1551031197080254
      0.1554056959859768
      0.1557103232241115
      0.1560173983978186
      0.1563273083104823
      0.1566404292939206
      0.1569571269133077
      0.1572777556763685
       0.157602658746701
       0.157932167661213
      0.1582666020517977
      0.1586062693715333
      0.1589514646257797
      0.1593024701087581
      0.1596595551461761
      0.1600229758446461
      0.1603929748486241
       0.160769781105693
      0.1611536096408541
      0.1615446613405705
      0.1619431227471702
      0.1623491658641157
      0.1627629479724437
      0.1631846114586905
      0.1636142836543016
      0.1640520766865064
      0.1644980873404377
      0.1649523969322199
      0.1654150711925369
      0.1658861601602919
      0.1663656980858356
      0.1668537033431972
      0.1673501783509361
      0.1678551095011285
      0.1683684670961563
      0.1688902052930055
      0.1694202620550479
      0.1699585591111006
      0.1705050019219334
      0.1710594796543507
       0.171621865163093
      0.1721920149808166
      0.1727697693165151
       0.173354952062692
      0.1739473708116405
      0.1745468168810925
      0.1751530653495045
      0.1757658751011676
      0.1763849888811468
      0.1770101333602271
       0.177641019209736
      0.1782773411861406
      0.1789187782253236
      0.1795649935463558
      0.1802156347646475
      0.1808703340142979
      0.1815287080796794
      0.1821903585361267
      0.1828548719000538
      0.1835218197885659
      0.1841907590890781
      0.1848612321393435
      0.1855327669187284
      0.1862048772513154
      0.1868770630219204
       0.187548810405983
      0.1882195921144696
      0.1888888676548735
      0.1895560836095999
      0.1902206739329009
      0.1908820602675164
      0.1915396522822134
      0.1921928480312474
      0.1928410343367985
      0.1934835871952748
       0.194119872208366
       0.194749245039549
      0.1953710518967943
      0.1959846300420348
      0.1965893083280447
      0.1971844077632117
      0.1977692421047585
       0.198343118480996
       0.198905338043098
       0.199455196647059
      0.1999919855664267
      0.2005149922364947
      0.2010235010307171
      0.2015167940700425
      0.2019941520660372
      0.2024548551984326
      0.2028981840280752
      0.2033234204458603
      0.2037298486583776
       0.204116756210846
       0.204483435047789
      0.2048291826117699
      0.2051533029803817
      0.2054551080413984
      0.2057339187059026
      0.2059890661589262
      0.2062198931469805
       0.206425755301583
      0.2066060224977005
      0.2067600802457942
      0.2068873311160432
      0.2069871961929241
      0.2070591165583617
      0.2071025548013671
      0.2071169965518761
      0.2071019520363986
      0.2070569576528956
      0.2069815775620782
      0.2068754052920739
      0.2067380653534038
      0.2065692148607082
      0.2063685451575721
      0.2061357834404041
      0.2058706943772003
      0.2055730817163841
       0.205242789880741
      0.2048797055410941
       0.204483759163774
      0.2040549265256647
        0.20359323019001
      0.2030987409358816
      0.2025715791335669
      0.2020119160578496
      0.2014199751307256
      0.2007960330845643
      0.2001404210365768
      0.1994535254650115
      0.1987357890773456
      0.1979877115603898
      0.1972098502023452
      0.1964028203765291
       0.195567295876709
      0.1947040090939354
      0.1938137510250715
       0.192897371103229
      0.1919557768410222
      0.1909899332775976
      0.1900008622211511
      0.1889896412791744
      0.1879574026693417
      0.1869053318047974
      0.1858346656484794
      0.1847466908321458
      0.1836427415369344
      0.1825241971334633
      0.1813924795809596
      0.1802490505863982
      0.1790954085262587
       0.177933085135354
      0.1767636419691236
      0.1755886666478465
      0.1744097688934121
      0.1732285763716831
      0.1720467303558262
      0.1708658812284854
      0.1696876838433124
      0.1685137927687536
      0.1673458574397069
       0.166185517244929
      0.1650343965806383
      0.1638940999025555
      0.1627662068109897
       0.161652267204735
      0.1605537965411215
      0.1594722712402205
      0.1584091242716362
      0.1573657409620471
      0.1563434550610099
      0.1553435451011086
      0.1543672310865104
      0.1534156715414502
      0.1524899609467721
      0.1515911275888556
      0.1507201318407419
        0.14987786489031
      0.1490651479249174
      0.1482827317761178
      0.1475312970220044
      0.1468114545386101
      0.1461237464854373
      0.1454686477041809
      0.1448465675037835
      0.1442578517993916
      0.1437027855678044
      0.1431815955774274
      0.1426944533470994
       0.142241478285018
      0.1418227409569445
      0.1414382664315066
      0.1410880376501003
      0.1407719987694713
      0.1404900584264811
      0.1402420928769747
      0.1400279489638286
      0.1398474468732151
      0.1397003826427207
      0.1395865303902493
      0.1395056442382442
      0.1394574599139325
      0.1394416960125301
      0.1394580549168986
      0.1395062233735219
      0.1395858727311813
       0.139696658854617
      0.1398382217315933
      0.1400101847968353
      0.1402121540014294
      0.1404437166603156
      0.1407044401141845
      0.1409938702448797
      0.1413115298854568
      0.1416569171672876
      0.1420295038471108
      0.1424287336565393
      0.1428540207155033
      0.1433047480491789
      0.1437802662456225
      0.1442798922880906
      0.1448029085926042
      0.1453485622771838
       0.145916064684937
      0.1465045911786065
      0.1471132812195382
      0.1477412387393098
       0.148387532807701
      0.1490511985961274
      0.1497312386315975
      0.1504266243321468
      0.1511362978112631
      0.1518591739356215
      0.1525941426176531
      0.1533400713222687
      0.1540958077651076
      0.1548601827783718
      0.1556320133192438
      0.1564101055954575
      0.1571932582822217
      0.1579802658050082
      0.1587699216631717
      0.1595610217700151
      0.1603523677859824
       0.161142770422856
      0.1619310526980417
      0.1627160531196365
      0.1634966287844411
      0.1642716583726908
      0.1650400450250116
       0.165800719088731
      0.1665526407223639
      0.1672948023487853
      0.1680262309492085
      0.1687459901916899
      0.1694531823893854
      0.1701469502853259
      0.1708264786617292
      0.1714909957733868
      0.1721397746056383
      0.1727721339587938
       0.173387439361779
      0.1739851038186745
      0.1745645883927667
      0.1751254026332967
      0.1756671048507741
       0.176189302247222
      0.1766916509080269
       0.177173855662481
      0.1776356698201648
      0.1780768947904651
      0.1784973795925997
      0.1788970202633557
      0.1792757591697307
      0.1796335842333993
      0.1799705280737681
      0.1802866670761729
      0.1805821203914011
      0.1808570488724991
      0.1811116539545532
       0.181346176482817
      0.1815608954942519
      0.1817561269573777
       0.181932222474945
      0.1820895679538075
      0.1822285822460942
      0.1823497157655506
      0.1824534490828005
      0.1825402915029638
      0.1826107796289429
      0.1826654759134991
      0.1827049672029707
      0.1827298632753896
      0.1827407953754159
      0.1827384147483713
       0.182723391175404
      0.1826964115115752
      0.1826581782283895
      0.1826094079620885
      0.1825508300688388
      0.1824831851875997
      0.1824072238113724
      0.1823237048673151
      0.1822333943059797
       0.182137063700013
      0.1820354888523229
      0.1819294484138429
       0.181819722510993
       0.181707091382985
      0.1815923340290924
      0.1814762268662843
      0.1813595423976689
       0.181243047892311
      0.1811275040773026
      0.1810136638430329
        0.18090227096283
      0.1807940588284544
      0.1806897492028263
      0.1805900509918505
      0.1804956590371006
      0.1804072529312839
      0.1803254958586088
      0.1802510334620822
      0.1801844927398272
      0.1801264809725797
      0.1800775846844465
      0.1800383686389955
      0.1800093748726568
      0.1799911217674592
      0.1799841031649526
      0.1799887875232158
       0.180005617118754
      0.1800350072949349
       0.180077345758875
      0.1801329919282618
      0.1802022763298052
      0.1802855000509726
      0.1803829342464486
      0.1804948197008619
      0.1806213664491716
      0.1807627534560067
      0.1809191283551439
      0.1810906072501197
      0.1812772745768464
      0.1814791830288198
      0.1816963535452771
      0.1819287753624199
      0.1821764061274758
      0.1824391720750717
      0.1827169682650949
      0.1830096588808607
      0.1833170775860923
      0.1836390279389921
      0.1839752838612821
      0.1843255901599838
      0.1846896630994719
      0.1850671910211033
      0.1854578350077576
      0.1858612295903778
      0.1862769834938231
       0.186704680419142
      0.1871438798595157
       0.187594117947361
      0.1880549083298682
      0.1885257430707792
       0.189006093576045
      0.1894954115412383
      0.1899931299188488
      0.1904986639035004
      0.1910114119334257
      0.1915307567065208
      0.1920560662093947
      0.1925866947579065
      0.1931219840476494
      0.1936612642129723
      0.1942038548930104
      0.1947490663032845
        0.19529620031142
      0.1958445515154904
      0.1963934083236345
      0.1969420540334647
      0.1974897679099385
      0.1980358262604465
      0.1985795035058525
      0.1991200732464391
      0.1996568093216882
       0.200188986863146
      0.2007158833395111
      0.2012367795934261
      0.2017509608694295
      0.2022577178327305
      0.2027563475785199
      0.2032461546315681
      0.2037264519360408
      0.2041965618353724
      0.2046558170420058
      0.2051035615969271
      0.2055391518187824
      0.2059619572421973
      0.2063713615450293
      0.2067667634640131
      0.2071475776982026
       0.207513235799537
      0.2078631870496744
      0.2081968993222563
      0.2085138599295659
      0.2088135764525275
      0.2090955775530234
      0.2093594137673829
      0.2096046582799404
      0.2098309076756518
      0.2100377826706293
      0.2102249288196797
      0.2103920171998909
      0.2105387450693139
      0.2106648364999526
      0.2107700429841335
      0.2108541440135541
      0.2109169476298778
      0.2109582909462657
      0.2109780406384931
      0.2109760934047124
      0.2109523763922873
      0.2109068475904052
      0.2108394961864104
      0.2107503428839691
      0.2106394401805717
      0.2105068726018674
      0.2103527568897648
      0.2101772421410567
      0.2099805098930409
      0.2097627741523064
      0.2095242813626491
       0.209265310307796
      0.2089861719445693
      0.2086872091619033
      0.2083687964611037
      0.2080313395527575
       0.207675274865639
      0.2073010689631695
      0.2069092178630955
      0.2065002462562225
      0.2060747066204348
      0.2056331782264104
      0.2051762660320031
      0.2047045994625766
      0.2042188310752145
      0.2037196351053023
      0.2032077058945576
      0.2026837562005542
      0.2021485153883502
      0.2016027275059391
      0.2010471492462344
      0.2004825477992556
      0.1999096985995316
      0.1993293829749556
      0.1987423857045802
      0.1981494924943965
      0.1975514873815341
      0.1969491500788136
      0.1963432532731923
      0.1957345598930838
      0.1951238203610199
      0.1945117698495738
      0.1938991255597792
      0.1932865840424389
      0.1926748185836834
      0.1920644766770742
      0.1914561776049234
      0.1908505101520241
      0.1902480304747772
      0.1896492601486243
      0.1890546844158121
      0.1884647506549051
      0.1878798670917864
      0.1873004017706553
       0.186726681801352
      0.1861589928972922
      0.1855975792157926
      0.1850426435099115
      0.1844943475980807
       0.183952813154828
      0.1834181228227691
      0.1828903216429907
      0.1823694187977145
      0.1818553896561756
      0.1813481781114899
      0.1808476991935488
      0.1803538419401566
      0.1798664725060913
      0.1793854374874782
      0.1789105674366973
      0.1784416805412136
      0.1779785864380364
      0.1775210901342555
      0.1770689960028036
      0.1766221118219276
        0.17618025282606
      0.1757432457355418
      0.1753109327324002
      0.1748831753495858
       0.174459858241292
      0.1740408928025528
      0.1736262206071139
      0.1732158166334071
      0.1728096922497022
      0.1724078979308336
      0.1720105256803757
      0.1716177111339606
      0.1712296353212741
      0.1708465260663125
      0.1704686590078557
      0.1700963582243656
      0.1697299964502856
      0.1693699948732207
      0.1690168225045642
      0.1686709951190102
         0.1683330737615
      0.1680036628235006
       0.167683407693682
      0.1673729919916231
      0.1670731343964967
      0.1667845850863542
      0.1665081218070013
      0.1662445455931001
      0.1659946761676511
      0.1657593470493262
      0.1655394004006224
      0.1653356816528858
      0.1651490339473318
      0.1649802924339861
       0.164830278472973
       0.164699793784714
      0.1645896145973817
      0.1645004858413304
      0.1644331154409584
      0.1643881687547531
      0.1643662632138984
      0.1643679632088554
      0.1643937752716531
       0.164444143599287
      0.1645194459605623
      0.1646199900251668
      0.1647460101493158
      0.1648976646475675
       0.165075033574954
      0.1652781170378883
      0.1655068340462208
      0.1657610219125342
      0.1660404361984692
      0.1663447512016044
      0.1666735609702984
      0.1670263808281612
      0.1674026493844276
      0.1678017310016524
      0.1682229186878687
      0.1686654373768781
      0.1691284475572871
      0.1696110492089557
       0.170112286004045
      0.1706311497292119
      0.1711665848855971
       0.171717493423882
      0.1722827395730646
      0.1728611547233115
      0.1734515423255561
      0.1740526827730598
      0.1746633382329237
      0.1752822573986507
      0.1759081801379037
      0.1765398420127134
      0.1771759786524927
       0.177815329963182
      0.1784566441587046
      0.1790986816035372
      0.1797402184577442
      0.1803800501179618
      0.1810169944499552
      0.1816498948101684
      0.1822776228553391
      0.1828990811405809
      0.1835132055077605
      0.1841189672669366
      0.1847153751747692
      0.1853014772144388
      0.1858763621825889
      0.1864391610892109
      0.1869890483771993
      0.1875252429685281
      0.1880470091446033
      0.1885536572685313
      0.1890445443574186
      0.1895190745128175
      0.1899766992176832
      0.1904169175080998
      0.1908392760279904
      0.1912433689747553
      0.1916288379436119
      0.1919953716780583
      0.1923427057332912
      0.1926706220590763
      0.1929789485079888
      0.1932675582742322
      0.1935363692677442
      0.1937853434277165
      0.1940144859788342
      0.1942238446333044
      0.1944135087409097
      0.1945836083891103
       0.194734313454705
      0.1948658326083686
      0.1949784122731066
      0.1950723355376466
      0.1951479210257107
      0.1952055217221428
      0.1952455237571227
      0.1952683451496318
      0.1952744345117703
      0.1952642697155479
      0.1952383565241033
      0.1951972271893623
      0.1951414390183865
      0.1950715729106463
      0.1949882318685402
      0.1948920394833816
      0.1947836383990041
      0.1946636887549131
      0.1945328666107515
      0.1943918623534838
      0.1942413790885718
      0.1940821310160706
       0.193914841792263
       0.193740242877455
      0.1935590718702531
      0.1933720708287532
      0.1931799845790346
      0.1929835590116484
       0.192783539367065
      0.1925806685114359
      0.1923756852045631
      0.1921693223626249
       0.191962305318823
      0.1917553500858812
      0.1915491616249974
      0.1913444321265741
      0.1911418393087147
      0.1909420447399342
      0.1907456921930639
      0.1905534060375606
      0.1903657896775505
      0.1901834240429737
      0.1900068661408818
      0.1898366476737089
      0.1896732737307283
      0.1895172215583728
      0.1893689394143251
      0.1892288455095331
      0.1890973270416498
      0.1889747393224194
      0.1888614050010879
       0.188757613385187
        0.18866361985959
      0.1885796454044548
      0.1885058762123979
      0.1884424634053722
      0.1883895228515693
       0.188347135083177
      0.1883153453158622
      0.1882941635712778
      0.1882835649043425
      0.1882834897370296
      0.1882938443008727
      0.1883145011902055
      0.1883453000280537
      0.1883860482462513
      0.1884365219805827
      0.1884964670809921
      0.1885656002356564
        0.18864361020635
       0.188730159171037
      0.1888248841677282
      0.1889273986319855
      0.1890372940184785
       0.189154141495195
      0.1892774936973042
      0.1894068865260227
      0.1895418409766599
      0.1896818649791762
       0.189826455233855
      0.1899750990247405
      0.1901272759936563
      0.1902824598585152
      0.1904401200605241
      0.1905997233268137
      0.1907607351366045
      0.1909226210814045
