                       0
   1.126395978437098e-05
   4.513579712536461e-05
   0.0001017859521617394
   0.0001813759790830789
   0.0002840584947314178
   0.0004099771326804176
   0.0005592665027021237
   0.0007320521554922909
    0.000928450552488535
    0.001148569040579064
    0.001392505831463542
     0.00166034998539182
    0.001952181398971041
    0.002268070796696872
    0.002608079725830748
    0.002972260554211758
     0.00336065647055963
    0.003773301486793909
    0.004210220441864353
    0.004671429006558432
    0.005156933688724298
    0.005666731838320871
    0.006200811651682213
    0.006759152174359488
    0.007341723301882503
    0.007948485777762363
    0.008579391188038793
    0.009234381951659237
     0.00991339130596235
     0.01061634328652639
     0.01134315270063272
     0.01209372509358679
     0.01286795670713346
     0.01366573442920037
     0.01448693573420304
     0.01533142861314657
     0.01619907149276537
     0.01708971314294845
      0.0180031925717106
     0.01893933890698251
     0.01989797126451128
     0.02087889860118335
      0.0218819195531069
     0.02290682225781838
      0.0239533841600115
       0.025021371800222
     0.02611054058594384
     0.02722063454469712
     0.02835138605861781
     0.02950251558019521
     0.03067373132884282
     0.03186472896805372
     0.03307519126296279
     0.03430478771821491
     0.03555317419612089
     0.03681999251517224
     0.03810487002908138
     0.03940741918661438
     0.04072723707259505
      0.0420639049305717
     0.04341698766776241
      0.0447860333430247
     0.04617057263873162
     0.04757011831758229
     0.04898416466552587
     0.05041218692213761
     0.05185364069995248
     0.05330796139443721
     0.05477456358645774
     0.05625284043929342
     0.05774216309243753
     0.05924188005462672
     0.06075131659874661
     0.06226977416147133
      0.0637965297507077
     0.06533083536413571
     0.06687191742235392
      0.0684189762203609
     0.06997118540132512
     0.07152769145681696
     0.07308761325789187
     0.07465004162162767
      0.0762140389179255
     0.07777863872158261
     0.07934284551483267
     0.08090563444572584
     0.08246595114788124
     0.08402271162728839
     0.08557480222195657
      0.0871210796403154
     0.08866037108433916
     0.09019147446342332
     0.09171315870504892
     0.09322416416825732
     0.09472320316590396
     0.09620896060155901
     0.09768009472679065
     0.09913523802438344
      0.1005729982228084
      0.1019919594469888
      0.1033906835100699
      0.1047677113505143
      0.1061215646184101
      0.1074507474143778
      0.1087537481839194
      0.1100290417694417
      0.1112750916215331
      0.1124903521703557
      0.1136732713572618
      0.1148222933259284
      0.1159358612714598
      0.1170124204450176
      0.1180504213106147
      0.1190483228497713
      0.1200045960087578
      0.1209177272821818
      0.1217862224256973
      0.1226086102896471
      0.1233834467645028
      0.1241093188280473
      0.1247848486833675
      0.1254086979759043
      0.1259795720770477
       0.126496224421089
      0.1269574608817542
      0.1273621441740566
       0.127709198266846
      0.1279976127911857
      0.1282264474295921
      0.1283948362712176
      0.1285019921182692
      0.1285472107293273
      0.1285298749857806
      0.1284494589683262
      0.1283055319313965
      0.1280977621644854
      0.1278259207306327
      0.1274898850738186
      0.1270896424886766
      0.1266252934478014
      0.1260970547839355
      0.1255052627265253
      0.1248503757944755
      0.1241329775494158
       0.123353779216401
      0.1225136221816708
      0.1216134803798691
      0.1206544625859377
      0.1196378146297173
      0.1185649215540444
      0.1174373097397923
      0.1162566490237655
      0.1150247548375464
      0.1137435903971881
      0.1124152689748985
      0.1110420562844055
      0.1096263730112903
      0.1081707975179682
      0.1066780687498305
      0.1051510893639481
       0.103592929094133
      0.1020068283555129
      0.1003962020773169
     0.09876464373351072
      0.0971159295162636
     0.09545402256590224
     0.09378307713186121
       0.092107442490955
     0.09043166639094631
     0.08876049771793218
     0.08709888800499127
     0.08545199130704122
     0.08382516186426786
     0.08222394886677181
     0.08065408752143355
     0.07912148551655583
     0.07763220389226493
     0.07619243127066773
     0.07480845039917755
     0.07348659603656214
     0.07223320338931673
     0.07105454660991034
     0.06995676731657124
     0.06894579369302201
     0.06802725146382163
     0.06720636887959186
     0.06648787872040723
     0.06587592114100424
     0.06537395182388384
     0.06498466025659359
     0.06470990290502712
     0.06455065555402349
     0.06450698812993851
     0.06457806397892214
     0.06476216398775046
     0.06505673428524598
     0.06545845474841565
      0.0659633243317351
     0.06656675845981409
      0.0672636934213145
     0.06804869285228375
     0.06891605191935925
     0.06985989559230445
      0.0708742683060153
     0.07195321324062151
     0.07309084030562467
     0.07428138264182674
      0.0755192420244219
     0.07679902395786781
     0.07811556351109437
     0.07946394307347533
     0.08083950324512608
     0.08223784803660583
     0.08365484546715972
     0.08508662453712766
     0.08652956942437665
      0.0879803116275701
     0.08943572065810916
     0.09089289377209134
     0.09234914513585091
     0.09380199473428784
     0.09524915725990249
     0.09668853116131113
     0.09811818798172334
     0.09953636207902744
      0.1009414407883531
       0.102331955063946
      0.1037065706187264
      0.1050640795659588
      0.1064033925571669
      0.1077235314030201
      0.1090236221587865
      0.1103028886525901
      0.1115606464326953
      0.1127962971090642
      0.1140093230642103
      0.1151992825087097
       0.116365804857462
      0.1175085864037875
      0.1186273862696257
      0.1197220226113644
       0.120792369062148
      0.1218383513928338
      0.1228599443750617
      0.1238571688311539
      0.1248300888567612
      0.1257788092032888
       0.126703472808209
      0.1276042584623319
      0.1284813786040337
        0.12933507723127
      0.1301656279229773
       0.130973331962172
      0.1317585165536976
      0.1325215331301588
      0.1332627557401195
      0.1339825795131151
      0.1346814191964816
      0.1353597077593922
      0.1360178950598594
        0.13665644657078
      0.1372758421614039
      0.1378765749308675
      0.1384591500906797
      0.1390240838932704
       0.139571902603903
      0.1401031415134478
      0.1406183439896676
      0.1411180605648277
      0.1416028480575796
      0.1420732687271962
      0.1425298894583608
      0.1429732809748203
      0.1434040170803155
      0.1438226739253071
      0.1442298292981009
      0.1446260619390698
      0.1450119508767488
      0.1453880747846647
      0.1457550113578348
      0.1461133367079473
      0.1464636247763058
      0.1468064467636885
      0.1471423705763471
      0.1474719602874247
      0.1477957756131481
      0.1481143714032042
      0.1484282971447722
      0.1487380964797414
      0.1490443067347025
      0.1493474584633501
      0.1496480750009942
      0.1499466720309135
      0.1502437571623495
      0.1505398295199673
      0.1508353793446613
      0.1511308876056178
      0.1514268256235834
      0.1517236547053196
       0.152021825789253
      0.1523217791023534
      0.1526239438282976
      0.1529287377869906
      0.1532365671255265
      0.1535478260206939
      0.1538628963931199
      0.1541821476331578
      0.1545059363386257
      0.1548346060644888
      0.1551684870845706
      0.1555078961653773
      0.1558531363520868
      0.1562044967667475
      0.1565622524187073
      0.1569266640272658
      0.1572979778565271
      0.1576764255623884
      0.1580622240515814
      0.1584555753526522
      0.1588566664987274
      0.1592656694218937
      0.1596827408589738
      0.1601080222684662
      0.1605416397583734
      0.1609837040246213
      0.1614343102997441
      0.1618935383114843
      0.1623614522509349
      0.1628381007498306
      0.1633235168665767
      0.1638177180805952
      0.1643207062945484
      0.1648324678440038
      0.1653529735140941
      0.1658821785627285
      0.1664200227499181
      0.1669664303727851
      0.1675213103058383
      0.1680845560461184
      0.1686560457628315
      0.1692356423511185
      0.1698231934896355
      0.1704185317016537
      0.1710214744194194
      0.1716318240515604
      0.1722493680533593
       0.172873878999767
       0.173505114661072
      0.1741428180811925
      0.1747867176586091
      0.1754365272300137
       0.176091946156797
      0.1767526594145631
      0.1774183376859061
      0.1780886374567488
      0.1787632011165974
      0.1794416570631242
      0.1801236198115436
      0.1808086901093102
      0.1814964550567138
      0.1821864882340073
      0.1828783498357487
      0.1835715868130947
      0.1842657330248254
      0.1849603093979302
      0.1856548240986257
       0.186348772714713
      0.1870416384502259
      0.1877328923333523
      0.1884219934386389
      0.1891083891245168
      0.1897915152872154
      0.1904707966321435
      0.1911456469638355
      0.1918154694955694
      0.1924796571797775
      0.1931375930603625
      0.1937886506480439
       0.194432194319839
      0.1950675797437864
      0.1956941543299963
      0.1963112577090929
       0.196918222239102
      0.1975143735417877
      0.1980990310694313
      0.1986715087029928
      0.1992311153825602
      0.1997771557709445
      0.2003089309512218
      0.2008257391589769
      0.2013268765499347
      0.2018116380036032
      0.2022793179634777
      0.2027292113142903
      0.2031606142966929
      0.2035728254596924
      0.2039651466510557
      0.2043368840458033
      0.2046873492128222
      0.2050158602195047
      0.2053217427742097
      0.2056043314062281
      0.2058629706827952
      0.2060970164625659
      0.2063058371848145
      0.2064888151934794
      0.2066453480949999
      0.2067748501487336
      0.2068767536885471
      0.2069505105739968
      0.2069955936693009
      0.2070114983480958
      0.2069977440217491
      0.2069538756887437
      0.2068794655024309
      0.2067741143541414
      0.2066374534684135
      0.2064691460067722
      0.2062688886762129
      0.2060364133382195
      0.2057714886138264
      0.2054739214798999
      0.2051435588514606
      0.2047802891445308
      0.2043840438136235
      0.2039547988576241
      0.2034925762874661
      0.2029974455486236
       0.202469524891099
      0.2019089826792263
      0.2013160386332753
      0.2006909649945208
      0.2000340876051397
      0.1993457868940197
      0.1986264987593213
      0.1978767153384288
      0.1970969856557544
       0.196287916138743
      0.1954501709923667
      0.1945844724223893
      0.1936916006977541
       0.192772394042579
      0.1918277483484808
      0.1908586166982432
      0.1898660086922643
      0.1888509895697154
      0.1878146791169679
      0.1867582503565648
      0.1856829280108737
      0.1845899867355186
      0.1834807491188067
      0.1823565834445826
      0.1812189012173295
      0.1800691544498242
      0.1789088327153054
      0.1777394599678803
      0.1765625911367869
      0.1753798085021601
      0.1741927178620667
        0.17300294450281
      0.1718121289868007
      0.1706219227746672
      0.1694339837006772
      0.1682499713229482
      0.1670715421723146
      0.1659003449260356
      0.1647380155347438
      0.1635861723331007
      0.1624464111664888
      0.1613203005676869
      0.1602093770187829
      0.1591151403345327
      0.1580390492039147
      0.1569825169267129
      0.1559469073815312
      0.1549335312606781
      0.1539436426058095
      0.1529784356760792
      0.1520390421777945
      0.1511265288812389
      0.1502418956463941
      0.1493860738748421
      0.1485599254001786
      0.1477642418239164
      0.1469997442981695
      0.1462670837504937
      0.1455668415402361
       0.144899530529716
        0.14426559654767
      0.1436654202167603
      0.1430993191117008
      0.1425675502098187
      0.1420703125917519
      0.1416077503465884
      0.1411799556331561
      0.1407869718474438
       0.140428796845315
      0.1401053861697822
      0.1398166562331548
      0.1395624874063109
      0.1393427269701573
        0.13915719188794
      0.1390056713613946
      0.1388879291386622
      0.1388037055473566
      0.1387527192320163
      0.1387346685813012
      0.1387492328365627
      0.1387960728797145
      0.1388748317045155
       0.138985134581358
      0.1391265889312933
      0.1392987839302461
      0.1395012898690652
      0.1397336572991674
      0.1399954159969761
      0.1402860737831112
      0.1406051152342966
      0.1409520003272194
      0.1413261630540904
      0.1417270100494373
      0.1421539192667339
      0.1426062387418824
      0.1430832854783708
      0.1435843444861772
      0.1441086680032937
      0.1446554749251306
      0.1452239504631634
      0.1458132460500552
      0.1464224795042426
      0.1470507354626688
      0.1476970660860963
      0.1483604920372875
      0.1490400037283814
      0.1497345628300921
      0.1504431040319315
       0.151164537039595
      0.1518977487929469
      0.1526416058857378
      0.1533949571662905
      0.1541566364968988
      0.1549254656486053
      0.1557002573073311
      0.1564798181670063
      0.1572629520853778
       0.158048463278515
      0.1588351595306585
      0.1596218553969356
      0.1604073753775564
       0.161190557043378
      0.1619702540941339
      0.1627453393321552
      0.1635147075360039
      0.1642772782200979
      0.1650319982680713
      0.1657778444292881
      0.1665138256695639
      0.1672389853687593
      0.1679524033594468
      0.1686531978023272
      0.1693405268954551
      0.1700135904156455
      0.1706716310916254
      0.1713139358096186
      0.1719398366530362
      0.1725487117788749
      0.1731399861342149
       0.173713132016928
      0.1742676694853129
      0.1748031666219056
      0.1753192396571444
      0.1758155529589261
      0.1762918188943737
      0.1767477975703317
       0.177183296459261
      0.1775981699172775
      0.1779923186011082
      0.1783656887907166
      0.1787182716242748
      0.1790501022520649
      0.1793612589157349
      0.1796518619591732
      0.1799220727770602
      0.1801720927069369
      0.1804021618703926
      0.1806125579687164
      0.1808035950380939
      0.1809756221691562
      0.1811290221954097
      0.1812642103547922
      0.1813816329283187
      0.1814817658594939
       0.181565113357906
      0.1816322064901225
      0.1816836017607643
      0.1817198796863687
      0.1817416433644051
      0.1817495170395786
      0.1817441446693296
      0.1817261884902364
      0.1816963275868198
      0.1816552564640894
      0.1816036836249871
      0.1815423301537542
      0.1814719283061043
      0.1813932201069761
       0.181306955956549
      0.1812138932451115
      0.1811147949773232
      0.1810104284063587
      0.1809015636783942
      0.1807889724878877
      0.1806734267441054
      0.1805556972493631
      0.1804365523894941
      0.1803167568370899
       0.180197070268126
      0.1800782460926599
      0.1799610302003603
      0.1798461597217197
      0.1797343618059088
      0.1796263524163155
      0.1795228351449347
      0.1794245000468771
      0.1793320224963687
      0.1792460620657311
      0.1791672614289264
      0.1790962452913537
      0.1790336193476703
      0.1789799692694961
      0.1789358597249272
      0.1789018334318379
       0.178878410246997
      0.1788660862930494
      0.1788653331254206
      0.1788765969411957
      0.1789002978319866
       0.178936829082774
      0.1789865565186169
       0.179049817901054
      0.1791269223759088
      0.1792181499740833
       0.179323751166783
      0.1794439464764582
      0.1795789261445682
      0.1797288498570917
      0.1798938465284987
      0.1800740141447008
      0.1802694196652698
      0.1804800989850011
      0.1807060569546715
      0.1809472674606197
      0.1812036735625517
      0.1814751876887676
      0.1817616918877888
      0.1820630381351683
      0.1823790486940841
      0.1827095165281338
      0.1830542057645953
      0.1834128522062763
      0.1837851638899378
      0.1841708216891879
       0.184569479959637
      0.1849807672240395
      0.1854042868951009
      0.1858396180335838
      0.1862863161393435
      0.1867439139729123
       0.187211922405283
      0.1876898312935553
      0.1881771103801763
      0.1886732102135433
      0.1891775630878203
      0.1896895839998902
      0.1902086716214509
      0.1907342092843536
      0.1912655659773797
      0.1918020973527476
      0.1923431467407417
      0.1928880461709548
      0.1934361173987357
      0.1939866729355263
      0.1945390170818661
      0.1950924469619363
      0.1956462535585887
      0.1961997227478908
       0.196752136332293
      0.1973027730715768
      0.1978509097108198
       0.198395822004651
      0.1989367857371294
      0.1994730777366098
      0.2000039768849975
      0.2005287651208313
      0.2010467284356385
      0.2015571578630488
      0.2020593504601507
      0.2025526102805953
      0.2030362493389568
      0.2035095885658676
      0.2039719587534523
      0.2044227014905765
      0.2048611700874445
       0.205286730489067
      0.2056987621771259
      0.2060966590597642
      0.2064798303488253
      0.2068477014240699
      0.2071997146838923
      0.2075353303820626
      0.2078540274500155
      0.2081553043041981
      0.2084386796379949
      0.2087036931977231
      0.2089499065421915
      0.2091769037852871
      0.2093842923210395
      0.2095717035305754
       0.209738793470336
      0.2098852435408819
      0.2100107611355591
      0.2101150802682064
      0.2101979621790247
      0.2102591959176175
      0.2102985989020927
       0.210316017453002
      0.2103113273007357
      0.2102844340648371
      0.2102352737035204
      0.2101638129314795
      0.2100700496038739
      0.2099540130641509
        0.20981576445313
      0.2096553969765335
      0.2094730361278977
      0.2092688398635343
      0.2090429987259796
      0.2087957359120927
      0.2085273072817395
      0.2082380013027722
       0.207928138927799
      0.2075980733980726
      0.2072481899696691
      0.2068789055570316
      0.2064906682889009
      0.2060839569716411
      0.2056592804550503
      0.2052171768958619
      0.2047582129143709
       0.204282982639904
      0.2037921066412502
      0.2032862307386444
      0.2027660246944975
      0.2022321807807443
      0.2016854122214886
      0.2011264515105337
      0.2005560486043944
      0.1999749689925102
      0.1993839916475974
      0.1987839068603876
       0.198175513964383
      0.1975596189577318
      0.1969370320308402
      0.1963085650098828
      0.1956750287279607
        0.19503723033722
      0.1943959705767871
        0.19375204101287
      0.1931062212687958
      0.1924592762640442
       0.191811953482531
      0.1911649802913787
      0.1905190613322489
      0.1898748760078949
      0.1892330760869568
      0.1885942834501184
      0.1879590880005418
      0.1873280457610303
      0.1867016771795644
      0.1860804656637648
      0.1854648563634234
      0.1848552552185291
      0.1842520282882244
      0.1836555013738363
      0.1830659599466308
      0.1824836493881787
      0.1819087755483149
      0.1813415056225958
      0.1807819693479966
      0.1802302605123502
      0.1796864387697848
       0.179150531751202
      0.1786225374556863
      0.1781024269057196
      0.1775901470462004
      0.1770856238645959
       0.176588765707114
      0.1760994667635852
      0.1756176106918447
      0.1751430743507822
      0.1746757316099279
      0.1742154572024545
      0.1737621305878005
      0.1733156397897689
      0.1728758851759096
      0.1724427831442392
      0.1720162696838993
       0.171596303777158
      0.1711828706112219
      0.1707759845696326
      0.1703756919745394
      0.1699820735528712
      0.1695952466013401
      0.1692153668273069
      0.1688426298447874
      0.1684772723072781
      0.1681195726616323
      0.1677698515098885
      0.1674284715687581
       0.167095837219407
      0.1667723936431911
      0.1664586255421623
      0.1661550554463916
      0.1658622416134914
      0.1655807755291226
      0.1653112790207396
      0.1650544010003357
      0.1648108138554725
      0.1645812095113952
      0.1643662951904973
      0.1641667888987828
       0.163983414672233
      0.1638168976190476
      0.1636679587965933
      0.1635373099644392
      0.1634256482570891
      0.1633336508218383
      0.1632619694685587
        0.16321122537908
      0.1631820039241629
       0.163174849635796
      0.1631902613816759
       0.163228687787235
      0.1632905229484525
      0.1633761024759425
      0.1634856999074771
      0.1636195235222236
      0.1637777135855913
      0.1639603400487889
      0.1641674007220439
      0.1643988199350377
      0.1646544476925544
       0.164934059327735
      0.1652373556497669
      0.1655639635774359
      0.1659134372447995
      0.1662852595604277
       0.166678844197244
      0.1670935379860781
      0.1675286236826534
      0.1679833230749212
      0.1684568003954377
      0.1689481660018716
      0.1694564802877193
      0.1699807577848817
      0.1705199714198755
      0.1710730568860839
      0.1716389170955428
      0.1722164266752538
      0.1728044364748604
      0.1734017780546395
      0.1740072681251242
      0.1746197129121725
      0.1752379124239264
      0.1758606645987706
      0.1764867693160857
       0.177115032254221
       0.177744268582689
      0.1783733064780323
      0.1790009904551482
      0.1796261845080288
      0.1802477750558886
      0.1808646736924867
      0.1814758197381068
      0.1820801825951296
       0.182676763909438
      0.1832645995410016
      0.1838427613479622
       0.184410358789313
      0.1849665403519372
      0.1855104948082654
      0.1860414523112083
      0.1865586853332867
       0.187061509457059
      0.1875492840240233
      0.1880214126491797
      0.1884773436083633
      0.1889165701053532
      0.1893386304255746
      0.1897431079830101
      0.1901296312666923
        0.19049787369288
      0.1908475533687326
       0.191178432773006
      0.1914903183589714
       0.191783060084465
      0.1920565508736483
       0.192310726014763
      0.1925455624978571
      0.1927610782961632
      0.1929573315945285
       0.193134419968023
      0.1932924795135914
      0.1934316839373643
      0.1935522436000179
      0.1936544045223492
      0.1937384473530341
      0.1938046863003436
      0.1938534680294315
      0.1938851705266409
      0.1939002019321489
      0.1938989993421321
      0.1938820275815437
      0.1938497779484883
      0.1938027669311133
      0.1937415348978778
       0.193666644762009
      0.1935786806209392
      0.1934782463715045
      0.1933659643016855
      0.1932424736597041
      0.1931084292013197
      0.1929644997162314
      0.1928113665345559
      0.1926497220144489
       0.192480268012028
       0.192303714334886
      0.1921207771806059
      0.1919321775618454
      0.1917386397197072
         0.1915408895273
        0.19133965288556
      0.1911356541136118
      0.1909296143361353
      0.1907222498704228
      0.1905142706160142
      0.1903063784500132
      0.1900992656313976
      0.1898936132178505
      0.1896900894988334
      0.1894893484488198
      0.1892920282047888
      0.1890987495722385
       0.188910114564134
      0.1887267049773183
      0.1885490810110201
      0.1883777799321672
      0.1882133147922444
      0.1880561732004529
      0.1879068161578912
      0.1877656769574212
      0.1876331601537671
      0.1875096406082579
      0.1873954626124371
      0.1872909390945334
       0.187196350912525
      0.1871119462372195
       0.187037940028429
      0.1869745136069474
      0.1869218143246135
      0.1868799553343186
      0.1868490154613311
      0.1868290391768465
      0.1868200366741417
      0.1868219840472118
      0.1868348235712341
      0.1868584640836755
      0.1868927814643393
      0.1869376192121203
      0.1869927891157385
      0.1870580720152276
      0.1871332186504896
      0.1872179505927806
      0.1873119612545863
      0.1874149169729585
      0.1875264581610403
      0.1876462005222037
      0.1877737363209541
      0.1879086357045254
      0.1880504480689109
      0.1881987034629306
      0.1883529140238363
      0.1885125754378968
      0.1886771684193964
      0.1888461602014968
      0.1890190060324863
       0.189195150671035
      0.1893740298742205
      0.1895550718722597
      0.1897376988240893
