                       0
   1.126395978437102e-05
   4.513579712537285e-05
    0.000101785952161961
   0.0001813759790853217
   0.0002840584947448897
   0.0004099771327386991
   0.0005592665029032621
   0.0007320521560807096
   0.0009284505540058483
    0.001148569044120943
    0.001392505839091535
    0.001660350000762527
    0.001952181428260208
    0.002268070849912949
    0.002608079818631053
    0.002972260710354765
    0.003360656725148875
    0.003773301890492695
    0.004210221066285588
    0.004671429951060754
    0.005156935088873682
    0.005666733876306671
    0.006200814569007135
    0.006759156287155245
    0.007341729019235611
    0.007948493623468691
    0.008579401826239959
    0.009234396216849194
    0.009913410237888182
     0.01061636817054303
     0.01134318511410705
     0.01209376695898209
     0.01286801035243999
     0.01366580265641199
     0.01448702189657224
     0.01533153670198213
     0.01619920623456544
     0.01708988010768957
      0.0180033982931365
     0.01893959101575791
     0.01989827863512249
     0.02087927151347988
     0.02188236986938549
     0.02290736361635269
     0.02395403218592491
     0.02502214433458927
     0.02611145793398622
     0.02722171974390546
     0.02835266516759891
     0.02950401798898513
     0.03067549009136738
     0.03186678115733987
      0.0330775783496129
     0.03430755597254864
     0.03555637511426481
     0.03682368326923378
     0.03810911394137993
     0.03941228622775874
      0.0407328043829863
     0.04207025736467949
      0.0434242183602635
      0.0447942442956056
     0.04617987532604256
      0.0475806343104828
     0.04899602626938465
     0.05042553782753824
      0.0518686366427106
     0.05332477082135245
     0.05479336832270897
     0.05627383635282835
     0.05776556075011795
     0.05926790536426067
      0.0607802114304725
     0.06230179694125597
     0.06383195601798299
     0.06536995828482471
      0.0669150482477343
     0.06846644468138061
     0.07002334002712678
     0.07158489980534602
     0.07315026204556757
     0.07471853673814728
     0.07628880531135991
     0.07786012013801087
     0.07943150407586513
     0.08100195004638738
     0.08257042065647925
     0.08413584786808599
     0.08569713272072346
     0.08725314511214592
     0.08880272364253407
     0.09034467552772846
     0.09187777658716542
     0.09340077131228597
     0.09491237302128501
     0.09641126410614161
     0.09789609637792251
     0.09936549151637612
      0.1008180416298311
      0.1022523099313811
      0.1036668315372695
      0.1050601143932893
      0.1064306403348716
      0.1077768662863623
      0.1090972256047646
      0.1103901295729641
      0.1116539690471475
      0.1128871162627725
      0.1140879268030497
      0.1152547417334472
      0.1163858899052402
      0.1174796904305824
      0.1185344553309925
       0.119548492360514
      0.1205201080041335
      0.1214476106513279
      0.1223293139438552
      0.1231635402961225
      0.1239486245856509
      0.1246829180103204
      0.1253647921082317
      0.1259926429351614
      0.1265648953937348
       0.127080007707592
      0.1275364760330042
      0.1279328391996059
      0.1282676835711673
      0.1285396480166498
      0.1287474289811827
      0.1288897856460874
       0.128965545166672
      0.1289736079762474
      0.1289129531446925
       0.128782643779943
      0.1285818324610187
      0.1283097666916654
      0.1279657943643882
      0.1275493692256277
      0.1270600563341076
      0.1264975375059858
      0.1258616167424164
       0.125152225637502
      0.1243694287674268
      0.1235134290648558
      0.1225845731864977
      0.1215833568861161
      0.1205104304102757
      0.1193666039397789
      0.1181528531061441
      0.1168703246196342
      0.1155203420533259
      0.1141044118365506
      0.1126242295207575
      0.1110816863914662
      0.1094788765114408
      0.1078181042924633
      0.1061018927059258
      0.1043329922556341
      0.1025143908492562
      0.1006493247170827
     0.09874129053717384
     0.09679405893309226
     0.09481168951217181
     0.09279854760575891
      0.0907593228540769
     0.08869904974189434
     0.08662313012980254
     0.08453735773017851
     0.08244794433474269
     0.08036154739699199
     0.07828529828972651
     0.07622683017504428
      0.0741943039204518
     0.07219642985160978
     0.07024248233967333
     0.06834230328712401
     0.06650628954013364
     0.06474535820752071
     0.06307088296660832
     0.06149459393382044
     0.06002843391559962
     0.05868436524662552
     0.05747412438046728
     0.05640892620326085
     0.05549912665380386
     0.05475386009308199
     0.05418067577037095
     0.05378520391517484
     0.05357088447940089
     0.05353878882542526
     0.05368755628069095
     0.05401345456912787
     0.05451055819424762
     0.05517102507177314
     0.05598544191400156
     0.05694320464125165
     0.05803290144852885
     0.05924267178816655
     0.06056052248088709
     0.06197459050749463
     0.06347334933144863
     0.06504576109706992
     0.06668138056970109
     0.06837041846016521
     0.07010377222315298
       0.071873031985928
     0.07367046833738974
     0.07548900757803227
     0.07732219889045264
     0.07916417684842054
     0.08100962179187653
     0.08285371986904989
     0.08469212397649006
     0.08652091639361816
     0.08833657358715578
      0.0901359334296177
      0.0919161649145849
     0.09367474034258909
     0.09540940988133993
     0.09711817836192471
     0.09879928415027253
      0.1004511799244433
      0.1020725151886478
      0.1036621203610619
       0.105218992282142
      0.1067422810016597
      0.1082312777149538
      0.1096854037312096
      0.1111042003684582
      0.1124873196811594
      0.1138345159365454
      0.1151456377652908
      0.1164206209205353
      0.1176594815868479
       0.118862310187445
      0.1200292656439115
      0.1211605700479098
       0.122256503708955
      0.1233174005463588
      0.1243436437969647
      0.1253356620133694
      0.1262939253300064
      0.1272189419768063
       0.128111255022187
      0.1289714393289011
      0.1298000987078247
      0.1305978632561174
      0.1313653868673751
      0.1321033449024268
      0.1328124320103401
      0.1334933600899964
      0.1341468563833031
      0.1347736616917338
      0.1353745287084384
      0.1359502204586618
       0.136501508841649
      0.1370291732676125
       0.137533999383699
      0.1380167778832169
      0.1384783033926908
      0.1389193734315784
      0.1393407874397485
      0.1397433458680526
      0.1401278493275497
      0.1404950977931559
      0.1408458898576901
      0.1411810220324842
      0.1415012880909065
      0.1418074784513312
      0.1421003795962571
      0.1423807735244503
      0.1426494372331512
      0.1429071422275469
      0.1431546540548723
      0.1433927318606603
      0.1436221279648138
      0.1438435874553315
      0.1440578477976656
      0.1442656384578443
      0.1444676805376371
      0.1446646864201917
      0.1448573594247117
      0.1450463934688945
      0.1452324727379825
      0.1454162713594261
      0.1455984530822907
      0.1457796709606739
      0.1459605670405293
      0.1461417720494225
      0.1463239050888637
      0.1465075733289854
       0.146693371705441
      0.1468818826185143
      0.1470736756345291
      0.1472693071897455
      0.1474693202970189
      0.1476742442555804
      0.1478845943643722
      0.1481008716394387
      0.1483235625359309
      0.1485531386753352
      0.1487900565785731
      0.1490347574056556
      0.1492876667025943
      0.1495491941562853
      0.1498197333580861
      0.1500996615767981
       0.150389339541753
      0.1506891112366761
      0.1509993037049665
      0.1513202268669936
      0.1516521733499574
      0.1519954183308054
      0.1523502193926339
      0.1527168163949332
      0.1530954313579589
      0.1534862683614344
      0.1538895134577059
      0.1543053345993832
      0.1547338815814157
      0.1551752859974616
        0.15562966121032
      0.1560971023361093
      0.1565776862417872
      0.1570714715555279
      0.1575784986893882
      0.1580987898736232
       0.158632349201939
      0.1591791626869068
      0.1597391983247045
      0.1603124061683011
      0.1608987184081538
      0.1614980494594519
      0.1621102960549155
      0.1627353373421325
      0.1633730349844085
      0.1640232332640997
      0.1646857591874031
      0.1653604225895902
      0.1660470162396934
      0.1667453159436797
      0.1674550806451842
      0.1681760525229184
      0.1689079570839173
      0.1696505032518475
      0.1704033834496575
      0.1711662736759229
      0.1719388335743084
      0.1727207064956497
      0.1735115195522355
      0.1743108836639604
      0.1751183935961041
      0.1759336279885853
      0.1767561493766343
      0.1775855042029205
      0.1784212228212746
      0.1792628194922381
      0.1801097923707776
      0.1809616234866011
      0.1818177787176127
      0.1826777077571478
      0.1835408440757274
      0.1844066048781761
      0.1852743910570454
      0.1861435871433858
      0.1870135612560101
      0.1878836650504875
      0.1887532336692072
      0.1896215856939419
      0.1904880231024411
      0.1913518312306715
      0.1922122787424148
      0.1930686176080229
      0.1939200830942151
      0.1947658937668855
      0.1956052515089746
      0.1964373415555326
      0.1972613325481827
      0.1980763766112613
      0.1988816094519854
      0.1996761504870599
      0.2004591029981997
      0.2012295543191008
      0.2019865760564424
      0.2027292243475557
      0.2034565401574294
      0.2041675496177643
      0.2048612644108154
      0.2055366822007844
      0.2061927871155392
      0.2068285502814493
      0.2074429304141203
      0.2080348744678098
      0.2086033183462819
      0.2091471876778386
       0.209665398657225
      0.2101568589570623
      0.2106204687114052
      0.2110551215739538
      0.2114597058533721
      0.2118331057280774
      0.2121742025427645
      0.2124818761888186
      0.2127550065706492
      0.2129924751598435
      0.2131931666388989
       0.213355970636136
       0.213479783553236
       0.213563510486673
       0.213606067244133
      0.2136063824568267
      0.2135633997884102
      0.2134760802410327
      0.2133434045588339
      0.2131643757290091
      0.2129380215803683
       0.212663397479114
       0.212339589121379
      0.2119657154218774
      0.2115409314978577
      0.2110644317473851
       0.210535453020844
      0.2099532778844291
      0.2093172379743004
      0.2086267174400074
      0.2078811564757471
      0.2070800549380226
      0.2062229760482946
      0.2053095501792984
      0.2043394787238126
      0.2033125380448308
      0.2022285835062967
      0.2010875535838264
      0.1998894740551436
      0.1986344622703151
       0.197322731502267
      0.1959545953785019
      0.1945304723954015
      0.1930508905169827
      0.1915164918604611
      0.1899280374714375
      0.1882864121919416
      0.1865926296248965
      0.1848478371987691
      0.1830533213361866
       0.181210512730055
      0.1793209917301258
      0.1773864938419177
      0.1754089153382771
      0.1733903189814992
      0.1713329398506491
      0.1692391912642876
      0.1671116707829684
      0.1649531662683204
      0.1627666619659177
      0.1605553445670681
      0.1583226091896824
      0.1560720652000362
      0.1538075417749974
      0.1515330930776497
      0.1492530028877054
      0.1469717884912492
      0.1446942035919172
      0.1424252399575369
       0.140170127462842
      0.1379343321309283
      0.1357235517151186
      0.1335437083012135
      0.1314009373512163
      0.1293015725583128
      0.1272521258454901
      0.1252592618245452
      0.1233297660477648
      0.1214705064417547
      0.1196883874228057
      0.1179902963661829
      0.1163830423460823
      0.1148732873827892
      0.1134674708264821
      0.1121717279621364
      0.1109918044155826
      0.1099329684441937
      0.1089999236636906
      0.1081967251445316
      0.1075267020544212
      0.1069923900797994
      0.1065954766940769
      0.1063367619400646
      0.1062161367710066
      0.1062325801891987
      0.1063841754983765
      0.1066681450276435
      0.1070809017780376
      0.1076181156683604
      0.1082747914771582
      0.1090453552297419
      0.1099237456714533
      0.1109035075832357
      0.1119778839945248
      0.1131399047805744
      0.1143824696414398
      0.1156984239959602
      0.1170806268426069
      0.1185220101075831
      0.1200156293985795
       0.121554706400479
      0.1231326633863032
      0.1247431504784896
      0.1263800663918521
      0.1280375734319764
      0.1297101075233223
      0.1313923840112267
      0.1330793999311883
      0.1347664333754553
      0.1364490405174686
      0.1381230507839566
      0.1397845605958578
       0.141429926034993
      0.1430557547348777
      0.1446588972418759
      0.1462364380472137
      0.1477856864509807
      0.1493041673857509
      0.1507896122993147
      0.1522399501726314
      0.1536532987299027
      0.1550279558820411
      0.1563623914322402
      0.1576552390623492
      0.1589052886108955
      0.1601114786475037
      0.1612728893438051
      0.1623887356374525
      0.1634583606833125
      0.1644812295841132
      0.1654569233916187
      0.1663851333686557
      0.1672656555019191
      0.1680983852553544
      0.1688833125539752
      0.1696205169881846
      0.1703101632289646
      0.1709524966446676
      0.1715478391105398
      0.1720965850025248
      0.1725991973673104
      0.1730562042609882
      0.1734681952490809
      0.1738358180610538
      0.1741597753927615
      0.1744408218505822
      0.1746797610312666
       0.174877442731764
      0.1750347602835026
      0.1751526480057785
       0.175232078773057
      0.1752740616911199
      0.1752796398770854
      0.1752498883384086
      0.1751859119460226
       0.175088843496819
      0.1749598418606806
      0.1748000902072882
      0.1746107943079074
      0.1743931809073454
      0.1741484961612305
      0.1738780041337366
      0.1735829853508229
      0.1732647354040203
      0.1729245635997423
      0.1725637916490557
      0.1721837523928018
      0.1717857885569247
      0.1713712515328334
      0.1709415001776123
      0.1704978996288908
      0.1700418201292019
      0.1695746358546969
      0.1690977237431466
       0.168612462316248
       0.168120230491378
      0.1676224063780917
       0.167120366054856
       0.166615482321746
      0.1661091234251107
       0.165602651750543
      0.1650974224808665
      0.1645947822162811
       0.164096067554292
      0.1636026036275869
      0.1631157025986133
      0.1626366621102574
      0.1621667636927188
      0.1617072711274186
       0.161259428769567
       0.160824459831837
       0.160403564632446
      0.1599979188118168
      0.1596086715228786
      0.1592369436009437
      0.1588838257199681
      0.1585503765428402
      0.1582376208741387
      0.1579465478245346
      0.1576781089966748
      0.1574332167029542
      0.1572127422260477
       0.157017514133416
      0.1568483166572092
      0.1567058881510604
      0.1565909196351675
      0.1565040534408213
      0.1564458819651198
      0.1564169465460397
      0.1564177364673013
      0.1564486881015757
      0.1565101841995582
      0.1566025533312738
      0.1567260694847145
      0.1568809518255491
      0.1570673646202221
      0.1572854173232803
      0.1575351648282783
      0.1578166078801221
      0.1581296936452567
      0.1584743164346978
      0.1588503185735874
      0.1592574914097244
      0.1596955764524183
      0.1601642666320354
      0.1606632076697814
      0.1611919995465873
      0.1617501980594507
      0.1623373164532304
       0.162952827115697
      0.1635961633236049
       0.164266721027655
      0.1649638606644687
      0.1656869089840617
      0.1664351608817927
      0.1672078812243444
      0.1680043066599563
      0.1688236474038671
      0.1696650889907005
      0.1705277939863536
      0.1714109036527875
      0.1723135395599708
      0.1732348051400746
      0.1741737871798515
      0.1751295572479414
      0.1761011730546229
      0.1770876797422735
       0.178088111105491
       0.179101490740484
      0.1801268331239316
      0.1811631446220596
      0.1822094244311757
      0.1832646654513417
      0.1843278550952538
      0.1853979760347373
      0.1864740068875552
      0.1875549228474731
      0.1886396962607287
      0.1897272971522144
      0.1908166937048111
      0.1919068526954027
      0.1929967398911673
       0.194085320409775
      0.1951715590471382
      0.1962544205763493
      0.1973328700214169
      0.1984058729093681
      0.1994723955042279
      0.2005314050263222
      0.2015818698602719
      0.2026227597549629
      0.2036530460186855
      0.2046717017125421
      0.2056777018451237
      0.2066700235713531
      0.2076476463982912
      0.2086095524005978
      0.2095547264482342
       0.210482156448892
      0.2113908336075267
       0.212279752705275
      0.2131479123999311
      0.2139943155500597
      0.2148179695647225
      0.2156178867807018
      0.2163930848690064
      0.2171425872723544
       0.217865423675237
      0.2185606305080739
      0.2192272514868895
      0.2198643381898468
       0.220470950671899
      0.2210461581187303
      0.2215890395410821
      0.2220986845104806
      0.2225741939373063
      0.2230146808920702
      0.2234192714706924
      0.2237871057045065
      0.2241173385156459
       0.224409140718404
      0.2246617000670966
      0.2248742223508955
      0.2250459325360442
      0.2251760759558129
      0.2252639195485001
      0.2253087531437369
      0.2253098907973102
       0.225266672174676
      0.2251784639833002
      0.2250446614539296
      0.2248646898708659
      0.2246380061512932
      0.2243641004736852
      0.2240424979553024
      0.2236727603787792
      0.2232544879677859
      0.2227873212117518
      0.2222709427396275
      0.2217050792426683
      0.2210895034462228
      0.2204240361305131
      0.2197085482003986
      0.2189429628041192
      0.2181272575010126
      0.2172614664781977
      0.2163456828162057
      0.2153800608035167
      0.2143648182999316
      0.2133002391486489
      0.2121866756368484
      0.2110245510044762
      0.2098143620007863
      0.2085566814880111
      0.2072521610912894
        0.20590153389368
      0.2045056171746944
      0.2030653151903031
      0.2015816219917637
      0.2000556242798808
      0.1984885042904023
      0.1968815427051548
      0.1952361215821984
      0.1935537272966844
      0.1918359534822007
      0.1900845039601301
      0.1883011956418792
      0.1864879613857015
      0.1846468527861705
      0.1827800428700986
      0.1808898286677703
      0.1789786336227027
      0.1770490097966843
       0.175103639819535
      0.1731453385248092
      0.1711770542035177
      0.1692018693978681
      0.1672230011460547
      0.1652438005773661
      0.1632677517444772
      0.1612984695669979
      0.1593396967475163
      0.1573952995089717
      0.1554692619908455
      0.1535656791321477
      0.1516887478624663
      0.1498427564195636
      0.1480320716144724
      0.1462611238741951
      0.1445343899094916
       0.142856372882402
      0.1412315799865203
      0.1396644974038131
      0.1381595626656958
      0.1367211345232539
        0.13535346052116
      0.1340606425701659
      0.1328466009209954
      0.1317150370536642
      0.1306693961050817
      0.1297128295575287
      0.1288481589938172
      0.1280778417839958
      0.1274039395962142
       0.126828090614927
      0.1263514862991288
      0.1259748534206049
      0.1256984419892312
      0.1255220195044184
      0.1254448717771895
       0.125465810356882
      0.1255831863823815
      0.1257949104728508
      0.1260984780890547
      0.1264909996436676
      0.1269692345247404
       0.127529628124923
      0.1281683509408447
      0.1288813388199295
      0.1296643334809181
      0.1305129225127625
      0.1314225781565325
      0.1323886942885128
      0.1334066211421555
      0.1344716974252925
      0.1355792796015854
      0.1367247682075393
      0.1379036311658761
      0.1391114241312477
      0.1403438079648472
      0.1415965634809294
      0.1428656036417055
      0.1441469833990116
      0.1454369073932485
      0.1467317357241023
      0.1480279880051482
      0.1493223459071618
      0.1506116543841706
      0.1518929217631409
      0.1531633188636677
       0.154420177298882
      0.1556609870936059
      0.1568833937410127
       0.158085194804984
       0.159264336162223
      0.1604189079660789
      0.1615471404030354
      0.1626473993029098
      0.1637181816549699
        0.16475811107435
      0.1657659332562681
      0.1667405114495243
       0.167680821975524
      0.1685859498145326
       0.169455084276948
      0.1702875147740064
      0.1710826266994368
      0.1718398974310999
      0.1725588924595199
       0.173239261648397
       0.173880735630637
      0.1744831223421024
      0.1750463036941487
      0.1755702323850389
       0.176054928849488
      0.1765004783448725
      0.1769070281720202
      0.1772747850279628
      0.1776040124875705
        0.17789502861059
      0.1781482036702615
      0.1783639579993886
       0.178542759949474
      0.1786851239583071
      0.1787916087211924
       0.178862815460834
      0.1788993862907431
      0.1789020026669047
       0.178871383922326
      0.1788082858789902
      0.1787134995316539
      0.1785878497978502
      0.1784321943283947
      0.1782474223726325
      0.1780344536926147
      0.1777942375203471
      0.1775277515522125
      0.1772360009746347
      0.1769200175150182
      0.1765808585119705
      0.1762196059987937
      0.1758373657942068
      0.1754352665942547
       0.175014459059348
      0.1745761148903822
      0.1741214258878972
      0.1736516029882619
       0.173167875270912
      0.1726714889307252
      0.1721637062097028
      0.1716458042822346
      0.1711190740883621
      0.1705848191096334
      0.1700443540823574
      0.1694990036433283
      0.1689501009034071
      0.1683989859447168
      0.1678470042376427
       0.167295504974332
      0.1667458393159574
      0.1661993585516623
      0.1656574121678293
      0.1651213458271264
      0.1645924992576704
      0.1640722040536207
      0.1635617813895605
       0.163062539652142
      0.1625757719936562
      0.1621027538134243
      0.1616447401741901
       0.161202963162002
      0.1607786291993925
      0.1603729163229727
      0.1599869714378401
      0.1596219075624219
       0.159278801078517
      0.1589586890023408
      0.1586625662932757
       0.158391383217773
      0.1581460427864116
      0.1579273982824631
      0.1577362509004336
      0.1575733475129238
      0.1574393785837656
      0.1573349762447346
      0.1572607125522274
      0.1572170979391016
      0.1572045798754449
      0.1572235417503725
      0.1572743019850622
      0.1573571133851822
      0.1574721627386431
      0.1576195706622882
      0.1577993916987393
       0.158011614662196
      0.1582561632295842
      0.1585328967711092
      0.1588416114120322
      0.1591820413153921
      0.1595538601734791
      0.1599566828941529
      0.1603900674666211
      0.1608535169900643
      0.1613464818475241
      0.1618683620067752
      0.1624185094294668
       0.162996230569651
       0.163600788942891
      0.1642314077474561
      0.1648872725196367
      0.1655675338059246
       0.166271309835689
      0.1669976891789953
       0.167745733375346
      0.1685144795203378
      0.1693029427985047
      0.1701101189519223
      0.1709349866754696
      0.1717765099309528
      0.1726336401735749
      0.1735053184854737
      0.1743904776122285
       0.175288043899349
      0.1761969391267927
      0.1771160822405135
      0.1780443909809088
      0.1789807834088151
      0.1799241793303913
      0.1808735016228379
      0.1818276774634191
       0.182785639464698
      0.1837463267192615
      0.1847086857575027
      0.1856716714222605
      0.1866342476642825
      0.1875953882625916
      0.1885540774739013
      0.1895093106152447
      0.1904600945839693
      0.1914054483191941
      0.1923444032087529
      0.1932760034455425
      0.1941993063370769
       0.195113382571907
      0.1960173164464228
      0.1969102060553919
      0.1977911634494268
      0.1986593147624046
      0.1995138003116956
      0.2003537746738836
      0.2011784067385008
      0.2019868797421296
      0.2027783912850709
      0.2035521533326226
      0.2043073922028662
      0.2050433485427227
      0.2057592772939048
      0.2064544476502743
      0.2071281430079971
      0.2077796609097839
      0.2084083129844139
      0.2090134248826471
        0.20959433621056
      0.2101504004612713
      0.2106809849459675
