                       0
   4.996626666666483e-05
   0.0001997269431941661
   0.0004490676792344317
   0.0007977646046878524
    0.001245584370927507
     0.00179228419264463
    0.002437611890132032
    0.003181305931773073
    0.004023095476455624
    0.004962700415583022
    0.005999831414308258
    0.007134189951571953
     0.00836546835848149
     0.00969334985452547
     0.01111750858107758
     0.01263760963160245
     0.01425330907794003
     0.01596425399200696
     0.01777008246221836
     0.01967042360390202
     0.02166489756294351
     0.02375311551187126
     0.02593467963756629
     0.02820918311975034
     0.03057621009938786
     0.03303533563611221
     0.03558612565376879
     0.03822813687315216
     0.04096091673099518
     0.04378400328426203
     0.04669692509878302
     0.04969920112126221
     0.05279034053368704
     0.05596984258916353
     0.05923719642820591
     0.06259188087450825
     0.06603336420923814
     0.06956110392289669
     0.07317454644380808
     0.07687312684231164
     0.08065626850975588
     0.08452338281141202
     0.08847386871245465
     0.09250711237618589
      0.0966224867337174
      0.1008193510243569
       0.105097050305999
      0.1094549149348564
      0.1138922600139292
      0.1184083848096613
      0.1230025721362988
      0.1276740877075254
      0.1324221794550359
      0.1372460768137667
      0.1421449899736146
      0.1471181090975301
      0.1521646035059988
      0.1572836208280123
      0.1624742861187369
      0.1677357009442142
      0.1730669424335471
      0.1784670622991419
      0.1839350858257445
      0.1894700108291177
       0.195070806585395
      0.2007364127322711
      0.2064657381433912
      0.2122576597774505
      0.2181110215037123
      0.2240246329058447
      0.2299972680661683
       0.236027664332615
      0.2421145210709135
        0.24825649840474
      0.2544522159467824
      0.2607002515239298
      0.2669991399000024
      0.2733473714996846
        0.27974339113762
      0.2861855967567816
      0.2926723381805761
      0.2992019158833367
      0.3057725797841134
      0.3123825280689682
      0.3190299060471523
       0.325712805046849
      0.3324292613563725
      0.3391772552169421
      0.3459547098733819
      0.3527594906892661
      0.3595894043332635
      0.3664421980435781
      0.3733155589775425
      0.3802071136535382
      0.3871144274925649
      0.3940350044667886
       0.400966286862526
      0.4079056551650654
      0.4148504280727554
      0.4217978626477022
      0.4287451546103341
      0.4356894387849418
      0.4426277897031131
      0.4495572223717391
      0.4564746932119983
      0.4633771011753593
      0.4702612890422984
      0.4771240449089177
      0.4839621038662016
      0.4907721498760807
      0.4975508178478474
      0.5042946959178263
      0.5110003279344687
      0.5176642161502768
      0.5242828241211527
      0.5308525798129085
      0.5373698789137362
      0.5438310883505533
       0.550232550006115
      0.5565705846327718
      0.5628414959577895
      0.5690415749740503
      0.5751671044088911
      0.5812143633628531
      0.5871796321089832
      0.5930591970423983
      0.5988493557686645
      0.6045464223187458
      0.6101467324771945
      0.6156466492094262
      0.6210425681730608
      0.6263309232975607
      0.6315081924156859
      0.6365709029296384
      0.6415156374942594
      0.6463390396991657
       0.651037819731392
      0.6556087599997898
      0.6600487207023602
      0.6643546453175661
      0.6685235660007929
       0.672552608867258
      0.6764389991429406
      0.6801800661655154
      0.6837732482176859
      0.6872160971759547
      0.6905062829585007
      0.6936415977566164
      0.6966199600349453
      0.6994394182867949
      0.7020981545316415
      0.7045944875431249
      0.7069268757968327
      0.7090939201283977
      0.7110943660936124
      0.7129271060234144
      0.7145911807679407
      0.7160857811250271
       0.717410248949831
      0.7185640779434842
      0.7195469141199838
      0.7203585559517127
      0.7209989541952668
      0.7214682114003644
      0.7217665811058797
      0.7218944667281054
      0.7218524201474368
      0.7216411400007382
      0.7212614696876145
      0.7207143950997671
      0.7200010420835145
      0.7191226736463476
       0.718080686919185
      0.7168766098867195
      0.7155120978988339
      0.7139889299766978
      0.7123090049276507
      0.7104743372833924
      0.7084870530764182
        0.70634938546991
      0.7040636702565166
      0.7016323412416634
      0.6990579255270689
       0.696343038710161
      0.6934903800151118
      0.6905027273709651
      0.6873829324522278
      0.6841339156970419
      0.6807586613176493
      0.6772602123175799
      0.6736416655294856
      0.6699061666870656
          0.666056905544
      0.6620971110521874
      0.6580300466109531
      0.6538590053982595
      0.6495873057941527
      0.6452182869060873
      0.6407553042048666
      0.6362017252792815
      0.6315609257166831
      0.6268362851159828
      0.6220311832387379
      0.6171489963032498
       0.612193093425801
       0.607166833212386
      0.6020735605036195
      0.5969166032746872
       0.591699269691623
      0.5864248453244336
      0.5810965905170754
      0.5757177379135805
      0.5702914901391651
      0.5648210176345791
      0.5593094566415361
      0.5537599073365321
      0.5481754321100704
      0.5425590539878749
      0.5369137551904116
      0.5312424758266856
      0.5255481127181685
      0.5198335183483455
       0.514101499933361
      0.5083548186089848
      0.5025961887291193
      0.4968282772709293
      0.4910537033416653
      0.4852750377822157
      0.4794948028624916
      0.4737154720636707
      0.4679394699424921
       0.462169172072792
      0.4564069050595771
      0.4506549466210286
      0.4449155257339505
      0.4391908228382777
      0.4334829700964117
      0.4277940517032761
       0.422126104243115
      0.4164811170892448
      0.4108610328430655
      0.4052677478088458
       0.399703112500894
      0.3941689321799243
      0.3886669674155566
       0.383198934672041
      0.3777665069144567
      0.3723713142327575
        0.36701494448121
      0.3616989439308745
      0.3564248179329497
      0.3511940315908916
      0.3460080104393797
      0.3408681411283032
      0.3357757721100639
      0.3307322143286104
      0.3257387419087044
      0.3207965928440604
      0.3159069696830535
      0.3110710402108278
      0.3062899381266936
      0.3015647637158037
      0.2968965845141809
      0.2922864359662391
      0.2877353220740141
       0.283244216037398
      0.2788140608847375
      0.2744457700931849
      0.2701402281983153
      0.2658982913925147
       0.261720788111733
      0.2576085196102344
      0.2535622605230212
      0.2495827594156626
      0.2456707393212948
      0.2418268982645868
      0.2380519097725269
      0.2343464233718954
      0.2307110650733403
      0.2271464378419888
      0.2236531220545588
      0.2202316759429727
       0.216882636024477
      0.2136065175183174
      0.2104038147490228
      0.2072750015363814
      0.2042205315722013
      0.2012408387839731
       0.198336337685557
      0.1955074237150385
      0.1927544735599052
      0.1900778454697028
      0.1874778795563478
      0.1849548980822787
       0.182509205736628
      0.1801410898996119
      0.1778508208953383
      0.1756386522332271
       0.173504820838263
      0.1714495472702769
      0.1694730359324646
      0.1675754752693595
      0.1657570379544652
      0.1640178810677506
      0.1623581462632218
       0.160777959926773
      0.1592774333245082
      0.1578566627417409
      0.1565157296128684
       0.155254700642287
      0.1540736279165634
      0.1529725490080143
        0.15195148706988
      0.1510104509232549
      0.1501494351359379
      0.1493684200933524
      0.1486673720616902
      0.1480462432434135
       0.147504971825253
      0.1470434820188351
      0.1466616840940463
      0.1463594744052643
      0.1461367354105557
      0.1459933356839463
      0.1459291299208586
      0.1459439589368092
       0.146037649659452
      0.1462100151140444
        0.14646085440242
      0.1467899526755306
      0.1471970810996377
      0.1476819968162107
      0.1482444428955934
      0.1488841482845119
      0.1496008277474758
      0.1503941818021308
      0.1512638966486309
      0.1522096440930859
      0.1532310814651493
      0.1543278515298133
      0.1554995823934763
      0.1567458874043665
      0.1580663650473847
      0.1594605988334692
       0.160928157183555
      0.1624685933072484
      0.1640814450763061
      0.1657662348930457
      0.1675224695538162
      0.1693496401076645
      0.1712472217103535
      0.1732146734738861
      0.1752514383117294
      0.1773569427799168
      0.1795305969142431
      0.1817717940637708
      0.1840799107208923
      0.1864543063482036
      0.1888943232024605
      0.1913992861559062
      0.1939685025152931
      0.1966012618389113
      0.1992968357519799
      0.2020544777607628
      0.2048734230657993
      0.2077528883746444
      0.2106920717145449
      0.2136901522454919
      0.2167462900741028
      0.2198596260688132
      0.2230292816768712
      0.2262543587436351
      0.2295339393347076
       0.232867085561438
      0.2362528394103492
      0.2396902225770597
      0.2431782363052687
      0.2467158612313978
      0.2503020572354956
      0.2539357632990006
      0.2576158973699828
      0.2613413562364992
      0.2651110154086711
      0.2689237290101346
      0.2727783296794857
      0.2766736284823783
      0.2806084148349038
        0.28458145643891
      0.2885914992298973
      0.2926372673381431
      0.2967174630637097
       0.300830766865984
      0.3049758373684124
       0.309151311379072
      0.3133558039277705
      0.3175879083203107
      0.3218461962106356
      0.3261292176915083
      0.3304355014044498
      0.3347635546696517
      0.3391118636365785
       0.343478893456044
      0.3478630884745341
      0.3522628724515808
      0.3566766488010528
      0.3611028008572306
      0.3655396921666082
      0.3699856668063842
      0.3744390497306668
      0.3788981471454929
      0.3833612469137624
      0.3878266189913225
      0.3922925158954379
      0.3967571732069949
      0.4012188101078271
      0.4056756299546196
      0.4101258208909344
      0.4145675564989454
      0.4189989964925307
      0.4234182874534438
      0.4278235636123137
      0.4322129476762632
      0.4365845517049971
      0.4409364780371684
      0.4452668202688941
      0.4495736642862297
      0.4538550893534027
      0.4581091692585464
       0.462333973518564
      0.4665275686447105
      0.4706880194702579
      0.4748133905415551
      0.4789017475734889
       0.482951158970188
      0.4869596974115572
      0.4909254415058899
      0.4948464775085184
      0.4987209011060602
      0.5025468192654554
      0.5063223521465252
      0.5100456350763098
      0.5137148205830191
      0.5173280804867848
      0.5208836080439745
      0.5243796201411742
      0.5278143595344036
      0.5311860971285297
      0.5344931342912205
      0.5377338051951895
      0.5409064791818776
      0.5440095631391653
      0.5470415038850565
      0.5500007905488485
      0.5528859569407324
       0.555695583900259
      0.5584283016138161
      0.5610827918907546
       0.563657790387617
      0.5661520887696476
      0.5685645367985762
      0.5708940443356644
      0.5731395832489609
      0.5753001892138335
      0.5773749633960399
      0.5793630740068917
      0.5812637577204586
      0.5830763209432072
      0.5848001409271051
      0.5864346667178509
      0.5879794199306581
      0.5894339953468949
      0.5907980613258005
      0.5920713600264542
      0.5932537074363399
      0.5943449932038755
       0.595345180273532
      0.5962543043232881
      0.5970724730055393
      0.5977998649936668
      0.5984367288378618
      0.5989833816349992
      0.5994402075185673
      0.5998076559758559
      0.6000862400007936
      0.6002765340918653
      0.6003791721055597
      0.6003948449768016
      0.6003242983186106
      0.6001683299140121
      0.5999277871139037
      0.5996035641550586
      0.5991965994129531
      0.5987078726043477
        0.59813840195479
      0.5974892413461874
      0.5967614774596386
      0.5959562269284295
      0.5950746335158535
      0.5941178653320665
      0.5930871121036596
      0.5919835825090261
      0.5908085015917736
       0.589563108263766
      0.5882486529083339
      0.5868663950932902
      0.5854176014024001
      0.5839035433927814
       0.582325495684723
      0.5806847341891564
      0.5789825344769666
      0.5772201702931573
       0.575398912217667
      0.5735200264736506
      0.5715847738828339
      0.5695944089665268
      0.5675501791899217
      0.5654533243462969
      0.5633050760768569
      0.5611066575211607
      0.5588592830923046
      0.5565641583703463
      0.5542224801069158
       0.551835436333372
      0.5494042065645145
      0.5469299620894543
      0.5444138663410025
      0.5418570753347992
      0.5392607381692539
      0.5366259975773422
      0.5339539905213984
      0.5312458488221489
       0.528502699813366
      0.5257256670138429
      0.5229158708086228
      0.5200744291317903
       0.517202458143537
       0.514301072894588
      0.5113713879715914
      0.5084145181175366
      0.5054315788217298
      0.5024236868744344
      0.4993919608817962
      0.4963375217371659
      0.4932614930454986
      0.4901650014980352
      0.4870491771949615
      0.4839151539142985
      0.4807640693256802
      0.4775970651482296
      0.4744152872521384
      0.4712198857040056
      0.4680120147563712
      0.4647928327822463
      0.4615635021558323
      0.4583251890808555
      0.4550790633682927
      0.4518262981654882
      0.4485680696389028
      0.4453055566129018
      0.4420399401671971
       0.438772403195645
      0.4355041299292725
       0.432236305426439
      0.4289701150331272
      0.4257067438163848
      0.4224473759739718
      0.4191931942232189
      0.4159453791721398
      0.4127051086757526
      0.4094735571805073
      0.4062518950596915
      0.4030412879425344
      0.3998428960396951
      0.3966578734676701
      0.3934873675745725
       0.390332518269582
      0.3871944573582807
      0.3840743078859209
      0.3809731834905382
      0.3778921877677222
      0.3748324136486849
      0.3717949427931238
      0.3687808449982851
      0.3657911776254338
      0.3628269850448578
       0.359889298100371
      0.3569791335941534
      0.3540974937926718
      0.3512453659542566
      0.3484237218788326
      0.3456335174801988
      0.3428756923810861
      0.3401511695312151
      0.3374608548483825
      0.3348056368826104
      0.3321863865032308
       0.329603956608752
      0.3270591818592545
      0.3245528784310117
      0.3220858437929679
      0.3196588565046474
      0.3172726760350068
      0.3149280426017303
      0.3126256770304022
      0.3103662806329379
      0.3081505351046895
      0.3059791024395279
      0.3038526248622581
      0.3017717247776637
      0.2997370047354631
      0.2977490474104706
      0.2958084155972299
      0.2939156522183801
      0.2920712803460317
      0.2902758032354117
      0.2885297043700366
      0.2868334475177134
      0.2851874767966225
      0.2835922167507821
      0.2820480724342055
      0.2805554295030484
      0.2791146543150727
      0.2777260940357926
      0.2763900767506276
       0.275106911582454
      0.2738768888139481
      0.2727002800141192
      0.2715773381684655
      0.2705082978122035
      0.2694933751660287
       0.268532768273898
      0.2676266571423312
      0.2667752038807706
       0.265978552842519
      0.2652368307658407
       0.264550146914789
      0.2639185932193754
      0.2633422444146912
      0.2628211581786153
      0.2623553752677767
       0.261944919651425
      0.2615897986429163
      0.2612900030285134
      0.2610455071932165
      0.2608562692433705
      0.2607222311258008
      0.2606433187432407
      0.2606194420658362
      0.2606504952385257
      0.2607363566840937
      0.2608768892017291
       0.261071940060924
      0.2613213410905505
      0.2616249087629787
      0.2619824442730945
      0.2623937336121214
      0.2628585476361093
      0.2633766421290016
      0.2639477578602001
      0.2645716206365342
      0.2652479413485728
      0.2659764160112277
      0.2667567257985852
      0.2675885370729306
      0.2684715014079511
      0.2694052556060798
      0.2703894217099967
      0.2714236070082571
      0.2725074040351095
      0.2736403905644907
      0.2748221295982666
      0.2760521693487559
      0.2773300432156193
      0.2786552697571955
      0.2800273526563843
      0.2814457806811939
      0.2829100276400944
      0.2844195523323292
      0.2859737984933617
      0.2875721947356659
      0.2892141544850761
       0.290899075912935
      0.2926263418643394
      0.2943953197827653
      0.2962053616314083
      0.2980558038116191
      0.2999459670788019
      0.3018751564562408
      0.3038426611472884
      0.3058477544464556
      0.3078896936499149
      0.3099677199660381
      0.3120810584265648
      0.3142289177991059
      0.3164104905016791
      0.3186249525200597
      0.3208714633287528
      0.3231491658164644
      0.3254571862169753
      0.3277946340464008
       0.330160602047854
      0.3325541661445704
      0.3349743854026644
      0.3374203020046548
      0.3398909412350299
      0.3423853114791255
      0.3449024042366681
      0.3474411941513696
      0.3500006390580397
      0.3525796800486938
      0.3551772415591984
      0.3577922314780693
      0.3604235412790225
      0.3630700461789684
       0.365730605323156
      0.3684040619991937
      0.3710892438817182
      0.3737849633095094
      0.3764900175968344
      0.3792031893808436
      0.3819232470068417
      0.3846489449532127
      0.3873790242978368
      0.3901122132277342
      0.3928472275936905
      0.3955827715115586
      0.3983175380118718
      0.4010502097393404
      0.4037794597037316
      0.4065039520835034
      0.4092223430835233
      0.4119332818479817
      0.4146354114295626
      0.4173273698157228
      0.4200077910127533
       0.422675306188138
      0.4253285448714946
      0.4279661362141268
       0.430586710307033
       0.433188899556865
      0.4357713401191327
       0.438332673387545
      0.4408715475381623
      0.4433866191265853
      0.4458765547361504
      0.4483400326746331
      0.4507757447166375
       0.453182397888408
      0.4555587162914342
      0.4579034429607326
      0.4602153417533225
      0.4624931992619618
      0.4647358267487253
      0.4669420620927233
      0.4691107717456404
      0.4712408526885445
       0.473331234382906
      0.4753808807084283
      0.4773887918799714
      0.4793540063354452
      0.4812756025863287
      0.4831527010222099
      0.4849844656604715
      0.4867701058321428
      0.4885088777948046
      0.4902000862633474
      0.4918430858494587
      0.4934372824006602
      0.4949821342299591
      0.4964771532273128
      0.4979219058444021
      0.4993160139445388
      0.5006591555099545
      0.5019510651991932
      0.5031915347479474
      0.5043804132072554
      0.5055176070137236
      0.5066030798871713
      0.5076368525520154
      0.5086190022795175
      0.5095496622490486
      0.5104290207274598
      0.5112573200667461
      0.5120348555212209
       0.512761973886576
      0.5134390719642177
      0.5140665948554908
      0.5146450340914861
      0.5151749256051834
      0.5156568475538403
      0.5160914180005052
      0.5164792924646253
      0.5168211613525509
      0.5171177472797283
      0.5173698022971088
      0.5175781050350744
      0.5177434577788004
      0.5178666834894893
      0.5179486227864024
      0.5179901309049028
      0.5179920746459602
      0.5179553293326588
      0.5178807757892265
      0.5177692973580011
      0.5176217769694638
       0.517439094280126
      0.5172221228925687
      0.5169717276713586
      0.5166887621678669
      0.5163740661662438
      0.5160284633619137
      0.5156527591830747
      0.5152477387645256
      0.5148141650822298
      0.5143527772557908
      0.5138642890248576
      0.5133493874043256
      0.5128087315219195
      0.5122429516405993
      0.5116526483669323
       0.511038392045456
      0.5104007223378418
      0.5097401479844896
      0.5090571467452086
        0.50835216551448
      0.5076256206058907
      0.5068778981993737
      0.5061093549441394
      0.5053203187092828
      0.5045110894735101
      0.5036819403447937
      0.5028331187002236
        0.50196484743599
      0.5010773263170117
      0.5001707334156084
      0.4992452266283525
       0.498300945260222
      0.4973380116652177
      0.4963565329326531
      0.4953566026084832
      0.4943383024413452
      0.4933017041431701
      0.4922468711546726
      0.4911738604063721
       0.490082724066235
      0.4889735112655497
      0.4878462697951561
      0.4867010477646673
      0.4855378952178619
      0.4843568656981143
      0.4831580177581717
      0.4819414164092659
      0.4807071345050998
      0.4794552540568736
      0.4781858674760146
      0.4768990787418936
      0.4755950044923348
      0.4742737750352345
       0.472935535280107
       0.471580445588859
      0.4702086825455168
      0.4688204396450806
      0.4674159279020226
      0.4659953763793512
      0.4645590326394589
      0.4631071631182614
      0.4616400534244534
      0.4601580085658763
      0.4586613531052464
      0.4571504312476568
      0.4556256068624188
      0.4540872634419401
      0.4525358040004329
      0.4509716509153332
      0.4493952457143578
      0.4478070488111892
      0.4462075391927475
      0.4445972140610896
      0.4429765884328594
      0.4413461946993025
      0.4397065821497114
      0.4380583164611998
      0.4364019791575971
      0.4347381670401881
      0.4330674915930042
      0.4313905783651946
      0.4297080663330116
      0.4280206072438131
      0.4263288649443875
      0.4246335146958355
      0.4229352424771379
       0.421234744279439
      0.4195327253929839
      0.4178298996885637
      0.4161269888952024
      0.4144247218757665
      0.4127238339020412
      0.4110250659307707
       0.409329163882049
      0.4076368779213739
      0.4059489617465862
      0.4042661718808425
      0.4025892669727125
      0.4009190071043614
      0.3992561531087779
      0.3976014658968938
      0.3959557057953721
       0.394319631895811
      0.3926940014160136
      0.3910795690739235
       0.389477086474793
      0.3878873015120433
      0.3863109577822773
      0.3847487940148194
      0.3832015435161123
      0.3816699336292551
       0.380154685208932
       0.378656512111897
      0.3771761207031946
      0.3757142093781869
      0.3742714681004791
      0.3728485779557372
       0.371446210721402
      0.3700650284522423
      0.3687056830816394
      0.3673688160384875
      0.3660550578795586
      0.3647650279371213
      0.3634993339815951
      0.3622585718989907
      0.3610433253828401
       0.359854165640318
      0.3586916511122033
      0.3575563272063301
      0.3564487260441374
      0.3553693662199002
      0.3543187525722357
      0.3532973759674136
      0.3523057130940242
      0.3513442262685185
      0.3504133632511247
      0.3495135570716414
      0.3486452258645875
      0.3478087727131939
       0.347004585501705
      0.3462330367754418
      0.3454944836081216
      0.3447892674758641
      0.3441177141373708
      0.3434801335197551
      0.3428768196094698
      0.3423080503478349
      0.3417740875306781
      0.3412751767115506
      0.3408115471080824
      0.3403834115110017
      0.3399909661953622
      0.3396343908335948
      0.3393138484099528
      0.3390294851360005
       0.338781430366806
      0.3385697965175224
      0.3383946789800719
       0.338256156039724
      0.3381542887913156
      0.3380891210549828
      0.3380606792912708
      0.3380689725155304
      0.3381139922115635
      0.3381957122445396
      0.3383140887732209
      0.3384690601616123
      0.3386605468901697
      0.3388884514668075
      0.3391526583379126
      0.3394530337997139
      0.3397894259103438
      0.3401616644030122
      0.3405695606007618
      0.3410129073333115
      0.3414914788565678
      0.3420050307754213
      0.3425532999704965
      0.3431360045295703
       0.343752843684427
      0.3444034977539611
      0.3450876280943624
       0.345804877057298
      0.3465548679569878
      0.3473372050471469
      0.3481514735087864
      0.3489972394498551
      0.3498740499177867
      0.3507814329259785
       0.351718897495254
      0.3526859337113927
      0.3536820127997604
       0.354706587218129
      0.3557590907686932
      0.3568389387303403
