                       0
   4.996626666666605e-05
   0.0001997269431941632
   0.0004490676792344282
   0.0007977646046878372
    0.001245584370927477
    0.001792284192644606
    0.002437611890132022
     0.00318130593177307
    0.004023095476455519
    0.004962700415582845
    0.005999831414308023
    0.007134189951571742
     0.00836546835848123
    0.009693349854525484
     0.01111750858107767
     0.01263760963160261
     0.01425330907794023
      0.0159642539920068
     0.01777008246221805
     0.01967042360390184
     0.02166489756294296
      0.0237531155118706
     0.02593467963756541
      0.0282091831197493
     0.03057621009938674
     0.03303533563611061
      0.0355861256537674
     0.03822813687315049
     0.04096091673099284
     0.04378400328425942
      0.0466969250987803
     0.04969920112125965
     0.05279034053368424
     0.05596984258916087
      0.0592371964282027
      0.0625918808745049
     0.06603336420923381
     0.06956110392289215
     0.07317454644380295
     0.07687312684230554
     0.08065626850974894
     0.08452338281140387
     0.08847386871244428
     0.09250711237617407
     0.09662248673370331
      0.1008193510243403
      0.1050970503059787
      0.1094549149348301
      0.1138922600138944
      0.1184083848096151
      0.1230025721362349
      0.1276740877074384
      0.1324221794549122
      0.1372460768135966
      0.1421449899733783
      0.1471181090971988
      0.1521646035055361
      0.1572836208273647
       0.162474286117834
      0.1677357009429655
      0.1730669424318241
      0.1784670622967766
      0.1839350858225092
       0.189470010824717
      0.1950708065794357
      0.2007364127242413
      0.2064657381326208
      0.2122576597630678
      0.2181110214845945
      0.2240246328805486
      0.2299972680328453
      0.2360276642889061
      0.2421145210138234
      0.2482564983304744
      0.2544522158505678
      0.2607002513997754
      0.2669991397404005
      0.2733473712953015
      0.2797433908768589
      0.2861855964253018
      0.2926723377607062
      0.2992019153533612
      0.3057725791174744
      0.3123825272332649
      0.3190299050029929
        0.32571280374651
      0.3324292597422254
      0.3391772532196347
       0.345954707409702
      0.3527594876597077
      0.3595894006192209
       0.366442193504127
      0.3733155534457578
      0.3802071069323466
      0.3871144193500118
      0.3940349946307459
      0.4009662750147324
      0.4079056409344844
      0.4148504110281898
      0.4217978422896418
        0.42874513036199
      0.4356894099824347
      0.4426277555847953
      0.4495571820666714
       0.456474645727566
      0.4633770453841052
      0.4702612236679535
      0.4771239685117692
      0.4839620148279195
      0.4907720463841276
      0.4975506978796843
      0.5042945572251535
      0.5110001680277879
       0.517664032284135
      0.5242826132804949
      0.5308523387009724
      0.5373696039420968
      0.5438307756319005
      0.5502321953504401
      0.5565701835478138
      0.5628410436545318
      0.5690410663781611
      0.5751665341791634
       0.581213725917661
      0.5871789216619029
      0.5930584076480098
      0.5988484813799365
      0.6045454568570213
      0.6101456699160168
      0.6156454836733449
       0.621041294052556
      0.6263295353810797
      0.6315066860396511
       0.636569274147221
      0.6415138832634421
      0.6463371580904745
      0.6510358101553023
      0.6556066234536597
       0.660046460036238
      0.6643522655179949
      0.6685210744912504
      0.6725500158234357
      0.6764363178206613
      0.6801773132385102
       0.683770444122072
       0.687213266457696
      0.6905034546196865
      0.6936388055958397
      0.6966172429768329
      0.6994368206950193
       0.702095726499699
      0.7045922851566551
       0.706924961361194
      0.7090923623550174
      0.7110932402384993
      0.7129264939714923
      0.7145911710568639
      0.7160864689025002
       0.717411735858856
      0.7185664719305548
      0.7195503291617863
      0.7203631116968038
      0.7210047755179055
      0.7214754278649071
      0.7217753263410387
      0.7219048777115623
       0.721864636402594
      0.7216553027085844
       0.721277720717995
      0.7207328759676707
       0.720021892837165
      0.7191460316951861
      0.7181066858110167
      0.7169053780442308
      0.7155437573268221
      0.7140235949520672
      0.7123467806849548
      0.7105153187092348
      0.7085313234263608
      0.7063970151216868
      0.7041147155134161
      0.7016868431995852
      0.6991159090184494
      0.6964045113374092
      0.6935553312852588
      0.6905711279424559
      0.6874547335036449
      0.6842090484261846
      0.6808370365782549
      0.6773417203993115
      0.6737261760854226
       0.669993528811288
      0.6661469480002586
      0.6621896426530092
      0.6581248567450256
      0.6539558647022253
      0.6496859669636663
      0.6453184856393454
      0.6408567602707257
      0.6363041437007513
      0.6316639980596171
      0.6269396908717908
      0.6221345912892748
      0.6172520664553629
      0.6122954780025791
      0.6072681786879509
      0.6021735091679971
      0.5970147949155312
      0.5917953432795383
      0.5865184406891548
      0.5811873500019601
      0.5758053079966933
      0.5703755230096809
      0.5649011727141291
      0.5593854020407928
       0.553831321238433
      0.5482420040718614
      0.5426204861552174
       0.536969763417713
      0.5312927906990225
      0.5255924804708686
      0.5198717016816319
       0.514133278720161
      0.5083799904951465
      0.5026145696260003
      0.4968397017412836
      0.4910580248804805
      0.4852721289949707
      0.4794845555437777
      0.4736977971799656
       0.467914297523214
      0.4621364510142792
      0.4563666028470339
      0.4506070489738125
      0.4448600361797722
      0.4391277622221514
      0.4334123760302453
      0.4277159779621009
       0.422040620114004
      0.4163883066788396
      0.4107609943496611
      0.4051605927647556
      0.3995889649907451
      0.3940479280403065
      0.3885392534212063
      0.3830646677135448
      0.3776258531721395
      0.3722244483512139
      0.3668620487485593
       0.361540207466602
      0.3562604358878111
      0.3510242043621322
       0.345832942904151
       0.340688041897879
      0.3355908528071674
      0.3305426888898362
      0.3255448259138034
      0.3205985028735078
      0.3157049227051231
      0.3108652529990965
      0.3060806267087054
      0.3013521428533918
      0.2966808672157274
      0.2920678330309763
      0.2875140416682989
      0.2830204633027189
      0.2785880375770337
       0.274217674253043
      0.2699102538513304
      0.2656666282791183
      0.2614876214456423
      0.2573740298646148
       0.253326623243399
      0.2493461450585409
      0.2454333131173848
      0.2415888201055553
      0.2378133341201046
      0.2341074991881985
      0.2304719357712154
      0.2269072412542105
      0.2234139904207219
      0.2199927359128828
      0.2166440086769195
      0.2133683183940503
      0.2101661538968959
      0.2070379835714838
      0.2039842557450008
      0.2010053990594029
      0.1981018228310779
      0.1952739173967095
      0.1925220544455482
      0.1898465873382887
      0.1872478514127646
      0.1847261642766676
      0.1822818260875392
      0.1799151198202528
      0.1776263115222297
      0.1754156505566435
      0.1732833698338197
      0.1712296860311129
      0.1692547998014955
      0.1673588959711003
      0.1655421437259517
      0.1638046967881518
      0.1621466935817331
      0.1605682573884188
      0.1590694964935452
      0.1576505043223414
      0.1563113595667775
      0.1550521263032656
      0.1538728541013142
      0.1527735781234303
      0.1517543192164179
      0.1508150839942649
       0.149955864912806
      0.1491766403363294
       0.148477374596283
      0.1478580180422557
      0.1473185070853653
        0.14685876423419
      0.1464786981234045
      0.1461782035352081
      0.1459571614136911
      0.1458154388722319
      0.1457528891940418
      0.1457693518259461
      0.1458646523654957
      0.1460386025414966
      0.1462910001880283
      0.1466216292120436
      0.1470302595545924
      0.1475166471457633
      0.1480805338534106
      0.1487216474256923
      0.1494397014275158
      0.1502343951709418
       0.151105413639601
      0.1520524274071831
      0.1530750925500757
      0.1541730505541991
      0.1553459282161302
       0.156593337538553
      0.1579148756201723
      0.1593101245401082
      0.1607786512369451
      0.1623200073824538
      0.1639337292501826
      0.1656193375789854
      0.1673763374316558
      0.1692042180488055
      0.1711024526981489
      0.1730704985194109
      0.1751077963650016
      0.1772137706367254
      0.1793878291187356
      0.1816293628070019
      0.1839377457355725
      0.1863123347999072
      0.1887524695776437
      0.1912574721471325
      0.1938266469040912
      0.1964592803768123
       0.199154641040341
      0.2019119791300711
      0.2047305264552416
       0.207609496212858
      0.2105480828025721
      0.2135454616430847
      0.2166007889906885
      0.2197132017605599
      0.2228818173514613
      0.2261057334745691
      0.2293840279871074
      0.2327157587315622
      0.2360999633812425
      0.2395356592929711
      0.2430218433677606
      0.2465574919203239
      0.2501415605582675
      0.2537729840719037
      0.2574506763355854
      0.2611735302214815
      0.2649404175267847
      0.2687501889152838
      0.2726016738743218
      0.2764936806880823
      0.2804249964282254
       0.284394386962859
      0.2884005969848499
      0.2924423500604619
      0.2965183486992846
      0.3006272744464535
      0.3047677879980682
      0.3089385293407929
      0.3131381179164694
      0.3173651528126987
      0.3216182129801265
      0.3258958574773048
      0.3301966257438274
      0.3345190379024208
      0.3388615950906643
      0.3432227798228631
      0.3476010563825579
      0.3519948712461409
      0.3564026535378524
      0.3608228155164514
      0.3652537530936777
       0.369693846384588
      0.3741414602897212
      0.3785949451088787
      0.3830526371863578
      0.3875128595871485
       0.391973922803679
      0.3964341254924296
      0.4008917552396954
      0.4053450893556573
      0.4097923956957319
      0.4142319335081061
      0.4186619543062609
      0.4230807027650842
      0.4274864176391661
      0.4318773327017226
      0.4362516777024383
      0.4406076793425689
      0.4449435622654104
      0.4492575500602962
      0.4535478662781746
      0.4578127354567509
      0.4620503841532791
      0.4662590419828933
      0.4704369426606164
      0.4745823250449093
      0.4786934341810174
      0.4827685223422069
      0.4868058500671244
       0.490803687191678
      0.4947603138739375
      0.4986740216107038
      0.5025431142445822
      0.5063659089605672
      0.5101407372714301
      0.5138659459912285
      0.5175398981968021
      0.5211609741770454
      0.5247275723702503
      0.5282381102899055
      0.5316910254396684
      0.5350847762184711
      0.5384178428169855
      0.5416887281068568
      0.5448959585243203
      0.5480380849501999
      0.5511136835881307
      0.5541213568432261
      0.5570597342035725
      0.5599274731267122
      0.5627232599336466
      0.5654458107126241
      0.5680938722350254
      0.5706662228855728
      0.5731616736088769
      0.5755790688741151
      0.5779172876594603
      0.5801752444574718
      0.5823518903023679
       0.584446213819626
      0.5864572422980517
      0.5883840427837825
      0.5902257231953323
       0.591981433458166
      0.5936503666567418
      0.5952317602013062
      0.5967248970063538
      0.5981291066767664
       0.599443766697333
      0.6006683036205853
      0.6018021942475831
      0.6028449667953838
      0.6037962020449953
      0.6046555344626937
      0.6054226532875141
      0.6060973035773363
      0.6066792872058222
      0.6071684638021446
       0.607564751625523
      0.6078681283666436
      0.6080786318678237
      0.6081963607543189
      0.6082214749692243
      0.6081541962047493
       0.607994808223283
      0.6077436570619004
      0.6074011511147716
      0.6069677610884137
       0.606444019825694
      0.6058305219949495
      0.6051279236417166
      0.6043369416012599
      0.6034583527710583
        0.60249299324335
      0.6014417572986603
      0.6003055962624868
      0.5990855172277918
      0.5977825816472723
      0.5963979038001528
      0.5949326491389428
      0.5933880325226923
      0.5917653163437442
       0.590065808555994
      0.5882908606130127
      0.5864418653250174
      0.5845202546443855
      0.5825274973893815
      0.5804650969164116
        0.57833458875128
      0.5761375381898599
      0.5738755378788102
      0.5715502053869612
      0.5691631807776567
      0.5667161241923032
      0.5642107134550347
      0.5616486417079638
        0.55903161508618
      0.5563613504410173
      0.5536395731197055
      0.5508680148088383
      0.5480484114484238
      0.5451825012226356
      0.5422720226328048
      0.5393187126572538
      0.5363243050019777
       0.533290528445501
      0.5302191052803424
      0.5271117498529758
      0.5239701672033918
      0.5207960518046355
      0.5175910864022394
      0.5143569409526126
      0.5110952716590151
       0.507807720103257
      0.5044959124706223
      0.5011614588650978
      0.4978059527117286
      0.4944309702424072
      0.4910380700611413
      0.4876287927846742
      0.4842046607539145
      0.4807671778117686
      0.4773178291425785
      0.4738580811684295
       0.470389381497557
      0.4669131589200218
      0.4634308234459881
       0.459943766381809
      0.4564533604394801
      0.4529609598749745
      0.4494679006511901
      0.4459755006214033
        0.44248505972938
      0.4389978602223842
       0.435515166873719
      0.4320382272114783
      0.4285682717505772
      0.4251065142252911
      0.4216541518198212
      0.4182123653945853
      0.4147823197062984
      0.4113651636199714
      0.4079620303113282
      0.4045740374583461
      0.4012022874207257
      0.3978478674064732
      0.3945118496248265
      0.3911952914250251
       0.387899235420538
       0.384624709598621
      0.3813727274150477
      0.3781442878741735
      0.3749403755945374
      0.3717619608602714
      0.3686099996587323
      0.3654854337049094
      0.3623891904530802
      0.3593221830964367
      0.3562853105553067
      0.3532794574546869
      0.3503054940919077
       0.347364276395109
      0.3444566458734168
      0.3415834295595769
       0.338745439945798
      0.3359434749137321
      0.3331783176592103
      0.3304507366126643
      0.3277614853558323
      0.3251113025355815
      0.3225009117754762
      0.3199310215857872
      0.3174023252725562
      0.3149155008462969
      0.3124712109308949
      0.3100701026732579
      0.3077128076541298
      0.3053999418005329
      0.3031321053003084
      0.3009098825189604
      0.2987338419193067
      0.2966045359840779
      0.2945225011417805
      0.2924882576960345
       0.290502309758543
      0.2885651451858511
      0.2866772355200082
      0.2848390359332229
      0.2830509851765416
      0.2813135055326421
       0.279627002772652
      0.2779918661170709
      0.2764084682007197
      0.2748771650416314
      0.2733982960138666
      0.2719721838241542
      0.2705991344921895
      0.2692794373345837
      0.2680133649522572
      0.2668011732211804
      0.2656431012863256
      0.2645393715586816
      0.2634901897151767
      0.2624957447013782
      0.2615562087367981
      0.2606717373226943
      0.2598424692521676
      0.2590685266224465
       0.258350014849235
      0.2576870226829467
      0.2570796222267306
      0.2565278689561507
      0.2560318017404378
      0.2555914428651599
      0.2552067980562851
      0.2548778565055012
      0.2546045908967414
       0.254386957433871
      0.2542248958694874
      0.2541183295347724
      0.2540671653704212
      0.2540712939586251
      0.2541305895561008
      0.2542449101282338
      0.2544140973843427
      0.2546379768141268
      0.2549163577253684
      0.2552490332829844
       0.255635780549536
      0.2560763605272641
      0.2565705182018333
      0.2571179825879226
      0.2577184667767838
       0.258371667985994
      0.2590772676115451
      0.2598349312824833
      0.2606443089183191
      0.2615050347894277
      0.2624167275806563
       0.263378990458395
      0.2643914111413389
      0.2654535619752691
      0.2665650000119921
      0.2677252670928273
      0.2689338899368378
      0.2701903802341206
      0.2714942347444035
      0.2728449354012272
      0.2742419494219833
      0.2756847294240765
       0.277172713547469
      0.2787053255838407
      0.2802819751126399
      0.2819020576441954
      0.2835649547701432
      0.2852700343213874
      0.2870166505336886
      0.2888041442211201
      0.2906318429574987
       0.292499061265862
      0.2944051008161648
       0.296349250631148
      0.2983307873005124
      0.3003489752032892
       0.302403066738479
      0.3044923025637881
      0.3066159118424469
      0.3087731124978998
      0.3109631114762555
      0.3131851050162177
      0.3154382789263031
       0.317721808869017
      0.3200348606516883
      0.3223765905235758
      0.3247461454788323
      0.3271426635649693
       0.329565274196209
      0.3320130984713427
      0.3344852494954712
      0.3369808327050886
      0.3394989461958857
      0.3420386810526665
      0.3445991216806573
      0.3471793461375834
      0.3497784264658124
      0.3523954290237539
      0.3550294148158945
      0.3576794398206154
      0.3603445553150719
      0.3630238081963711
       0.365716241298274
      0.3684208937026023
      0.3711368010446417
      0.3738629958117569
      0.3765985076344266
      0.3793423635690658
      0.3820935883717772
      0.3848512047624543
      0.3876142336785224
       0.390381694517679
      0.3931526053690454
      0.3959259832321906
      0.3987008442234578
      0.4014762037692611
      0.4042510767857736
      0.4070244778448606
      0.4097954213258643
       0.412562921553087
      0.4153259929189188
      0.4180836499925319
      0.4208349076142516
       0.423578780975842
       0.426314285686918
      0.4290404378280439
      0.4317562539909333
      0.4344607513066283
      0.4371529474623234
      0.4398318607080345
      0.4424965098540706
      0.4451459142608586
      0.4477790938224959
      0.4503950689458327
        0.45299286052687
      0.4555714899266824
      0.4581299789490322
      0.4606673498221627
      0.4631826251875827
      0.4656748280983851
      0.4681429820304439
      0.4705861109094855
      0.4730032391574476
      0.4753933917616937
        0.47775559437055
      0.4800888734190757
      0.4823922562887772
      0.4846647715050765
      0.4869054489765432
      0.4891133202796526
      0.4912874189928979
      0.4934267810840175
      0.4955304453537878
      0.4975974539399168
      0.4996268528841398
      0.5016176927653667
      0.5035690294014432
      0.5054799246217047
      0.5073494471120479
      0.5091766733338358
      0.5109606885172637
      0.5127005877294217
      0.5143954770165736
      0.5160444746196274
       0.517646712260918
      0.5192013364999085
      0.5207075101545395
      0.5221644137843576
      0.5235712472306687
      0.5249272312083541
      0.5262316089430682
        0.52748364784713
      0.5286826412264194
      0.5298279100100746
      0.5309188044943244
      0.5319547060909785
      0.5329350290708817
      0.5338592222919645
       0.534726770901515
      0.5355371980017596
      0.5362900662678751
      0.5369849795074143
      0.5376215841501731
      0.5381995706578077
      0.5387186748425512
      0.5391786790849036
      0.5395794134405357
      0.5399207566272466
      0.5402026368835184
      0.5404250326908254
      0.5405879733527921
      0.5406915394251718
      0.5407358629915924
      0.5407211277810132
      0.5406475691239602
      0.5405154737457067
       0.540325179395721
      0.5400770743137111
      0.5397715965340948
      0.5394092330314447
       0.538990518710825
      0.5385160352480326
      0.5379864097855895
      0.5374023134915934
      0.5367644599891441
      0.5360736036651782
      0.5353305378680622
      0.5345360930040933
      0.5336911345436804
       0.532796560948202
      0.5318533015292067
      0.5308623142516439
      0.5298245834931994
      0.5287411177715133
       0.527612947451501
      0.5264411224444553
      0.5252267099104868
       0.523970791975675
      0.5226744634746597
      0.5213388297292137
      0.5199650043724143
      0.5185541072278106
      0.5171072622521005
      0.5156255955491265
      0.5141102334623171
      0.5125623007520227
        0.51098291886317
       0.509373204288148
      0.5077342670288113
        0.50606720916082
       0.504373123502773
       0.502653092391784
      0.5009081865663456
      0.4991394641567459
      0.4973479697827367
      0.4955347337570882
      0.4937007713935816
      0.4918470824171754
      0.4899746504736336
      0.4880844427354056
      0.4861774096002685
      0.4842544844788238
      0.4823165836665721
      0.4803646062961258
      0.4783994343649189
      0.4764219328335099
      0.4744329497895686
      0.4724333166724407
      0.4704238485532906
      0.4684053444656618
      0.4663785877814088
      0.4643443466270853
      0.4623033743357359
      0.4602564099294003
      0.4582041786276428
      0.4561473923775631
      0.4540867504009948
      0.4520229397547079
      0.4499566358996561
      0.4478885032755311
      0.4458191958770739
      0.4437493578287885
       0.441679623955023
      0.4396106203424137
       0.437542964892183
      0.4354772678596637
      0.4334141323789654
      0.4313541549706602
      0.4292979260306967
      0.4272460302989688
      0.4251990473059762
      0.4231575517964876
      0.4211221141290344
      0.4190933006503501
      0.4170716740440369
      0.4150577936528538
      0.4130522157741792
      0.4110554939283292
      0.4090681790995764
      0.4070908199497555
      0.4051239630045458
      0.4031681528125321
        0.40122393207733
      0.3992918417630744
      0.3973724211736868
      0.3954662080064067
       0.393573738380137
      0.3916955468392427
      0.3898321663333955
      0.3879841281742983
      0.3861519619699618
      0.3843361955373598
      0.3825373547943476
      0.3807559636316487
      0.3789925437658718
      0.3772476145744498
      0.3755216929134198
      0.3738152929190748
      0.3721289257943985
      0.3704630995812665
      0.3688183189194542
      0.3671950847933998
      0.3655938942677193
      0.3640152402125183
      0.3624596110194118
      0.3609274903093361
      0.3594193566330329
      0.3579356831652737
      0.3564769373937209
      0.3550435808033777
      0.3536360685576148
      0.3522548491766506
      0.3509003642143773
        0.34957304793445
      0.3482733269864999
      0.3470016200832927
      0.3457583376796975
      0.3445438816542182
      0.3433586449939288
      0.3422030114835082
      0.3410773553991419
      0.3399820412079997
      0.3389174232739521
      0.3378838455701888
      0.3368816413993834
      0.3359111331219836
      0.3349726318932217
      0.3340664374093952
      0.3331928376639478
      0.3323521087138012
      0.3315445144564623
      0.3307703064183459
      0.3300297235546594
       0.329322992061338
      0.3286503251993123
      0.3280119231314426
      0.3274079727724878
      0.3268386476523423
      0.3263041077927461
      0.3258044995978059
      0.3253399557584133
      0.3249105951707638
       0.324516522869169
      0.3241578299731572
       0.323834593649059
      0.3235468770860709
      0.3232947294868316
      0.3230781860724962
      0.3228972681023271
      0.3227519829076311
      0.3226423239400757
      0.3225682708341603
      0.3225297894837136
      0.3225268321322374
      0.3225593374768796
      0.3226272307857454
      0.3227304240282815
      0.3228688160184022
      0.3230422925700289
      0.3232507266645559
      0.3234939786299398
      0.3237718963308521
      0.3240843153694252
      0.3244310592960653
      0.3248119398297306
      0.3252267570871096
      0.3256752998200093
      0.3261573456603026
      0.3266726613717286
      0.3272210031077843
      0.3278021166749408
      0.3284157378003851
      0.3290615924034601
      0.3297393968699021
      0.3304488583280776
       0.331189674926229
      0.3319615361098594
       0.332764122898337
      0.3335971081597241
      0.3344601568829109
      0.3353529264461228
      0.3362750668807984
      0.3372262211299472
       0.338206025299996
      0.3392141089052954
      0.3402500951043045
