                       0
   4.996626666666525e-05
   0.0001997269431941651
   0.0004490676792344307
   0.0007977646046878468
    0.001245584370927498
    0.001792284192644622
    0.002437611890132026
    0.003181305931773068
    0.004023095476455588
    0.004962700415582963
    0.005999831414308179
    0.007134189951571876
      0.0083654683584814
    0.009693349854525447
     0.01111750858107757
     0.01263760963160242
     0.01425330907793992
     0.01596425399200656
     0.01777008246221752
     0.01967042360390049
     0.02166489756294048
     0.02375311551186562
     0.02593467963755585
     0.02820918311973154
     0.03057621009935468
     0.03303533563605475
     0.03558612565367148
        0.03822813687299
     0.04096091673072967
     0.04378400328383468
     0.04669692509810571
      0.0496992011202044
     0.05279034053205735
     0.05596984258668523
     0.05923719642448269
     0.06259188086897911
     0.06603336420111647
     0.06956110391109047
     0.07317454642681399
     0.07687312681807838
      0.0806562684755065
     0.08452338276341639
     0.08847386864573883
     0.09250711228416418
     0.09662248660772732
      0.1008193508530785
       0.105097050074729
      0.1094549146246101
      0.1138922596003323
      0.1184083842615898
      0.1230025714142162
      0.1276740867614634
      0.1324221782221459
      0.1372460752153732
      0.1421449879116699
      0.1471181064503791
      0.1521646001233329
      0.1572836165248785
      0.1624742806684548
      0.1677356940700286
       0.173066933798821
      0.1784670514958847
      0.1839350723612222
      0.1894699941102888
       0.195070785900861
      0.2007363872314228
      0.2064657068123779
      0.2122576214115746
      0.2181109746758105
      0.2240245759301741
      0.2299971989572727
      0.2360275807586095
      0.2421144203005748
      0.2482563772477398
      0.2544520706863698
       0.260700077841297
      0.2669989327895401
      0.2733471251742992
      0.2797430989231911
      0.2861852509748634
      0.2926719300183578
      0.2992014352498651
      0.3057720151517669
      0.3123818662991112
      0.3190291321989352
      0.3257119021680908
       0.332428210255483
      0.3391760342148659
      0.3459532945345769
       0.352757853530814
      0.3595875145112631
      0.3664400210160807
      0.3733130561434133
      0.3802042419667928
       0.387111139051873
      0.3940312460800957
      0.4009619995869345
      0.4079007738224355
      0.4148448807417708
      0.4217915701335099
      0.4287380298932469
      0.4356813864501189
      0.4426187053535991
      0.4495469920277539
      0.4564631926998967
      0.4633641955102779
      0.4702468318090799
      0.4771078776465865
      0.4839440554619093
      0.4907520359751244
      0.4975284402870797
       0.504269842190471
      0.5109727706950745
      0.5176337127692413
      0.5242491162989218
      0.5308153932645958
      0.5373289231355389
      0.5437860564798406
      0.5501831187875565
      0.5565164145032847
      0.5627822312633097
      0.5689768443313162
      0.5750965212254845
      0.5811375265285623
      0.5870961268713202
      0.5929685960785547
       0.598751220465634
      0.6044403042723618
      0.6100321752198004
      0.6155231901745698
      0.6209097409040775
      0.6261882599051179
      0.6313552262873563
      0.6364071716923577
      0.6413406862280633
      0.6461524243979613
       0.650839111003653
      0.6553975469991047
      0.6598246152745655
      0.6641172863479921
      0.6682726239417917
      0.6722877904228338
      0.6761600520839556
       0.679886784245611
      0.6834654761569102
      0.6868937356760036
      0.6901692937106542
      0.6932900084008532
      0.6962538690264931
      0.6990589996243706
      0.7017036623002155
      0.7041862602229196
      0.7065053402897575
      0.7086595954530533
      0.7106478667004976
      0.7124691446831274
      0.7141225709867944
      0.7156074390448196
      0.7169231946913699
      0.7180694363569526
      0.7190459149092185
       0.719852533144044
      0.7204893449335571
      0.7209565540394189
      0.7212545126011922
      0.7213837193110847
        0.72134481728768
      0.7211385916624706
      0.7207659668940969
      0.7202280038261272
      0.7195258965050241
      0.7186609687756058
      0.7176346706718244
      0.7164485746210573
      0.7151043714803499
      0.7136038664231394
       0.711948974694952
      0.7101417172564207
      0.7081842163316776
      0.7060786908797994
      0.7038274520064977
      0.7014328983326633
      0.6988975113357269
      0.6962238506790792
       0.693414549543991
      0.6904723099776778
      0.6873998982702685
      0.6842001403725464
      0.6808759173654497
      0.6774301609913845
      0.6738658492565051
      0.6701860021122257
      0.6663936772233362
      0.6624919658292524
      0.6584839887041027
      0.6543728922205584
      0.6501618445215854
      0.6458540318035545
      0.6414526547135198
       0.636960924862831
      0.6323820614586895
      0.6277192880547238
      0.6229758294211951
       0.618154908534999
      0.6132597436892494
      0.6082935457218877
      0.6032595153624405
      0.5981608406958054
      0.5930006947416862
      0.5877822331481243
      0.5825085919973804
      0.5771828857222946
      0.5718082051311302
      0.5663876155388057
      0.5609241550023392
      0.5554208326582857
      0.5498806271598761
      0.5443064852115492
      0.5387013201985349
      0.5330680109091376
      0.5274094003473419
      0.5217282946333828
      0.5160274619898977
      0.5103096318112971
       0.504577493813983
      0.4988336972650564
      0.4930808502871636
      0.4873215192371337
      0.4815582281560631
      0.4757934582885273
      0.4700296476685856
      0.4642691907702686
      0.4585144382202387
      0.4527676965703226
      0.4470312281276226
      0.4413072508399244
      0.4355979382341252
      0.4299054194054186
      0.4242317790549855
      0.4185790575739488
      0.4129492511713702
      0.4073443120440782
      0.4017661485861436
      0.3962166256358277
      0.3906975647578644
      0.3852107445589538
      0.3797579010343762
      0.3743407279436693
      0.3689608772133393
      0.3636199593646161
      0.3583195439642994
      0.3530611600967855
      0.3478462968554042
      0.3426764038512465
      0.3375528917377035
      0.3324771327489929
      0.3274504612510002
      0.3224741743028088
      0.3175495322273574
      0.3126777591897094
      0.3078600437814819
      0.3030975396100388
      0.2983913658911076
      0.2937426080435436
      0.2891523182850201
      0.2846215162274862
      0.2801511894712866
      0.2757422941969117
      0.2713957557533831
      0.2671124692423586
      0.2628933000970849
      0.2587390846553894
      0.2546506307259547
      0.2506287181471756
      0.2466740993379491
      0.2427874998398054
      0.2389696188498288
      0.2352211297438778
      0.2315426805896487
      0.2279348946491829
      0.2243983708704557
      0.2209336843677277
      0.2175413868903817
      0.2142220072800038
      0.2109760519155066
      0.2078040051461229
       0.204706329712137
      0.2016834671532444
      0.1987358382044656
      0.1958638431795642
      0.1930678623419431
      0.1903482562630202
      0.1877053661681032
      0.1851395142698032
      0.1826510040890478
       0.180240120763768
       0.177907131345349
      0.1756522850829504
      0.1734758136958086
      0.1713779316336502
      0.1693588363253509
      0.1674187084159818
      0.1655577119923942
      0.1637759947974963
       0.162073688433382
      0.1604509085534716
      0.1589077550438315
      0.1574443121938362
      0.1560606488563361
      0.1547568185975018
      0.1535328598365018
      0.1523887959751795
      0.1513246355178872
      0.1503403721816342
      0.1494359849966992
      0.1486114383978585
      0.1478666823063723
      0.1472016522028702
      0.1466162691912714
      0.1461104400538681
      0.1456840572977011
       0.145336999192346
      0.1450691297992275
      0.1448802989925731
      0.1447703424721149
      0.1447390817676414
      0.1447863242355007
      0.1449118630471519
      0.1451154771698583
      0.1453969313396153
      0.1457559760264026
      0.1461923473918521
      0.1467057672394211
      0.1472959429571608
      0.1479625674531731
      0.1487053190838521
      0.1495238615750072
      0.1504178439359733
      0.1513869003668157
      0.1524306501587488
      0.1535486975878907
      0.1547406318024891
      0.1560060267037649
      0.1573444408205279
      0.1587554171777392
      0.1602384831592023
       0.161793150364588
      0.1634189144610138
      0.1651152550294155
      0.1668816354059734
      0.1687175025188767
      0.1706222867207345
      0.1725954016169648
      0.1746362438905238
      0.1767441931233648
      0.1789186116150469
      0.1811588441989438
      0.1834642180565376
      0.1858340425303184
       0.188267608935844
        0.19076419037355
      0.1933230415409448
      0.1959433985458553
      0.1986244787214364
      0.2013654804436922
      0.2041655829523043
      0.2070239461755999
       0.209939710560538
      0.2129119969086325
      0.2159399062187751
      0.2190225195379603
      0.2221588978209606
       0.225348081800036
      0.2285890918658056
      0.2318809279604429
       0.235222569484396
      0.2386129752178668
      0.2420510832583169
      0.2455358109752907
       0.249066054983881
      0.2526406911381781
      0.2562585745460593
      0.2599185396066983
      0.2636194000721716
      0.2673599491345521
      0.2711389595398672
      0.2749551837302991
      0.2788073540159811
      0.2826941827777266
      0.2866143627019936
      0.2905665670493484
      0.2945494499576446
      0.2985616467810774
      0.3026017744662104
      0.3066684319659869
      0.3107602006926658
      0.3148756450105105
      0.3190133127689693
      0.3231717358769536
      0.3273494309187002
      0.3315448998115688
      0.3357566305059632
      0.3399830977274179
       0.344222763760716
      0.3484740792757196
      0.3527354841944121
      0.3570054085984435
      0.3612822736762683
      0.3655644927087476
      0.3698504720918596
      0.3741386123949447
      0.3784273094526663
      0.3827149554886402
      0.3869999402684405
      0.3912806522794547
      0.3955554799348202
      0.3998228127984377
      0.4040810428278265
      0.4083285656313621
      0.4125637817362207
      0.4167850978631479
      0.4209909282039815
      0.4251796956976696
      0.4293498333003821
      0.4334997852451559
      0.4376280082864098
      0.4417329729245594
      0.4458131646059023
      0.4498670848929047
      0.4538932525999985
      0.4578902048900428
       0.461856498326635
      0.4657907098775674
      0.4696914378648496
      0.4735573028568706
      0.4773869484984946
      0.4811790422751118
      0.4849322762069572
      0.4886453674703165
      0.4923170589426032
       0.495946119668682
      0.4995313452462226
      0.5030715581283552
      0.5065656078423609
      0.5100123711236624
       0.513410751964917
      0.5167596815805707
      0.5200581182878183
      0.5233050473055001
      0.5264994804730716
      0.5296404558923717
      0.5327270374955374
      0.5357583145429835
      0.5387334010559574
      0.5416514351887515
      0.5445115785461702
      0.5473130154523864
      0.5500549521777746
      0.5527366161307488
      0.5553572550220379
       0.557916136009143
        0.56041254482903
      0.5628457849273245
      0.5652151765924466
      0.5675200561032143
       0.569759774898482
       0.571933698777343
      0.5740412071383081
      0.5760816922656962
      0.5780545586712257
      0.5799592224984595
       0.581795110997377
      0.5835616620758898
       0.585258323934583
      0.5868845547903999
      0.5884398226943393
      0.5899236054475607
      0.5913353906195443
      0.5926746756712035
      0.5939409681850355
      0.5951337862035647
      0.5962526586765001
      0.5972971260161699
      0.5982667407599311
      0.5991610683374101
      0.5999796879395854
      0.6007221934859016
      0.6013881946848104
      0.6019773181823819
      0.6024892087929007
       0.602923530804704
      0.6032799693538866
      0.6035582318579498
      0.6037580495009617
      0.6038791787613829
      0.6039214029733296
      0.6038845339117757
      0.6037684133919671
      0.6035729148731919
      0.6032979450569773
      0.6029434454697982
      0.6025093940204731
      0.6019958065225602
      0.6014027381723136
      0.6007302849730398
      0.5999785850970429
      0.5991478201767786
      0.5982382165172796
      0.5972500462224547
      0.5961836282284025
      0.5950393292374843
      0.5938175645475428
       0.592518798771285
       0.591143546441543
      0.5896923724988133
      0.5881658926581649
      0.5865647736533217
      0.5848897333564216
      0.5831415407726416
      0.5813210159095641
      0.5794290295218248
      0.5774665027322103
      0.5754344065310071
      0.5733337611559729
      0.5711656353558638
      0.5689311455409725
      0.5666314548245954
      0.5642677719598092
       0.561841350176326
      0.5593534859225578
      0.5568055175183264
      0.5541988237239478
      0.5515348222316286
      0.5488149680853128
      0.5460407520352555
      0.5432136988337057
      0.5403353654781498
      0.5374073394085871
      0.5344312366653027
      0.5314087000135641
       0.528341397041586
      0.5252310182379982
      0.5220792750549297
       0.518887897962653
      0.5156586345015521
      0.5123932473369763
      0.5090935123223135
      0.5057612165753904
      0.5023981565730464
      0.4990061362684649
      0.4955869652355783
      0.4921424568445801
      0.4886744264722975
      0.4851846897508795
      0.4816750608579824
      0.4781473508513329
      0.4746033660502689
      0.4710449064665704
      0.4674737642866206
      0.4638917224066573
      0.4603005530226175
        0.45670201627581
      0.4530978589554114
      0.4494898132585367
      0.4458795956084083
      0.4422689055309252
      0.4386594245897336
      0.4350528153796973
      0.4314507205784823
      0.4278547620558073
      0.4242665400397312
      0.4206876323392233
      0.4171195936221026
      0.4135639547473227
       0.410022222150455
      0.4064958772811247
      0.4029863760910573
      0.3994951485713131
      0.3960235983372203
      0.3925731022594453
      0.3891450101395922
      0.3857406444286857
      0.3823612999868393
      0.3790082438824054
      0.3756827152288662
      0.3723859250577232
      0.3691190562256357
      0.3658832633540541
      0.3626796727996107
      0.3595093826535355
      0.3563734627683811
      0.3532729548103726
      0.3502088723357115
      0.3471822008892054
      0.3441938981236164
      0.3412448939381701
      0.3383360906346968
      0.3354683630899248
      0.3326425589424857
      0.3298594987932384
      0.3271199764175667
      0.3244247589883559
      0.3217745873083971
       0.319170176051024
      0.3166122140078394
      0.3141013643424316
      0.3116382648490437
      0.3092235282152005
       0.306857742287356
      0.3045414703386737
      0.3022752513381027
      0.3000596002199613
      0.2978950081532967
      0.2957819428103277
      0.2937208486333362
      0.2917121470994173
      0.2897562369825394
      0.2878534946124218
      0.2860042741297742
      0.2842089077374887
      0.2824677059474208
      0.2807809578224337
      0.2791489312134215
      0.2775718729910702
      0.2760500092721509
      0.2745835456401775
      0.2731726673602982
      0.2718175395883276
      0.2705183075738551
       0.269275096857407
      0.2680880134616626
       0.266957144076764
      0.2658825562397854
      0.2648642985084562
      0.2639024006292681
      0.2629968737001109
       0.262147710327621
      0.2613548847794471
      0.2606183531316589
      0.2599380534115554
      0.2593139057361508
      0.2587458124466314
      0.2582336582391112
       0.257777310292022
      0.2573766183905047
      0.2570314150481763
      0.2567415156266792
      0.2565067184534238
      0.2563268049379622
      0.2562015396874412
      0.2561306706216022
      0.2561139290878057
      0.2561510299765762
      0.2562416718381739
      0.2563855370007151
      0.2565822916903648
      0.2568315861541481
      0.2571330547859302
      0.2574863162561177
      0.2578909736456519
      0.2583466145848635
      0.2588528113977629
      0.2594091212523483
      0.2600150863175142
      0.2606702339271391
      0.2613740767519395
      0.2621261129796653
      0.2629258265042198
      0.2637726871242657
      0.2646661507518898
      0.2656056596318718
      0.2665906425721082
      0.2676205151857132
      0.2686946801453139
      0.2698125274500338
      0.2709734347056405
       0.272176767418307
      0.2734218793024163
      0.2747081126028036
      0.2760347984318037
      0.2774012571214352
      0.2788067985910199
      0.2802507227304856
      0.2817323197995697
      0.2832508708430851
      0.2848056481223633
      0.2863959155629378
      0.2880209292184706
      0.2896799377508695
      0.2913721829264751
      0.2930969001281371
      0.2948533188829203
      0.2966406634051197
      0.2984581531541752
      0.3003050034070084
      0.3021804258442151
      0.3040836291494672
      0.3060138196213845
      0.3079702017970559
      0.3099519790862902
       0.311958354415588
      0.3139885308807333
      0.3160417124067967
      0.3181171044142634
      0.3202139144898837
       0.322331353060761
      0.3244686340700871
      0.3266249756528434
      0.3287996008096901
      0.3309917380771765
      0.3332006221923168
       0.335425494749482
      0.3376656048474898
      0.3399202097246858
      0.3421885753797414
      0.3444699771758298
      0.3467637004257783
      0.3490690409557428
      0.3513853056449132
      0.3537118129387128
      0.3560478933329371
      0.3583928898262624
       0.360746158338542
      0.3631070680923272
      0.3654750019550623
      0.3678493567394374
      0.3702295434594335
      0.3726149875396497
      0.3750051289755844
        0.37739942244263
      0.3797973373516471
      0.3821983578491137
       0.384601982759977
      0.3870077254714938
      0.3894151137565252
      0.3918236895349325
      0.3942330085719282
      0.3966426401124701
       0.399052166451007
       0.401461182436159
      0.4038692949101674
      0.4062761220832501
      0.4086812928432819
      0.4110844460015394
      0.4134852294755678
      0.4158832994105585
      0.4182783192409745
      0.4206699586945012
      0.4230578927407541
      0.4254418004875419
       0.427821364027834
      0.4301962672409431
      0.4325661945517993
      0.4349308296525234
      0.4372898541908805
      0.4396429464305047
      0.4419897798881262
      0.4443300219533323
      0.4466633324966841
      0.4489893624722885
      0.4513077525211673
      0.4536181315819838
      0.4559201155158948
      0.4582133057524483
      0.4604972879635827
      0.4627716307728846
      0.4650358845073049
       0.467289579998582
      0.4695322274415703
        0.47176331531663
        0.47398230938312
      0.4761886517508872
      0.4783817600364534
       0.480561026610363
      0.4827258179418613
       0.484875474046756
      0.4870093080439351
      0.4891266058256106
      0.4912266258458842
      0.4933085990317554
      0.4953717288201529
      0.4974151913240115
      0.4994381356298182
       0.501439684228434
      0.5034189335803434
      0.5053749548158393
      0.5073067945699503
      0.5092134759512359
      0.5110939996428827
       0.512947345133831
      0.5147724720769733
      0.5165683217707679
      0.5183338187599627
      0.5200678725504441
      0.5217693794326214
      0.5234372244071334
      0.5250702832061105
      0.5266674244026899
      0.5282275116009857
      0.5297494056982731
      0.5312319672107459
      0.5326740586538615
      0.5340745469679894
      0.5354323059798428
      0.5367462188899893
      0.5380151807766154
      0.5392381011056517
      0.5404139062373611
      0.5415415419195436
      0.5426199757576246
      0.5436481996520568
      0.5446252321936784
      0.5455501210079684
      0.5464219450394296
      0.5472398167677208
      0.5480028843475646
      0.5487103336649088
      0.5493613903023074
      0.5499553214069987
      0.5504914374557197
      0.5509690939108413
      0.5513876927630084
      0.5517466839560783
      0.5520455666907298
      0.5522838906037564
      0.5524612568206601
      0.5525773188797708
      0.5526317835267123
      0.5526244113786456
      0.5525550174582726
      0.5524234715981471
      0.5522296987163838
      0.5519736789653473
      0.5516554477554086
      0.5512750956562874
      0.5508327681789408
      0.5503286654413471
      0.5497630417218805
      0.5491362049043136
        0.54844851581877
      0.5477003874831944
      0.5468922842501523
      0.5460247208639345
      0.5450982614331116
      0.5441135183238079
      0.5430711509790415
      0.5419718646695442
      0.5408164091815105
      0.5396055774467278
      0.5383402041205017
      0.5370211641127708
      0.5356493710777165
      0.5342257758670902
      0.5327513649523725
      0.5312271588207531
       0.529654210349782
      0.5280336031653838
      0.5263664499877641
      0.5246538909695682
      0.5228970920304503
      0.5210972431920468
      0.5192555569171271
      0.5173732664565103
      0.5154516242071345
      0.5134919000844458
      0.5114953799120998
      0.5094633638317341
      0.5073971647353888
      0.5052981067229541
      0.5031675235868176
      0.5010067573257044
       0.498817156689514
      0.4966000757567732
       0.494356872546159
      0.4920889076633665
      0.4897975429844389
      0.4874841403765266
      0.4851500604568782
      0.4827966613907449
      0.4804252977287227
      0.4780373192839477
      0.4756340700494228
      0.4732168871556525
      0.4707870998686493
      0.4683460286282682
      0.4658949841267476
      0.4634352664272325
      0.4609681641219794
      0.4584949535298727
       0.456016897932804
      0.4535352468504083
      0.4510512353525927
      0.4485660834092389
      0.4460809952764133
      0.4435971589183803
      0.4411157454646685
      0.4386379087014173
      0.4361647845961914
      0.4336974908554339
      0.4312371265137031
      0.4287847715538255
      0.4263414865570782
      0.4239083123825054
      0.4214862698744728
      0.4190763595975484
      0.4166795615978025
       0.414296835189625
      0.4119291187671522
      0.4095773296394061
      0.4072423638882623
      0.4049250962483582
      0.4026263800080832
       0.400347046930789
      0.3980879071953863
      0.3958497493555006
      0.3936333403163877
      0.3914394253288169
      0.3892687279991618
      0.3871219503149496
      0.3849997726851486
      0.3829028539944928
       0.380831831671169
      0.3787873217672109
      0.3767699190509725
      0.3747801971110797
      0.3728187084712817
      0.3708859847156441
      0.3689825366235639
      0.3671088543140993
      0.3652654073991395
      0.3634526451449641
      0.3616709966417667
       0.359920870980741
      0.3582026574383544
      0.3565167256674576
      0.3548634258949043
       0.353243089125374
      0.3516560273511209
      0.3501025337673874
      0.3485828829932474
      0.3470973312976636
       0.345646116830564
      0.3442294598587609
      0.3428475630065574
      0.3415006115009001
      0.3401887734209605
      0.3389121999520346
      0.3376710256436738
      0.3364653686719705
      0.3352953311059299
      0.3341609991778865
      0.3330624435579171
      0.3319997196322204
      0.3309728677854475
      0.3299819136869635
      0.3290268685810331
      0.3281077295809325
      0.3272244799669822
      0.3263770894885113
      0.3255655146697567
       0.324789699119702
      0.3240495738458658
      0.3233450575720415
      0.3226760570599845
      0.3220424674350517
      0.3214441725157757
      0.3208810451473598
      0.3203529475390702
      0.3198597316054921
      0.3194012393116011
         0.3189773030216
      0.3185877458514488
        0.31823238202501
      0.3179110172337072
      0.3176234489995934
      0.3173694670416922
      0.3171488536454725
      0.3169613840352911
      0.3168068267496176
      0.3166849440188447
      0.3165954921454565
      0.3165382218863126
      0.3165128788367834
      0.3165192038164499
      0.3165569332560584
      0.3166257995853967
      0.3167255316217422
      0.3168558549584989
       0.317016492353628
      0.3172071641174486
      0.3174275884993592
      0.3176774820730212
      0.3179565601195055
      0.3182645370078979
      0.3186011265728308
      0.3189660424883857
       0.319358998637802
      0.3197797094783942
      0.3202278904010789
      0.3207032580838809
