                       0
   1.126395978437098e-05
   4.513579712536458e-05
   0.0001017859521617395
   0.0001813759790830787
   0.0002840584947314174
   0.0004099771326804174
   0.0005592665027021242
   0.0007320521554922919
   0.0009284505524885354
    0.001148569040579065
    0.001392505831463542
    0.001660349985391822
    0.001952181398971043
    0.002268070796696874
     0.00260807972583075
    0.002972260554211759
    0.003360656470559622
    0.003773301486793884
     0.00421022044186428
    0.004671429006558285
    0.005156933688723993
    0.005666731838320286
    0.006200811651681102
    0.006759152174357464
    0.007341723301878895
    0.007948485777756082
    0.008579391188028088
    0.009234381951641347
     0.00991339130593299
     0.01061634328647903
     0.01134315270055753
     0.01209372509346917
     0.01286795670695196
     0.01366573442892398
     0.01448693573378726
     0.01533142861252842
     0.01619907149185639
     0.01708971314162577
     0.01800319256980497
     0.01893933890426281
     0.01989797126066447
     0.02087889859578888
     0.02188191954560385
     0.02290682224746402
     0.02395338414582902
     0.02502137178093526
     0.02611054055989623
     0.02722063450975106
     0.02835138601203123
      0.0295025155184706
     0.03067373124754346
      0.0318647288615812
     0.03307519112428898
     0.03430478753856073
     0.03555317396457304
     0.03681999221822833
     0.03810486965011185
     0.03940741870523027
     0.04072723646390732
     0.04206390416432807
     0.04341698670734628
     0.04478603214429917
      0.0461705711487114
     0.04757011647291465
     0.04898416239076223
     0.05041218412777662
     0.05185363728023647
     0.05330795722488291
     0.05477455852110719
     0.05625283430767002
     0.05774215569619812
     0.05924187116390458
     0.06075130594818713
     0.06226976144596955
     0.06379651462086926
     0.06533081742149313
     0.06687189621438736
     0.06841895123539096
     0.06997115606336846
     0.07152765712052025
     0.07308757320369202
     0.07464999505132235
     0.07621398495087837
      0.0777785763918365
       0.079342773769457
     0.08090555214478613
     0.08246585706648642
     0.08402260446024842
     0.08557468059166751
     0.08712094210857972
     0.08866021616893496
     0.09019130066033981
     0.09171296451742933
     0.09322394814321457
     0.09472296394050618
     0.09620869695942558
     0.09767980566688335
     0.09913492284372429
      0.1005726566150124
      0.1019915916186457
      0.1033902903171566
      0.1047672944571645
      0.1061211266804915
      0.1074502922904486
      0.1087532811762258
       0.110028569897692
      0.1112746239322172
      0.1124899000843839
      0.1136728490586438
      0.1148219181941201
      0.1159355543598383
      0.1170122070077153
      0.1180503313796336
      0.1190483918638972
      0.1200048654953012
      0.1209182455919712
      0.1217870455210378
      0.1226098025841245
      0.1233850820125538
      0.1241114810611256
      0.1247876331883114
      0.1254122123097487
      0.1259839371110287
      0.1265015754049568
      0.1269639485177569
      0.1273699356880865
      0.1277184784622563
      0.1280085850687246
      0.1282393347547602
      0.1284098820681745
      0.1285194610672099
        0.12856738944206
      0.1285530725320916
      0.1284760072236565
      0.1283357857144168
      0.1281320991313853
      0.1278647409913853
      0.1275336104943784
      0.1271387156420852
      0.1266801761765249
      0.1261582263355317
      0.1255732174249334
      0.1249256202099183
      0.1242160271311181
      0.1234451543541061
      0.1226138436642999
      0.1217230642226597
        0.12077391420102
      0.1197676223193766
      0.1187055493108887
      0.1175891893437078
      0.1164201714319333
      0.1152002608709253
      0.1139313607347892
      0.1126155134759379
      0.1112549026680957
      0.1098518549347338
      0.1084088421044869
      0.1069284836333068
      0.1054135493296066
      0.1038669624130027
      0.1022918029289511
      0.1006913115299597
     0.09906889361838955
     0.09742812382524595
     0.09577275077278667
      0.0941067020350895
     0.09243408916867625
     0.09075921263358953
     0.08908656636272459
     0.08742084166268606
     0.08576693004237657
     0.08412992446607964
     0.08251511841733923
      0.0809280020415671
     0.07937425451457554
     0.07785973166983404
     0.07639044782176722
     0.07497255066283602
     0.07361228810994921
     0.07231596605624011
      0.0710898961746974
     0.06994033324646692
     0.06887340196828125
     0.06789501383672379
     0.06701077549752484
     0.06622589084392461
      0.0655450600759121
     0.06497237978841246
     0.06451124881693229
     0.06416428490620769
     0.06393325717447035
     0.06381903876381206
     0.06382158300517732
     0.06393992497187836
     0.06417220860505826
     0.06451573786959097
     0.06496704884842822
     0.06552199848473615
     0.06617586494913075
     0.06692345438096987
      0.0677592089900185
     0.06867731211254276
     0.06967178666710505
     0.07073658441800666
     0.07186566441243725
     0.07305305982372959
     0.07429293315357194
     0.07557962029720705
     0.07690766435846437
     0.07827184033328489
     0.07966717188750425
     0.08108894146629875
     0.08253269491687619
     0.08399424170702401
     0.08546965169958556
     0.08695524931153145
     0.08844760575635138
     0.08994352994666978
     0.09144005852411974
     0.09293444538732758
     0.09442415100667109
     0.09590683174565583
     0.09738032935215292
     0.09884266073693514
      0.1002920081204498
      0.1017267096001241
      0.1031452501683761
      0.1045462531947222
      0.1059284723728854
      0.1072907841247616
      0.1086321804467507
      0.1099517621797115
      0.1112487326811656
      0.1125223918769615
      0.1137721306691011
      0.1149974256765866
      0.1161978342867628
      0.1173729899955712
      0.1185225980162712
      0.1196464311374421
      0.1207443258123942
      0.1218161784634288
       0.122861941985681
      0.1238816224365116
      0.1248752758975895
      0.1258430054978988
      0.1267849585869205
      0.1277013240481703
      0.1285923297441276
      0.1294582400843635
      0.1302993537093763
      0.1311160012832718
      0.1319085433889921
      0.1326773685203023
      0.1334228911651966
      0.1341455499757874
      0.1348458060201013
      0.1355241411115221
       0.136181056211909
      0.1368170699046674
      0.1374327169342784
      0.1380285468089924
      0.1386051224635764
      0.1391630189791642
      0.1397028223574109
      0.1402251283462832
       0.140730541314945
      0.1412196731753096
      0.1416931423479371
      0.1421515727700582
       0.142595592943596
      0.1430258350211556
      0.1434429339280331
      0.1438475265183841
      0.1442402507637771
      0.1446217449724354
       0.144992647037556
      0.1453535937131746
      0.1457052199161236
      0.1460481580527128
      0.1463830373688413
      0.1467104833223281
      0.1470311169763282
      0.1473455544127824
      0.1476544061649232
      0.1479582766679406
       0.148257763726987
      0.1485534580017741
      0.1488459425070956
      0.1491357921286722
      0.1494235731537954
      0.1497098428163102
      0.1499951488555432
      0.1502800290888467
      0.1505650109974887
      0.1508506113256757
      0.1511373356925474
      0.1514256782170308
      0.1517161211554872
      0.1520091345521259
      0.1523051759021902
      0.1526046898279591
      0.1529081077676265
      0.1532158476771473
      0.1535283137451515
      0.1538458961210406
      0.1541689706563866
      0.1544978986597551
      0.1548330266650711
      0.1551746862136381
      0.1555231936499083
      0.1558788499310891
      0.1562419404506468
      0.1566127348757479
      0.1569914869986537
      0.1573784346020517
      0.1577737993382813
      0.1581777866223753
      0.1585905855388053
      0.1590123687617894
      0.1594432924889809
       0.159883496388325
       0.160333103557837
      0.1607922204980257
      0.1612609370966501
      0.1617393266254747
       0.162227445748662
      0.1627253345424142
      0.1632330165254636
       0.163750498699991
      0.1642777716025401
      0.1648148093644916
      0.1653615697816534
      0.1659179943925294
      0.1664840085648307
       0.167059521589808
      0.1676444267839973
      0.1682386015979902
      0.1688419077318678
      0.1694541912569633
      0.1700752827436537
      0.1707049973949154
      0.1713431351854245
       0.171989481006023
      0.1726438048134205
      0.1733058617850538
      0.1739753924790779
      0.1746521229995181
      0.1753357651666685
      0.1760260166928828
      0.1767225613639582
      0.1774250692263766
      0.1781331967807237
      0.1788465871816646
      0.1795648704449131
       0.180287663661687
      0.1810145712211931
      0.1817451850417401
      0.1824790848111192
      0.1832158382369424
      0.1839550013076618
      0.1846961185650302
      0.1854387233887967
      0.1861823382944435
      0.1869264752447998
        0.18767063597637
      0.1884143123412205
      0.1891569866652603
      0.1898981321237447
       0.190637213134799
       0.191373685771737
      0.1921069981949015
      0.1928365911037065
       0.193561898209496
      0.1942823467297658
      0.1949973579042056
      0.1957063475329283
      0.1964087265371444
      0.1971039015424212
       0.197791275484536
       0.198470248237793
      0.1991402172655156
      0.1998005782922643
      0.2004507259971532
      0.2010900547274503
      0.2017179592314507
      0.2023338354094048
      0.2029370810810684
      0.2035270967682191
      0.2041032864902551
      0.2046650585707563
      0.2052118264526529
      0.2057430095194057
      0.2062580339193653
      0.2067563333902384
       0.207237350080362
      0.2077005353632596
      0.2081453506417404
      0.2085712681376041
      0.2089777716628294
      0.2093643573679596
      0.2097305344632596
      0.2100758259081051
      0.2103997690639837
      0.2107019163064353
      0.2109818355912549
      0.2112391109703113
      0.2114733430524132
      0.2116841494047838
      0.2118711648908862
      0.2120340419405767
      0.2121724507488658
      0.2122860793999167
      0.2123746339133372
      0.2124378382103078
      0.2124754339976353
      0.2124871805684432
      0.2124728545188903
      0.2124322493810524
      0.2123651751729101
      0.2122714578672451
      0.2121509387821674
      0.2120034738969494
       0.211828933097852
      0.2116271993596572
      0.2113981678696784
      0.2111417451020889
      0.2108578478514846
      0.2105464022356516
      0.2102073426785568
       0.209840610885578
      0.2094461548239502
      0.2090239277222902
      0.2085738871038843
      0.2080959938691423
      0.2075902114432412
      0.2070565050054858
      0.2064948408172866
      0.2059051856658845
      0.2052875064410413
      0.2046417698618355
      0.2039679423704704
      0.2032659902095944
      0.2025358796990625
      0.2017775777273258
      0.2009910524717267
      0.2001762743609102
      0.1993332172913377
      0.1984618601085226
      0.1975621883621022
      0.1966341963422404
       0.195677889403121
      0.1946932865774686
      0.1936804234841319
      0.1926393555287987
      0.1915701613959023
      0.1904729468277278
      0.1893478486846635
      0.1881950392784597
      0.1870147309682663
      0.1858071810071411
      0.1845726966246174
      0.1833116403288277
      0.1820244354095501
      0.1807115716213968
      0.1793736110241346
      0.1780111939548291
      0.1766250451040642
      0.1752159796658859
      0.1737849095282895
      0.1723328494679611
      0.1708609233095298
       0.169370370005715
      0.1678625495903949
      0.1663389489516895
      0.1648011873665906
      0.1632510217323842
      0.1616903514230638
      0.1601212226910707
      0.1585458325260022
       0.156966531872422
      0.1553858280986611
      0.1538063865976257
      0.1522310313893577
      0.1506627445837116
      0.1491046645504518
      0.1475600826338836
      0.1460324382405255
      0.1445253121221667
      0.1430424176739931
      0.1415875900694858
       0.140164773061855
      0.1387780032973036
      0.1374313920098624
      0.1361291040023159
      0.1348753338639892
      0.1336742794347309
      0.1325301125955424
      0.1314469475494742
      0.1304288068502111
      0.1294795855376437
      0.1286030138459587
      0.1278026190554613
      0.1270816871584925
      0.1264432250957122
      0.1258899243846179
      0.1254241270006663
      0.1250477943769039
      0.1247624803563415
      0.1245693088604689
      0.1244689569280518
      0.1244616436343955
      0.1245471252291775
       0.124724696639754
      0.1249931992872421
      0.1253510349661774
      0.1257961853563408
      0.1263262365773762
      0.1269384080708785
      0.1276295850058121
      0.1283963533535724
      0.1292350367679816
      0.1301417344297608
      0.1311123590693356
      0.1321426744597406
      0.1332283317658421
      0.1343649042401198
      0.1355479198624373
      0.1367728916261302
      0.1380353452710223
      0.1393308443525554
      0.1406550126131246
      0.1420035536860385
      0.1433722682141926
      0.1447570685051514
      0.1461539908728909
      0.1475592058353025
      0.1489690263471352
      0.1503799142518345
      0.1517884851341274
      0.1531915117494871
      0.1545859261979167
      0.1559688209987867
      0.1573374492115369
      0.1586892237345456
      0.1600217159018775
      0.1613326534853091
      0.1626199181972675
      0.1638815427792704
      0.1651157077502435
      0.1663207378797593
      0.1674950984428004
      0.1686373913050873
      0.1697463508812831
      0.1708208400024411
      0.1718598457238411
      0.1728624750997883
      0.1738279509479804
      0.1747556076225941
       0.175644886812266
      0.1764953333765682
      0.1773065912323662
      0.1780783992995419
      0.1788105875139309
      0.1795030729139147
      0.1801558558059055
      0.1807690160129146
      0.1813427092095074
      0.1818771633456646
      0.1823726751614033
      0.1828296067934219
      0.1832483824745224
      0.1836294853261123
      0.1839734542436891
      0.1842808808748567
      0.1845524066891046
      0.1847887201382964
      0.1849905539065539
      0.1851586822479902
      0.1852939184105276
      0.1853971121438437
      0.1854691472893051
      0.1855109394495864
      0.1855234337355152
      0.1855076025875538
      0.1854644436691919
      0.1853949778294225
      0.1853002471313599
      0.1851813129439817
      0.1850392540938917
      0.1848751650739415
      0.1846901543054985
      0.1844853424511136
      0.1842618607743177
      0.1840208495432746
      0.1837634564750258
       0.183490835217093
      0.1832041438632439
      0.1829045435002978
      0.1825931967829215
      0.1822712665334741
      0.1819399143640781
      0.1816002993182387
       0.181253576529493
      0.1809008958947637
      0.1805434007602891
      0.1801822266182364
      0.1798184998123482
      0.1794533362512477
      0.1790878401283081
      0.1787231026473055
      0.1783602007533964
      0.1780001958692956
      0.1776441326368874
      0.1772930376648601
      0.1769479182833255
      0.1766097613067561
      0.1762795318069476
      0.1759581718980854
      0.1756465995363529
       0.175345707336874
      0.1750563614111131
      0.1747794002281698
       0.174515633503693
      0.1742658411203893
      0.1740307720843281
      0.1738111435214184
      0.1736076397185738
      0.1734209112141647
      0.1732515739424002
      0.1731002084362607
      0.1729673590935346
      0.1728535335103825
      0.1727592018866713
      0.1726847965070779
      0.1726307113016709
      0.1725973014893313
      0.1725848833069808
      0.1725937338271477
      0.1726240908659214
      0.1726761529828393
      0.1727500795737102
      0.1728459910568185
      0.1729639691523868
      0.1731040572545941
      0.1732662608948724
      0.1734505482946414
      0.1736568510050881
      0.1738850646310746
      0.1741350496357595
      0.1744066322220584
      0.1746996052866457
      0.1750137294418277
      0.1753487341002817
      0.1757043186173864
      0.1760801534856342
      0.1764758815754488
       0.176891119416606
      0.1773254585143909
      0.1777784666946005
       0.178249689471532
      0.1787386514331691
      0.1792448576378889
      0.1797677950171689
      0.1803069337789511
      0.1808617288065342
      0.1814316210481045
      0.1820160388922664
      0.1826143995252078
      0.1832261102654185
      0.1838505698721645
      0.1844871698242165
      0.1851352955656215
      0.1857943277155903
      0.1864636432398611
      0.1871426165811642
      0.1878306207466799
      0.1885270283506257
      0.1892312126103449
      0.1899425482944872
      0.1906604126220761
      0.1913841861114441
      0.1921132533781888
       0.192847003881459
      0.1935848326180187
      0.1943261407636648
      0.1950703362616828
      0.1958168343581273
      0.1965650580837986
      0.1973144386828642
      0.1980644159881429
      0.1988144387431262
      0.1995639648708684
      0.2003124616899239
       0.201059406077554
      0.2018042845804709
      0.2025465934734312
      0.2032858387660278
      0.2040215361580846
      0.2047532109441007
      0.2054803978672502
      0.2062026409235039
      0.2069194931165067
       0.207630516163923
       0.208335280156051
      0.2090333631676006
      0.2097243508236427
       0.210407835820856
       0.211083417405334
      0.2117507008083585
      0.2124092966417095
      0.2130588202542557
      0.2136988910517546
       0.214329131781996
       0.214949167787635
      0.2155586262292882
      0.2161571352817053
      0.2167443233060749
      0.2173198180017882
      0.2178832455412411
      0.2184342296915364
      0.2189723909272208
      0.2194973455384682
      0.2200087047394058
      0.2205060737815492
      0.2209890510775879
      0.2214572273410229
      0.2219101847474096
      0.2223474961231986
      0.2227687241683831
      0.2231734207193617
      0.2235611260586032
      0.2239313682778471
       0.224283662701689
      0.2246175113784942
      0.2249324026456254
      0.2252278107759909
      0.2255031957128887
      0.2257580029000602
      0.2259916632137497
      0.2262035930034188
      0.2263931942475617
      0.2265598548308273
      0.2267029489483633
        0.22682183764297
      0.2269158694802728
      0.2269843813667146
      0.2270266995147082
      0.2270421405588036
      0.2270300128262001
      0.2269896177643782
      0.2269202515280434
      0.2268212067269714
       0.226691774335715
      0.2265312457654929
      0.2263389150979296
      0.2261140814796441
      0.2258560516760299
      0.2255641427818907
      0.2252376850859351
      0.2248760250854734
       0.224478528647006
      0.2240445843077524
      0.2235736067125424
      0.2230650401798773
      0.2225183623903667
      0.2219330881901701
      0.2213087735014968
      0.2206450193316711
      0.2199414758717222
      0.2191978466749337
       0.218413892905256
      0.2175894376449674
      0.2167243702504385
      0.2158186507443224
      0.2148723142319318
      0.2138854753289887
      0.2128583325873055
      0.2117911729042897
      0.2106843759014274
      0.2095384182560874
      0.2083538779700765
      0.2071314385573488
      0.2058718931321068
      0.2045761483772101
      0.2032452283712953
      0.2018802782512954
      0.2004825676850888
       0.199053494126792
      0.1975945858246977
      0.1961075045490394
      0.1945940480036059
      0.1930561518817111
      0.1914958915231632
      0.1899154831246398
      0.1883172844513083
      0.1867037949926492
      0.1850776555003161
      0.1834416468405686
      0.1817986880884899
      0.1801518337859803
       0.178504270280644
      0.1768593110583934
      0.1752203909792222
      0.1735910593235251
      0.1719749715560015
      0.1703758797160974
      0.1687976213486423
      0.1672441068964365
      0.1657193054886256
      0.1642272290753401
      0.1627719148808144
      0.1613574061744062
      0.1599877313918705
      0.1586668816778716
      0.1573987869647338
      0.1561872907511424
      0.1550361237967915
      0.1539488770032727
       0.152928973805776
      0.1519796424519867
      0.1511038885911363
      0.1503044686345249
      0.1495838643759882
      0.1489442593739409
      0.1483875175934675
      0.1479151647857863
      0.1475283730425731
      0.1472279489044116
      0.1470143253275611
      0.1468875577239209
      0.1468473241891856
      0.1468929299281855
      0.1470233157792085
       0.147237070635775
      0.1475324474696706
      0.1479073825772356
      0.1483595176052442
      0.1488862238653967
      0.1494846284184911
       0.150151641400585
      0.1508839840726934
      0.1516782171007024
      0.1525307686105158
      0.1534379616119063
      0.1543960404399073
      0.1554011959217792
      0.1564495890377547
      0.1575373729025168
      0.1586607129497154
      0.1598158052523343
      0.1609988929564038
      0.1622062808438767
      0.1634343480722912
       0.164679559164277
      0.1659384733393895
      0.1672077522947369
      0.1684841665499995
      0.1697646004774371
      0.1710460561390046
      0.1723256560514034
       0.173600644996399
      0.1748683909885703
      0.1761263855062979
      0.1773722430846516
      0.1786037003612365
      0.1798186146582653
      0.1810149621763695
      0.1821908358680919
      0.1833444430517419
      0.1844741028194384
      0.1855782432867392
      0.1866553987253283
      0.1877042066147759
      0.1887234046444318
      0.1897118276920229
      0.1906684048014952
      0.1915921561790374
      0.1924821902230191
      0.1933377006007451
      0.1941579633824333
      0.1949423342406404
      0.1956902457214594
      0.1964012045921625
      0.1970747892685418
      0.1977106473239872
      0.1983084930812971
      0.1988681052873538
      0.1993893248700535
      0.1998720527762822
      0.2003162478892305
      0.2007219250229428
      0.2010891529916838
      0.2014180527514626
      0.2017087956108846
      0.2019616015083692
      0.2021767373527104
      0.2023545154239062
      0.2024952918311937
      0.2025994650252422
      0.2026674743615089
      0.2026997987118224
      0.2026969551213411
      0.2026594975081158
      0.2025880154025871
      0.2024831327244401
      0.2023455065943402
      0.2021758261781749
      0.2019748115615172
       0.201743212652119
      0.2014818081083293
      0.2011914042914058
      0.2008728342397596
      0.2005269566632334
      0.2001546549555614
      0.1997568362232003
      0.1993344303287519
      0.1988883889472149
      0.1984196846333104
        0.19792930989813
      0.1974182762933352
      0.1968876135011236
      0.1963383684281416
      0.1957716043014885
      0.1951883997649118
      0.1945898479732424
      0.1939770556830627
      0.1933511423375457
      0.1927132391433401
      0.1920644881373206
      0.1914060412409647
      0.1907390593000681
      0.1900647111074624
      0.1893841724063681
      0.1886986248719915
      0.1880092550689637
      0.1873172533822336
      0.1866238129190555
      0.1859301283797638
      0.1852373948951126
      0.1845468068280636
       0.183859556538052
      0.1831768331059356
      0.1824998210180497
      0.1818296988080425
      0.1811676376554691
      0.1805147999404525
      0.1798723377541132
      0.1792413913648878
       0.178623087641335
        0.17801853843253
      0.1774288389077095
      0.1768550658574055
      0.1762982759589335
      0.1757595040097351
      0.1752397611327456
       0.174740032958624
      0.1742612777903638
      0.1738044247564702
      0.1733703719595405
      0.1729599846277087
      0.1725740932769965
      0.1722134918931445
      0.1718789361419605
      0.1715711416176146
      0.1712907821386139
       0.171038488101394
      0.1708148449015665
      0.1706203914328509
      0.1704556186735856
      0.1703209683704647
       0.170216831828766
       0.170143548817844
      0.1701014066000451
      0.1700906390904741
      0.1701114261542152
      0.1701638930466856
      0.1702481100018065
      0.1703640919716069
      0.1705117985197693
      0.1706911338704853
      0.1709019471128355
      0.1711440325597635
      0.1714171302595913
      0.1717209266569423
      0.1720550553989114
      0.1724190982813739
      0.1728125863294485
      0.1732350010053583
      0.1736857755362577
      0.1741642963540248
      0.1746699046385646
      0.1752018979558208
      0.1757595319814545
      0.1763420223010256
        0.17694854627747
      0.1775782449767393
      0.1782302251426054
      0.1789035612118628
