                       0
   1.366907387843971e-05
   5.476529344348455e-05
   0.0001234633220464858
   0.0002198950355936847
   0.0003441500883097158
   0.0004962769280698143
    0.000676284237261936
   0.0008841427664635962
    0.001119787520663476
    0.001383120251182707
    0.001674012201011882
     0.00199230704710797
    0.002337823980391144
    0.002710360862812284
    0.003109697400958018
    0.003535598277213312
     0.00398781618246314
    0.004466094698595765
    0.004970170984542359
    0.005499778226086563
    0.006054647817005653
    0.006634511247038612
    0.007239101680471326
    0.007868155217530221
    0.008521411839024206
    0.009198616042519991
    0.009899517185542104
     0.01062386955764739
     0.01137143220855821
     0.01214196856371426
     0.01293524586153025
     0.01375103444828463
     0.01458910696692232
     0.01544923747518804
     0.01633120052651757
     0.01723477024414223
     0.01815971941507662
     0.01910581862625741
      0.0200728354602874
     0.02106053376322741
     0.02206867299187614
     0.02309700764317711
     0.02414528676396772
     0.02521325353538059
     0.02630064492293972
     0.02740719138083969
      0.0285326165971026
     0.02967663726528167
     0.03083896286809885
     0.03201929545881385
     0.03321732942714204
     0.03443275123807205
     0.03566523913386484
     0.03691446279172244
     0.03818008293197321
     0.03946175087400763
     0.04075910803950405
     0.04207178540460486
     0.04339940290455897
      0.0447415687958715
     0.04609787898215255
     0.04746791631061364
      0.0488512498465205
     0.05024743413289516
     0.05165600844240268
      0.0530764960277137
     0.05450840337575779
     0.05595121947025228
     0.05740441506577151
     0.05886744197548917
     0.06033973237364883
     0.06182069811285329
     0.06330973005546787
     0.06480619741784195
     0.06630944712569542
     0.06781880317890551
     0.06933356602406512
     0.07085301193354981
     0.07237639239041128
     0.07390293347916668
     0.07543183528344587
     0.07696227129243814
      0.0784933878191085
     0.08002430343417467
     0.08155410842081576
     0.08308186425597272
     0.08460660312487524
     0.08612732747605868
      0.0876430096246021
      0.0891525914116198
     0.09065498392817074
     0.09214906731172046
      0.0936336906231232
     0.09510767181179414
      0.0965697977763538
     0.09801882452756656
     0.09945347745989555
      0.1008724517374852
      0.1022744127998856
      0.1036579969923686
      0.1050218123252787
      0.1063644393665144
      0.1076844322709619
      0.1089803199504949
      0.1102506073880154
      0.1114937770989181
      0.1127082907433066
      0.1138925908922553
      0.1150451029513704
      0.1161642372448339
      0.1172483912630036
      0.1182959520764556
      0.1193052989190877
      0.1202748059425291
      0.1212028451436235
      0.1220877894661523
      0.1229280160772557
      0.1237219098181842
      0.1244678668280922
      0.1251642983385788
      0.1258096346356074
      0.1264023291843214
      0.1269408629111362
      0.1274237486363646
        0.12784953564954
      0.1282168144185703
       0.128524221422919
      0.1287704441001797
      0.1289542258947165
      0.1290743713965134
      0.1291297515580077
      0.1291193089765166
      0.1290420632298987
      0.1288971162533388
      0.1286836577456218
      0.1284009705939743
      0.1280484363075096
      0.1276255404505294
      0.1271318780684269
      0.1265671591007058
      0.1259312137777147
       0.125223998000098
      0.1244455987027296
      0.1235962392080316
      0.1226762845771463
      0.1216862469714394
       0.120626791041327
      0.1194987393644641
      0.1183030779609646
      0.1170409619195661
      0.1157137211755507
      0.1143228664887953
      0.1128700956785496
      0.1113573001803968
      0.1097865720002508
      0.1081602111500455
      0.1064807336597308
      0.1047508802699318
      0.1029736259186129
      0.1011521901425151
     0.09929004851888924
       0.097390945273577
     0.09545890717566642
     0.09349825882389443
     0.09151363940186585
      0.0895100209329793
     0.08749272799522899
      0.0854674587526222
      0.0834403070137503
     0.08141778482715568
     0.07940684485403286
     0.07741490140736101
     0.07544984859986305
     0.07352007349283428
     0.07163446148527537
     0.06980239044682507
     0.06803370932557919
     0.06633869624023477
     0.06472799053508882
     0.06321249313670653
     0.06180323005915357
     0.06051117534659996
     0.05934703237404092
     0.05832097637868593
     0.05744236624614961
     0.05671943944005128
     0.05615900963615294
     0.05576619086311152
     0.05554417344616439
     0.05549407481128783
     0.05561488199974926
     0.05590349332887824
     0.05635485568813608
     0.05696218362267751
     0.05771723860024375
     0.05861064290909394
     0.05963220270744204
     0.06077121813538883
     0.06201676385763896
     0.06335792957420927
      0.0647840158052526
     0.06628468492758759
     0.06785007073570318
     0.06947085176015594
     0.07113829443068537
     0.07284427222041472
     0.07458126644239144
     0.07634235363018388
     0.07812118359502308
     0.07991195142682217
     0.08170936596008503
     0.08350861658781494
     0.08530533978373898
     0.08709558627883232
     0.08887578951896254
     0.09064273579088444
     0.09239353622841559
     0.09412560078556939
     0.09583661417693715
     0.09752451372805999
     0.09918746904227049
      0.1008238633695724
      0.1024322765530571
      0.1040114694257351
      0.1055603695330211
      0.1070780580616216
      0.1085637578629771
       0.110016822467776
      0.1114367259967939
      0.1128230538819844
      0.1141754943201104
      0.1154938303890868
      0.1167779327645276
      0.1180277529807002
      0.1192433171862011
      0.1204247203501717
      0.1215721208798184
      0.1226857356144005
      0.1237658351647598
      0.1248127395709079
      0.1258268142532127
      0.1268084662353599
       0.127758140619555
      0.1286763172964027
      0.1295635078735948
      0.1304202528089763
      0.1312471187347903
      0.1320446959609352
      0.1328135961459483
      0.1335544501251796
      0.1342679058862549
      0.1349546266824892
      0.1356152892754052
      0.1362505822979609
      0.1368612047305167
      0.1374478644819747
       0.138011277068925
      0.1385521643860312
      0.1390712535612868
      0.1395692758901803
      0.1400469658432078
      0.1405050601415739
      0.1409442968963129
      0.1413654148064403
      0.1417691524120957
      0.1421562473989688
      0.1425274359505871
      0.1428834521453016
      0.1432250273950135
      0.1435528899228567
      0.1438677642771727
      0.1441703708792065
      0.1444614256019985
      0.1447416393779749
      0.1450117178327416
      0.1452723609425796
      0.1455242627131258
      0.1457681108767243
       0.146004586605939
      0.1462343642407525
      0.1464581110270386
      0.1466764868639853
      0.1468901440582735
      0.1470997270829761
      0.1473058723393328
      0.1475092079197743
      0.1477103533708085
      0.1479099194546335
      0.1481085079085989
      0.1483067112018901
      0.1485051122890544
      0.1487042843602038
       0.148904790587928
      0.1491071838711105
      0.1493120065759674
      0.1495197902747171
      0.1497310554823413
      0.1499463113919162
      0.1501660556089825
       0.150390773885386
      0.1506209398529742
      0.1508570147574719
       0.151099447192802
       0.151348672836066
      0.1516051141833601
      0.1518691802865867
      0.1521412664914259
      0.1524217541766628
      0.1527110104951233
      0.1530093881165489
      0.1533172249728438
      0.1536348440062337
      0.1539625529209992
      0.1543006439395627
       0.154649393563813
      0.1550090623426484
      0.1553798946467771
      0.1557621184518579
        0.15615594513106
      0.1565615692580833
      0.1569791684216113
      0.1574089030520499
        0.15785091626127
      0.1583053336958908
      0.1587722634044573
      0.1592517957186554
       0.159744003148502
      0.1602489402912433
      0.1607666437535062
      0.1612971320860767
      0.1618404057305387
      0.1623964469768977
      0.1629652199312375
      0.1635466704924195
      0.1641407263368277
      0.1647472969101916
      0.1653662734255674
      0.1659975288666375
      0.1666409179955703
      0.1672962773647823
       0.167963425332036
      0.1686421620783972
      0.1693322696286516
      0.1700335118738385
      0.1707456345956015
      0.1714683654920766
      0.1722014142050338
      0.1729444723479758
      0.1736972135348612
      0.1744592934090807
      0.1752303496722691
      0.1760100021124941
      0.1767978526313306
      0.1775934852693117
      0.1783964662292472
      0.1792063438969332
      0.1800226488588231
      0.1808448939163178
      0.1816725740964431
       0.182505166658816
      0.1833421310989684
      0.1841829091482667
      0.1850269247708693
      0.1858735841583491
      0.1867222757228237
      0.1875723700896169
      0.1884232200906653
      0.1892741607600469
      0.1901245093331602
      0.1909735652511945
       0.191820610172644
      0.1926649079936818
      0.1935057048792692
      0.1943422293069055
      0.1951736921249371
      0.1959992866273566
      0.1968181886470146
      0.1976295566691685
      0.1984325319672953
      0.1992262387631045
      0.2000097844127093
      0.2007822596209569
       0.201542738685968
      0.2022902797760107
      0.2030239252409196
       0.203742701960371
      0.2044456217314382
      0.2051316816979588
      0.2057998648243758
      0.2064491404168088
      0.2070784646942276
       0.207686781412676
      0.2082730225455634
      0.2088361090230801
      0.2093749515338063
      0.2098884513915706
      0.2103755014705619
      0.2108349872116295
      0.2112657877025985
      0.2116667768352978
      0.2120368245418497
       0.212374798112597
      0.2126795635978648
      0.2129499872955598
      0.2131849373264154
      0.2133832852984971
       0.213543908062387
      0.2136656895582847
      0.2137475227560822
      0.2137883116893045
      0.2137869735836506
      0.2137424410807192
      0.2136536645573701
      0.2135196145410285
      0.2133392842211231
      0.2131116920567108
      0.2128358844802214
      0.2125109386971215
      0.2121359655811714
      0.2117101126648095
      0.2112325672240643
      0.2107025594572581
      0.2101193657566325
      0.2094823120718979
      0.2087907773645927
      0.2080441971520481
      0.2072420671396683
      0.2063839469402124
      0.2054694638787458
      0.2044983168819871
      0.2034702804508652
      0.2023852087152589
       0.201243039570108
       0.200043798892367
      0.1987876048386122
       0.197474672223525
      0.1961053169799273
      0.1946799607015537
      0.1931991352702744
      0.1916634875700285
       0.190073784290253
       0.188430916822067
      0.1867359062508636
      0.1849899084491968
      0.1831942192739013
      0.1813502798711335
      0.1794596820924133
      0.1775241740236499
       0.175545665627414
      0.1735262344962309
      0.1714681317112074
       0.169373787795652
      0.1672458187472436
      0.1650870321244392
      0.1629004331528362
       0.160689230804725
      0.1584568437896428
      0.1562069063748882
      0.1539432739321782
      0.1516700280794129
      0.1493914812543811
      0.1471121805197972
      0.1448369103560466
      0.1425706941494277
       0.140318794029873
      0.1380867086539651
       0.135880168468118
      0.1337051279255407
      0.1315677540726384
      0.1294744108708011
      0.1274316385845086
      0.1254461275543862
      0.1235246856937426
      0.1216741991097802
      0.1199015853670376
       0.118213739090887
      0.1166174698608816
      0.1151194326708985
      0.1137260516321504
      0.1124434380541933
      0.1112773045354214
      0.1102328771943881
      0.1093148086326703
      0.1085270945880325
      0.1078729974609624
       0.107354979931715
      0.1069746516962103
      0.1067327319263364
      0.1066290294187268
       0.106662441578767
      0.1068309724601855
      0.1071317691274587
       0.107561174715077
         0.1081147958031
      0.1087875811722973
      0.1095739086785503
      0.1104676769009714
      0.1114623983514122
      0.1125512913450139
      0.1137273680708214
      0.1149835169134922
      0.1163125776107124
      0.1177074083436929
      0.1191609443189224
      0.1206662477888591
      0.1222165497687215
      0.1238052839359096
      0.1254261133538872
      0.1270729507534519
       0.128739973142853
      0.1304216315160776
      0.1321126563969083
      0.1338080599047265
      0.1355031349644882
      0.1371934522140815
       0.138874855092073
      0.1405434535209406
      0.1421956165374361
      0.1438279641639839
      0.1454373587635938
       0.147020896075769
      0.1485758960921001
      0.1500998938972511
      0.1515906305733102
      0.1530460442424298
      0.1544642613037249
      0.1558435879049525
      0.1571825016770646
      0.1584796437498143
      0.1597338110587955
      0.1609439489482426
      0.1621091440692959
      0.1632286175699846
      0.1643017185706701
      0.1653279179169349
      0.1663068022007471
      0.1672380680400382
        0.16812151660651
      0.1689570483914252
      0.1697446581992902
      0.1704844303596233
      0.1711765341473886
      0.1718212194031128
      0.1724188123441719
      0.1729697115591974
      0.1734743841780053
      0.1739333622098686
      0.1743472390433376
      0.1747166661011432
      0.1750423496440112
       0.175325047717449
      0.1755655672357694
      0.1757647611977567
      0.1759235260285081
      0.1760427990420624
      0.1761235560194859
      0.1761668088971382
      0.1761736035598622
      0.1761450177338718
      0.1760821589741352
      0.1759861627410744
       0.175858190561432
      0.1756994282681937
      0.1755110843144915
      0.1752943881564628
      0.1750505887000844
      0.1747809528070508
      0.1744867638548079
      0.1741693203458947
      0.1738299345617698
      0.1734699312563189
      0.1730906463842418
      0.1726934258595051
      0.1722796243390231
      0.1718506040266954
      0.1714077334928811
      0.1709523865043538
      0.1704859408597285
       0.170009777225332
       0.169525277966474
      0.1690338259690992
      0.1685368034468567
      0.1680355907287369
      0.1675315650225817
      0.1670260991500108
      0.1665205602485996
      0.1660163084375218
      0.1655146954433179
      0.1650170631829877
      0.1645247423022004
      0.1640390506671076
      0.1635612918089791
      0.1630927533216959
      0.1626347052129793
      0.1621883982111376
      0.1617550620300183
      0.1613359035957954
      0.1609321052401446
      0.1605448228652778
      0.1601751840872004
      0.1598242863643981
      0.1594931951199632
      0.1591829418658972
      0.1588945223389892
      0.1586288946582379
      0.1583869775142692
      0.1581696484015744
      0.1579777419046641
      0.1578120480493829
      0.1576733107306582
      0.1575622262278578
      0.1574794418186982
      0.1574255545022794
      0.1574011098413153
      0.1574066009329895
      0.1574424675170835
      0.1575090952291158
      0.1576068150051912
      0.1577359026441039
      0.1578965785309784
      0.1580890075253833
      0.1583132990154248
      0.1585695071378574
      0.1588576311627453
      0.1591776160396987
      0.1595293531012308
      0.1599126809173452
      0.1603273862941097
      0.1607732054077187
      0.1612498250644181
      0.1617568840756891
      0.1622939747372676
      0.1628606443999406
      0.1634563971196034
      0.1640806953738001
      0.1647329618318896
      0.1654125811660856
      0.1661189018908895
       0.166851238218868
      0.1676088719212924
      0.1683910541828381
      0.1691970074403239
      0.1700259271963174
      0.1708769837993294
      0.1717493241832463
       0.172642073559574
      0.1735543370569853
      0.1744852013035492
      0.1754337359478662
      0.1763989951161289
      0.1773800188028686
      0.1783758341938209
      0.1793854569199688
      0.1804078922423749
      0.1814421361679185
      0.1824871764965056
      0.1835419938007291
        0.18460556233932
      0.1856768509060681
      0.1867548236161956
      0.1878384406324479
      0.1889266588334295
      0.1900184324269499
      0.1911127135113729
      0.1922084525881634
      0.1933045990290114
      0.1944001015010741
      0.1954939083540101
      0.1965849679725933
       0.197672229098764
      0.1987546411270225
      0.1998311543770792
      0.2009007203476471
      0.2019622919552049
      0.2030148237614638
      0.2040572721931504
      0.2050885957575654
      0.2061077552572181
      0.2071137140066416
      0.2081054380543083
      0.2090818964123704
      0.2100420612967559
      0.2109849083799708
       0.211909417058791
      0.2128145707388806
      0.2136993571382415
      0.2145627686113017
      0.2154038024953621
      0.2162214614810662
      0.2170147540085191
       0.217782694690653
      0.2185243047654329
      0.2192386125784861
      0.2199246540977414
      0.2205814734616572
      0.2212081235626037
      0.2218036666669446
      0.2223671750733182
      0.2228977318105635
      0.2233944313766598
      0.2238563805199542
      0.2242826990638349
      0.2246725207758866
      0.2250249942824214
      0.2253392840291311
      0.2256145712884597
      0.2258500552141496
      0.2260449539432707
       0.226198505745919
      0.2263099702226596
       0.226378629549698
      0.2264037897716942
      0.2263847821420939
      0.2263209645108227
      0.2262117227592003
      0.2260564722819475
      0.2258546595161998
      0.2256057635174989
      0.2253092975827893
      0.2249648109205187
      0.2245718903680007
      0.2241301621562611
       0.223639293722632
      0.2230989955713978
      0.2225090231828069
      0.2218691789707633
       0.221179314289491
      0.2204393314894156
      0.2196491860224481
      0.2188088885967751
      0.2179185073811604
      0.2169781702586553
      0.2159880671294903
      0.2149484522627907
      0.2138596466966144
       0.212722040685657
      0.2115360961958047
      0.2103023494445256
      0.2090214134858865
      0.2076939808387259
      0.2063208261562229
      0.2049028089347369
        0.20344087625934
      0.2019360655829044
      0.2003895075349041
      0.1988024287552144
      0.1971761547471221
      0.1955121127424154
      0.1938118345698176
      0.1920769595160594
      0.1903092371665377
      0.1885105302097086
      0.1866828171860572
      0.1848281951586208
      0.1829488822775386
      0.1810472202059099
      0.1791256763683113
      0.1771868459765665
      0.1752334537797816
      0.1732683554771811
      0.1712945387229276
      0.1693151236418955
      0.1673333627643596
      0.1653526402758833
      0.1633764704665346
      0.1614084952512022
      0.1594524806206238
      0.1575123118712714
      0.1555919874521431
      0.1536956112585756
      0.1518273831984264
      0.1499915878555079
      0.1481925810802947
      0.1464347743500878
      0.1447226167614657
      0.1430605745484319
      0.1414531080614554
      0.1399046461965756
      0.1384195583303951
       0.137002123895902
      0.1356564998245657
      0.1343866861798563
      0.1331964904128919
      0.1320894907777072
      0.1310689995459038
      0.1301380267515028
      0.1292992452694615
       0.128554958078365
      0.1279070685727826
      0.1273570547686564
      0.1269059481829865
      0.1265543180668162
      0.1263022615309936
      0.1261493999333689
      0.1260948817026992
      0.1261373915693877
      0.1262751659682546
      0.1265060141858271
      0.1268273446551179
      0.1272361956634603
      0.1277292696398647
      0.1283029701306189
      0.1289534405553739
      0.1296766038577995
       0.130468202219879
       0.131323836090253
      0.1322390018772037
      0.1332091277682681
      0.1342296072539997
      0.1352958300469575
      0.1364032101936908
      0.1375472112737555
       0.138723368663363
      0.1399273089110348
      0.1411547663284521
      0.1424015969421677
      0.1436637899821145
      0.1449374771023564
      0.1462189395399095
      0.1475046134203493
      0.1487910934158942
      0.1500751349541487
      0.1513536551649633
      0.1526237327400064
      0.1538826068655083
      0.1551276753739679
      0.1563564922459121
      0.1575667645785171
      0.1587563491242858
       0.159923248490247
      0.1610656070764052
      0.1621817068214736
      0.1632699628142885
      0.1643289188207039
      0.1653572427681547
      0.1663537222233948
       0.167317259893095
      0.1682468691719505
      0.1691416697586147
      0.1700008833560802
      0.1708238294699856
      0.1716099213156695
        0.17235866184256
      0.1730696398826074
      0.1737425264278887
      0.1743770710411812
      0.1749730984021758
      0.1755305049910257
      0.1760492559100896
      0.1765293818439709
       0.176970976157282
      0.1773741921289355
      0.1777392403211701
      0.1780663860809678
      0.1783559471709736
      0.1786082915265236
       0.178823835134895
      0.1790030400324315
      0.1791464124147793
      0.1792545008550799
      0.1793278946246399
      0.1793672221103143
      0.1793731493226278
      0.1793463784885022
      0.1792876467223659
      0.1791977247693993
      0.1790774158146946
      0.1789275543521964
      0.1787490051074088
      0.1785426620080132
      0.1783094471967138
      0.1780503100808059
      0.1777662264131356
      0.1774581973992675
      0.1771272488257944
      0.1767744302048039
      0.1764008139295418
      0.1760074944362917
      0.1755955873674161
      0.1751662287303875
      0.1747205740474721
      0.1742597974905453
      0.1737850909953079
      0.1732976633489736
      0.1727987392453066
      0.1722895583007431
      0.1717713740252345
      0.1712454527414295
      0.1707130724458762
      0.1701755216060985
      0.1696340978876716
      0.1690901068058268
      0.1685448602966183
      0.1679996752033267
      0.1674558716745063
      0.1669147714709311
      0.1663776961796197
      0.1658459653341283
      0.1653208944413518
      0.1648037929161811
      0.1642959619264772
      0.1637986921519542
      0.1633132614616802
      0.1628409325160066
      0.1623829502998053
      0.1619405395949304
      0.1615149024008198
      0.1611072153131058
      0.1607186268710265
      0.1603502548852992
      0.1600031837589612
      0.1596784618144743
      0.1593770986411394
      0.1591000624775703
      0.1588482776446017
      0.1586226220445717
      0.1584239247433673
        0.15825296365196
      0.1581104633243437
      0.1579970928887897
      0.1579134641291397
      0.1578601297324159
      0.1578375817183358
      0.1578462500653484
      0.1578865015465448
      0.1579586387872478
      0.1580628995542477
      0.1581994562845643
      0.1583684158592787
      0.1585698196254767
      0.1588036436666885
       0.159069799319495
      0.1593681339312356
      0.1596984318510908
      0.1600604156442781
      0.1604537475167674
      0.1608780309358494
      0.1613328124301372
      0.1618175835511719
      0.1623317829777857
      0.1628747987437488
      0.1634459705689896
      0.1640445922748257
      0.1646699142641294
      0.1653211460481521
      0.1659974588027815
      0.1666979879382576
      0.1674218356677629
      0.1681680735617661
      0.1689357450764819
      0.1697238680462601
      0.1705314371310805
      0.1713574262115844
      0.1722007907251775
      0.1730604699376957
      0.1739353891459149
      0.1748244618068305
      0.1757265915901453
      0.1766406743508047
      0.1775656000187502
      0.1785002544033438
      0.1794435209101998
      0.1803942821684635
      0.1813514215669406
      0.1823138246979209
      0.1832803807080762
      0.1842499835564526
      0.1852215331803101
      0.1861939365703951
      0.1871661087581132
      0.1881369737180093
      0.1891054651898874
       0.190070527425806
       0.191031115867994
      0.1919861977644415
      0.1929347527294478
      0.1938757732567586
      0.1948082651930463
      0.1957312481793612
      0.1966437560678195
      0.1975448373201634
      0.1984335553939784
      0.1993089891212782
      0.2001702330829237
       0.201016397980957
       0.201846611009468
      0.2026600162231194
      0.2034557749009969
      0.2042330659020878
      0.2049910860074763
      0.2057290502433329
      0.2064461921780195
      0.2071417641861527
      0.2078150376723109
      0.2084653032472323
      0.2090918708498369
      0.2096940698092121
      0.2102712488417812
      0.2108227759802153
      0.2113480384321862
