                       0
   2.733814775688152e-05
   0.0001095305868874024
   0.0002469266441045375
   0.0004397900713038887
   0.0006883001773156734
   0.0009925538591357454
    0.001352568484808534
    0.001768285562851417
    0.002239575118068088
    0.002766240680513381
    0.003348024783556819
    0.003984614858707747
    0.004675649409312839
    0.005420724342550784
    0.006219399339390527
    0.007071204145331294
    0.007975644670707891
    0.008932208797945764
    0.009940371804130595
     0.01099960132028774
     0.01210936176345368
     0.01326911819351659
     0.01447833956341908
     0.01573650134814223
     0.01704308755440943
     0.01839759212875853
     0.01979951979606298
     0.02124838637331465
     0.02274371861416484
       0.024285053648083
      0.0258719380838538
     0.02750392685041736
     0.02918058184876969
     0.03090147048690638
     0.03266616416580341
     0.03447423677847089
     0.03632526327652345
     0.03821881834988053
     0.04015447525554926
     0.04213180482138038
     0.04415037464063738
     0.04620974846356849
     0.04830948578326398
     0.05044914160521676
      0.0526282663833985
     0.05484640610049431
     0.05710310246627491
      0.0593978932059638
     0.06173031240981477
     0.06409989091585667
     0.06650615669971499
     0.06894863524840346
      0.0714268498987391
     0.07394032212535506
     0.07648857176788525
     0.07907111719155704
     0.08168747537990702
       0.084337161962435
     0.08701969118356813
      0.0897345758221874
     0.09248132707308462
     0.09525945440303303
     0.09806846539465407
      0.1009078655910077
      0.1037771583528688
      0.1066758447391033
      0.1096034234185426
      0.1125593906194099
      0.1155432401198246
      0.1185544632803566
      0.1215925491171434
      0.1246569844118542
      0.1277472538528885
       0.130862840200705
       0.134003224469151
      0.1371678861141359
      0.1403563032209246
      0.1435679526817706
      0.1468023103564053
      0.1500588512091039
      0.1533370494174516
      0.1566363784495786
      0.1599563111082917
       0.163296319542218
      0.1666558752256405
       0.170034448910104
      0.1734315105520135
      0.1768465292213111
      0.1802789729968739
      0.1837283088544777
      0.1871940025530965
      0.1906755185248965
      0.1941723197736425
      0.1976838677854044
      0.2012096224544199
      0.2047490420259215
      0.2083015830566364
      0.2118667003926009
      0.2154438471630001
      0.2190324747879223
      0.2226320329973094
      0.2262419698579659
      0.2298617318052885
      0.2334907636764174
       0.237128508741731
      0.2407744087319983
      0.2444279038590888
      0.2480884328287694
      0.2517554328448505
      0.2554283396046851
      0.2591065872867207
      0.2627896085314512
      0.2664768344176533
      0.2701676944361809
      0.2738616164638603
      0.2775580267401047
      0.2812563498488182
      0.2849560087079289
      0.2886564245685418
      0.2923570170252691
      0.2960572040387282
      0.2997564019706621
      0.3034540256315176
      0.3071494883397881
      0.3108422019919032
      0.3145315771410486
      0.3182170230829726
      0.3218979479466605
      0.3255737587876732
      0.3292438616820272
      0.3329076618186768
      0.3365645635889145
       0.340213970671447
      0.3438552861122612
       0.347487912398937
      0.3511112515295042
      0.3547247050764253
      0.3583276742466854
      0.3619195599393483
       0.365499762802181
      0.3690676832891408
      0.3726227217205773
       0.376164278347972
      0.3796917534249256
       0.383204547285857
       0.386702060433612
      0.3901836936368582
       0.393648848037732
      0.3970969252698704
      0.4005273275865666
      0.4039394579984829
      0.4073327204200557
        0.41070651982355
       0.414060262399523
      0.4173933557224893
      0.4207052089205228
      0.4239952328476764
      0.4272628402582689
      0.4305074459822782
      0.4337284671013946
      0.4369253231255078
      0.4400974361697329
      0.4432442311323463
      0.4463651358741979
      0.4494595814004266
      0.4525270020453816
      0.4555668356617649
       0.458578523814984
      0.4615615119836763
       0.464515249767195
      0.4674391911007062
      0.4703327944783048
      0.4731955231843004
      0.4760268455325705
      0.4788262351136052
      0.4815931710486068
      0.4843271382498169
      0.4870276276860337
      0.4896941366521949
      0.4923261690418085
      0.4949232356210117
      0.4974848543031236
       0.500010550422619
      0.5024998570076618
      0.5049523150504871
      0.5073674737751798
      0.5097448909026041
      0.5120841329124912
      0.5143847753028787
      0.5166464028473303
      0.5188686098504615
      0.5210510004024419
      0.5231931886331624
      0.5252947989667768
      0.5273554663772742
      0.5293748366455887
        0.53135256661869
      0.5332883244708159
      0.5351817899669036
      0.5370326547280113
      0.5388406224983117
      0.5406054094130973
      0.5423267442669959
      0.5440043687815345
      0.5456380378710597
       0.547227519905978
      0.5487725969723043
      0.5502730651265501
      0.5517287346450626
      0.5531394302670771
      0.5545049914308821
      0.5558252725026869
      0.5571001429979654
       0.558329487795198
      0.5595132073421435
      0.5606512178548606
      0.5617434515098537
      0.5627898566297403
      0.5637903978628921
      0.5647450563574797
      0.5656538299302751
      0.5665167332304911
      0.5673337978988233
      0.5681050727216463
      0.5688306237802567
       0.569510534594781
      0.5701449062623124
      0.5707338575886221
       0.571277525212718
      0.5717760637234421
      0.5722296457672287
      0.5726384621461895
      0.5730027219056858
      0.5733226524106455
      0.5735984994100343
      0.5738305270889345
      0.5740190181079879
      0.5741642736299852
      0.5742666133336743
      0.5743263754149752
      0.5743439165759097
      0.5743196120017692
      0.5742538553270052
      0.5741470585904977
      0.5739996521807725
      0.5738120847717908
       0.573584823249775
      0.5733183526315359
      0.5730131759745479
      0.5726698142789306
      0.5722888063813113
      0.5718707088403893
      0.5714160958138875
      0.5709255589264234
      0.5703997071277419
      0.5698391665406762
      0.5692445802981789
      0.5686166083687156
      0.5679559273694179
      0.5672632303664344
      0.5665392266619905
      0.5657846415678592
      0.5650002161650344
      0.5641867070495816
       0.563344886064742
      0.5624755400195868
      0.5615794703945299
      0.5606574930342033
      0.5597104378281461
      0.5587391483798984
      0.5577444816649735
       0.556727307678203
      0.5556885090708183
      0.5546289807775481
      0.5535496296338589
      0.5524513739833484
      0.5513351432750995
      0.5502018776507207
      0.5490525275206277
      0.5478880531290103
      0.5467094241068933
      0.5455176190125903
      0.5443136248589165
      0.5430984366264997
      0.5418730567626308
      0.5406384946651952
       0.539395766151349
      0.5381458929107567
      0.5368899019433863
      0.5356288249820083
       0.534363697899729
      0.5330955601029848
      0.5318254539106594
      0.5305544239199229
      0.5292835163596091
      0.5280137784318817
      0.5267462576429571
      0.5254820011236229
       0.524222054940204
      0.5229674633965519
         0.5217192683275
      0.5204785083841481
      0.5192462183112346
      0.5180234282166798
      0.5168111628334575
      0.5156104407737656
      0.5144222737755431
      0.5132476659413968
      0.5120876129700731
      0.5109431013807084
      0.5098151077302737
      0.5087045978247895
      0.5076125259251065
      0.5065398339482686
      0.5054874506656821
      0.5044562908995748
      0.5034472547194045
      0.5024612266400683
      0.5014990748239242
      0.5005616502887321
      0.4996497861237051
       0.498764296715893
      0.4979059769890733
      0.4970756016573202
      0.4962739244952774
      0.4955016776270996
      0.4947595708358452
      0.4940482908949823
      0.4933685009235486
      0.4927208397663115
      0.4921059214002288
      0.4915243343683583
      0.4909766412423244
      0.4904633781144107
      0.4899850541203257
      0.4895421509937097
      0.4891351226534806
       0.488764394825179
      0.4884303646974977
      0.4881334006152744
        0.48787384181021
      0.4876519981706391
      0.4874681500516317
      0.4873225481266606
      0.4872154132819864
      0.4871469365547521
      0.4871172791156344
      0.4871265722966278
       0.487174917664337
      0.4872623871388317
       0.487389023157824
      0.4875548388856326
        0.48775981846607
      0.4880039173181097
      0.4882870624729145
       0.488609152950569
      0.4889700601746547
      0.4893696284226789
      0.4898076753102114
       0.490283992306606
      0.4907983452800799
      0.4913504750700176
      0.4919400980844179
       0.492566906920454
      0.4932305710062702
      0.4939307372622282
      0.4946670307799032
      0.4954390555172813
      0.4962463950086345
      0.4970886130876543
      0.4979652546224076
      0.4988758462607277
        0.49981989718459
      0.5007968998720053
      0.5018063308648593
      0.5028476515410919
      0.5039203088894881
      0.5050237362853104
      0.5061573542648969
      0.5073205712973452
      0.5085127845513684
       0.509733380655406
      0.5109817364491618
      0.5122572197247942
      0.5135591899561243
      0.5148869990143703
      0.5162399918691249
      0.5176175072734529
       0.519018878432234
       0.520443433653087
      0.5218904969794181
      0.5233593888053433
      0.5248494264724005
       0.526359924848146
      0.5278901968868035
      0.5294395541722681
      0.5310073074437708
      0.5325927671045332
      0.5341952437137517
      0.5358140484621412
      0.5374484936312698
      0.5390978930367737
      0.5407615624555218
      0.5424388200366429
      0.5441289866963249
      0.5458313864962047
      0.5475453470051496
      0.5492701996442079
      0.5510052800145884
       0.552749928208468
      0.5545034891026699
       0.556265312635176
      0.5580347540647053
       0.559811174213635
      0.5615939396947055
       0.563382423122074
      0.5651760033074312
      0.5669740654419346
      0.5687760012648573
      0.5705812092198904
       0.572389094600014
      0.5741990696819085
      0.5760105538508157
      0.5778229737166365
      0.5796357632220814
      0.5814483637434604
      0.5832602241846656
      0.5850708010647123
      0.5868795585991414
      0.5886859687754119
      0.5904895114223899
      0.5922896742738624
      0.5940859530260747
      0.5958778513891412
      0.5976648811322866
      0.5994465621228391
      0.6012224223589603
      0.6029919979962024
      0.6047548333679967
        0.60651048100037
      0.6082585016211821
      0.6099984641643351
      0.6117299457694462
       0.613452531777552
      0.6151658157234698
      0.6168693993253958
      0.6185628924724005
      0.6202459132103512
      0.6219180877268204
      0.6235790503353874
      0.6252284434596816
      0.6268659176173914
      0.6284911314043872
      0.6301037514789081
      0.6317034525457784
      0.6332899173404248
        0.63486283661245
      0.6364219091084452
      0.6379668415537157
      0.6394973486325991
      0.6410131529670254
      0.6425139850931044
      0.6439995834355413
      0.6454696942797491
      0.6469240717416849
       0.648362477735465
       0.649784681938954
      0.6511904617575901
      0.6525796022868069
      0.6539518962734053
      0.6553071440763447
      0.6566451536273673
       0.657965740391883
      0.6592687273304905
      0.6605539448614642
      0.6618212308244411
      0.6630704304454641
      0.6643013963034287
      0.6655139882978776
      0.6667080736180255
      0.6678835267127406
      0.6690402292611966
      0.6701780701438685
      0.6712969454134121
      0.6723967582650934
      0.6734774190063593
      0.6745388450252123
      0.6755809607570917
      0.6766036976500789
      0.6776069941282739
      0.6785907955533264
      0.6795550541841732
      0.6804997291351419
      0.6814247863326177
      0.6823301984705744
      0.6832159449652933
      0.6840820119095958
      0.6849283920269418
      0.6857550846256966
      0.6865620955538478
      0.6873494371543497
      0.6881171282212247
      0.6888651939564659
      0.6895936659276528
      0.6903025820261605
      0.6909919864257033
      0.6916619295409263
       0.692312467985663
      0.6929436645305103
      0.6935555880592608
      0.6941483135238494
      0.6947219218974398
      0.6952765001253323
      0.6958121410734998
      0.6963289434745578
      0.6968270118711477
      0.6973064565567637
      0.6977673935141291
      0.6982099443513725
      0.6986342362362287
      0.6990404018286557
      0.6994285792121465
      0.6997989118241731
      0.7001515483860546
      0.7004866428325817
      0.7008043542416319
      0.7011048467639729
      0.7013882895533118
      0.7016548566966191
      0.7019047271446186
       0.702138084642254
       0.702355117658905
      0.7025560193179833
      0.7027409873256075
      0.7029102238979107
      0.7030639356866438
      0.7032023337026824
      0.7033256332371433
      0.7034340537798476
      0.7035278189349463
       0.703607156333649
      0.7036722975440368
      0.7037234779780692
      0.7037609367959681
      0.7037849168082227
      0.7037956643755642
      0.7037934293072172
      0.7037784647578362
      0.7037510271234777
      0.7037113759369239
      0.7036597737626804
      0.7035964860918397
      0.7035217812369597
      0.7034359302270098
      0.7033392067023584
      0.7032318868096623
      0.7031142490964585
      0.7029865744052078
      0.7028491457664473
      0.7027022482907365
      0.7025461690590212
      0.7023811970111198
        0.70220762283201
      0.7020257388357148
      0.7018358388466085
      0.7016382180781056
      0.7014331730087395
      0.7012210012557621
      0.7010020014464815
      0.7007764730876193
      0.7005447164330647
      0.7003070323503897
      0.7000637221865932
      0.6998150876334553
      0.6995614305929322
      0.6993030530429204
      0.6990402569036928
      0.6987733439052094
      0.6985026154554108
      0.6982283725095282
      0.6979509154403286
      0.6976705439091333
      0.6973875567373802
       0.697102251778433
      0.6968149257893013
      0.6965258743019409
      0.6962353914937784
      0.6959437700571877
      0.6956513010676306
      0.6953582738503366
      0.6950649758453905
        0.69477169247128
      0.6944787069869848
       0.694186300352821
      0.6938947510903548
      0.6936043351417271
      0.6933153257288323
      0.6930279932128151
      0.6927426049543295
       0.692459425175048
      0.6921787148208072
      0.6919007314267798
      0.6916257289849329
      0.6913539578139767
      0.6910856644319233
      0.6908210914312272
      0.6905604773564588
      0.6903040565843324
      0.6900520592058549
      0.6898047109103441
      0.6895622328710059
      0.6893248416318125
      0.6890927489953821
      0.6888661619117064
      0.6886452823675268
      0.6884303072763734
      0.6882214283692629
      0.6880188320862214
      0.6878226994688851
      0.6876332060544995
      0.6874505217717382
      0.6872748108388084
      0.6871062316643636
      0.6869449367517265
      0.6867910726069379
      0.6866447796511053
      0.6865061921374386
      0.6863754380733141
      0.6862526391475962
      0.6861379106633448
      0.6860313614759135
      0.6859330939363842
      0.6858432038401462
      0.6857617803803742
      0.6856889061061094
      0.6856246568845996
      0.6855691018675437
      0.6855223034609323
      0.6854843172982013
      0.6854551922164631
      0.6854349702357019
      0.6854236865408856
      0.6854213694670636
      0.6854280404876159
      0.6854437142059101
       0.685468398350724
      0.6855020937758329
        0.68554479446422
      0.6855964875373853
      0.6856571532702155
      0.6857267651118317
         0.6858052897128
      0.6858926869589977
      0.6859889100122907
      0.6860939053581556
      0.6862076128601839
      0.6863299658213432
      0.6864608910517541
      0.6866003089426477
      0.6867481335461268
      0.6869042726602675
      0.6870686279191266
      0.6872410948871939
      0.6874215631578738
      0.6876099164556371
      0.6878060327415706
      0.6880097843221148
      0.6882210379609206
      0.6884396549937974
      0.6886654914469073
      0.6888983981583161
      0.6891382209032404
      0.6893848005232074
      0.6896379730594995
      0.6898975698911516
      0.6901634178778109
      0.6904353395076406
      0.6907131530504149
      0.6909966727158253
      0.6912857088169283
      0.6915800679385212
       0.691879553110134
      0.6921839639832047
      0.6924930970119353
      0.6928067456372017
      0.6931247004729055
      0.6934467494940715
      0.6937726782260332
      0.6941022699340954
      0.6944353058130557
      0.6947715651761546
      0.6951108256429893
      0.6954528633261665
      0.6957974530164797
      0.6961443683665675
      0.6964933820730768
      0.6968442660574564
      0.6971967916455645
      0.6975507297463056
      0.6979058510295268
      0.6982619261034041
      0.6986187256914538
      0.6989760208093057
      0.6993335829412319
      0.6996911842163397
      0.7000485975842263
      0.7004055969897999
      0.7007619575468199
      0.7011174557096713
      0.7014718694427637
       0.701824978386954
      0.7021765640222923
      0.7025264098264702
      0.7028743014283642
      0.7032200267560819
      0.7035633761790854
       0.703904142644016
      0.7042421218039763
       0.704577112141175
       0.704908915082914
      0.7052373351110908
      0.7055621798653893
      0.7058832602405424
      0.7062003904779542
      0.7065133882521496
      0.7068220747524185
      0.7071262747600182
      0.7074258167212618
      0.7077205328167168
      0.7080102590266679
       0.708294835192873
      0.7085741050765419
      0.7088479164123563
       0.709116120958277
      0.7093785745407878
        0.70963513709517
        0.70988567270041
      0.7101300496083208
      0.7103681402664801
      0.7105998213347032
      0.7108249736948251
      0.7110434824536711
      0.7112552369392527
      0.7114601306903514
      0.7116580614397745
       0.711848931091741
      0.7120326456939149
      0.7122091154047371
      0.7123782544567874
      0.7125399811169174
      0.7126942176439052
      0.7128408902443885
      0.7129799290277574
      0.7131112679605941
      0.7132348448211782
      0.7133506011544359
      0.7134584822275739
      0.7135584369865594
      0.7136504180134394
      0.7137343814844341
      0.7138102871286224
      0.7138780981870196
      0.7139377813718024
      0.7139893068254562
      0.7140326480796653
      0.7140677820138095
      0.7140946888130634
      0.7141133519261995
      0.7141237580232564
      0.7141258969534591
      0.7141197617038599
      0.7141053483592004
       0.714082656063725
      0.7140516869856509
      0.7140124462849863
       0.713964942085522
      0.7139091854516422
       0.713845190370624
      0.7137729737409219
      0.7136925553668837
       0.713603957960102
      0.7135072071475713
      0.7134023314864877
      0.7132893624855816
      0.7131683346325766
      0.7130392854273138
      0.7129022554199963
      0.7127572882539472
       0.712604430712259
      0.7124437327677021
      0.7122752476353776
      0.7120990318275791
       0.711915145210551
      0.7117236510628314
      0.7115246161351023
      0.7113181107115011
      0.7111042086725465
      0.7108829875598863
       0.710654528643121
      0.7104189169890982
      0.7101762415339278
      0.7099265951580782
      0.7096700747647635
      0.7094067813617561
       0.709136820146579
      0.7088603005949926
      0.7085773365523746
      0.7082880463275434
      0.7079925527883333
      0.7076909834581161
      0.7073834706123175
      0.7070701513738853
      0.7067511678066227
      0.7064266670052586
       0.706096801181135
       0.705761727742531
      0.7054216093686341
      0.7050766140764005
      0.7047269152796227
      0.7043726918397523
      0.7040141281081502
      0.7036514139596437
      0.7032847448173614
      0.7029143216690152
      0.7025403510748252
      0.7021630451673772
      0.7017826216436794
       0.701399303749687
        0.70101332025749
      0.7006249054352082
      0.7002342990095939
      0.6998417461211047
      0.6994474972711054
      0.6990518082606695
      0.6986549401203516
      0.6982571590301165
      0.6978587362285905
      0.6974599479107204
      0.6970610751129217
       0.696662403584871
      0.6962642236471511
      0.6958668300341464
       0.695470521721718
      0.6950756017393915
      0.6946823769670534
      0.6942911579163458
      0.6939022584971658
      0.6935159957699397
       0.693132689684438
      0.6927526628061185
      0.6923762400310416
      0.6920037482904444
      0.6916355162460943
      0.6912718739774686
      0.6909131526616838
      0.6905596842470357
      0.6902118011207651
      0.6898698357715745
      0.6895341204471382
      0.6892049868067913
      0.6888827655693193
      0.6885677861557518
      0.6882603763269177
      0.6879608618155363
      0.6876695659526358
      0.6873868092881744
       0.687112909205864
      0.6868481795323991
      0.6865929301414937
      0.6863474665533558
      0.6861120895305036
       0.685887094671067
      0.6856727720009191
      0.6854694055662284
      0.6852772730281131
        0.68509664526124
      0.6849277859581929
      0.6847709512414464
      0.6846263892846792
      0.6844943399450036
      0.6843750344075201
      0.6842686948433268
      0.6841755340818851
       0.684095755298359
      0.6840295517162491
      0.6839771063254343
      0.6839385916154977
      0.6839141693240346
      0.6839039901995632
      0.6839081937785663
      0.6839269081762784
       0.683960249890828
      0.6840083236205745
      0.6840712220945896
      0.6841490259165116
      0.6842418034221965
      0.6843496105518699
      0.6844724907376858
      0.6846104748077816
      0.6847635809080898
      0.6849318144432474
      0.6851151680379171
      0.6853136215198216
        0.68552714192564
      0.6857556835306791
      0.6859991879029881
      0.6862575839822843
      0.6865307881836219
      0.6868187045254681
      0.6871212247813864
      0.6874382286542797
      0.6877695839717498
      0.6881151469009624
      0.6884747621812327
       0.688848263372415
      0.6892354731172472
      0.6896362034158537
      0.6900502559107939
      0.6904774221812918
      0.6909174840455641
       0.691370213870502
      0.6918353748882976
      0.6923127215199717
       0.692801999706022
      0.6933029472446957
       0.693815294138551
      0.6943387629500983
       0.694873069167305
      0.6954179215796328
      0.6959730226651687
      0.6965380689890501
      0.6971127516131381
      0.6976967565164186
      0.6982897650253024
      0.6988914542524363
      0.6995014975423747
      0.7001195649220108
      0.7007453235534495
      0.7013784381867717
      0.7020185716100775
      0.7026653850942294
      0.7033185388298423
      0.7039776923543458
      0.7046425049673036
      0.7053126361325777
      0.7059877458665069
      0.7066674951116839
      0.7073515460965655
      0.7080395626815674
      0.7087312106927716
      0.7094261582447341
      0.7101240760540861
      0.7108246377457945
      0.7115275201538297
      0.7122324036179407
      0.7129389722778329
       0.713646914365676
        0.71435592249736
      0.7150656939622898
      0.7157759310109444
       0.716486341138776
      0.7171966373644557
      0.7179065385000234
      0.7186157694100608
      0.7193240612568425
      0.7200311517282951
      0.7207367852457873
      0.7214407131489798
      0.7221426938555684
       0.722842492994233
      0.7235398835100345
      0.7242346457422469
      0.7249265674755644
      0.7256154439665501
      0.7263010779480259
      0.7269832796148621
      0.7276618665952466
      0.7283366639118882
      0.7290075039378273
      0.7296742263513658
      0.7303366780943585
      0.7309947133373988
      0.7316481934546335
      0.7322969870096749
      0.7329409697529778
      0.7335800246294053
      0.7342140417933151
       0.734842918626907
      0.7354665597561103
      0.7360848770569826
      0.7366977896444268
      0.7373052238341686
      0.7379071130684187
      0.7385033977953889
      0.7390940252931162
      0.7396789494285118
      0.7402581303436052
      0.7408315340623275
      0.7413991320126373
      0.7419609004609965
