                       0
    4.99662666666616e-05
   0.0001997269431944507
      0.0004490676792424
   0.0007977646047684901
    0.001245584371408935
    0.001792284194713898
     0.00243761189722743
    0.003181305952397968
    0.004023095529303934
    0.004962700538177756
    0.005999831676711869
    0.007134190477121008
    0.008365469353947769
    0.009693351652582349
     0.01111751169847089
     0.01263761484699815
     0.01425331753400763
     0.01596426732693268
     0.01777010297651848
     0.01967045446909172
     0.02166494307937543
      0.0237531814237706
     0.02593477351413146
     0.02820931481195486
     0.03057639228297339
     0.03303558445211412
     0.03558646145879744
     0.03822858511252605
     0.04096150894872988
     0.04378477828486304
     0.04669793027666544
     0.04970049397461707
     0.05279199038047381
     0.05597193250392307
     0.05923982541927599
     0.06259516632217922
     0.06603744458630113
     0.06956614181998659
     0.07318073192277315
     0.07688068114185788
     0.08066544812834017
     0.08453448399331971
     0.08848723236373601
      0.0925231294379798
     0.09664160404124246
      0.1008420776804708
       0.105123964599065
      0.1094866718311533
      0.1139295992554873
      0.1184521396488783
      0.1230536787392333
      0.1277335952580718
      0.1324912609925331
      0.1373260408368858
      0.1422372928435034
       0.147224368273241
      0.1522866116452521
      0.1574233607861391
      0.1626339468786075
      0.1679176945094005
      0.1732739217165933
      0.1787019400362417
      0.1842010545484115
      0.1897705639224191
      0.1954097604615652
      0.2011179301469702
       0.206894352680906
      0.2127383015293862
      0.2186490439639514
      0.2246258411029632
      0.2306679479521016
      0.2367746134441275
      0.2429450804781833
      0.2491785859581695
      0.2554743608306952
        0.26183163012233
       0.268249612976064
      0.2747275226875403
      0.2812645667402815
      0.2878599468406706
       0.294512858952135
       0.301222493329131
      0.3079880345502596
      0.3148086615512384
      0.3216835476572684
      0.3286118606149567
      0.3355927626240589
      0.3426254103686933
      0.3497089550483909
       0.356842542408809
       0.364025312772247
      0.3712564010680187
      0.3785349368626769
      0.3858600443901327
      0.3932308425817836
      0.4006464450965809
      0.4081059603513537
      0.4156084915509638
      0.4231531367189303
       0.430738988728108
      0.4383651353317387
      0.4460306591948239
       0.453734637925867
      0.4614761441092758
       0.469254245338001
      0.4770680042470623
      0.4849164785476975
      0.4927987210619899
      0.5007137797587762
      0.5086606977898829
      0.5166385135277844
      0.5246462606040054
      0.5326829679487294
      0.5407476598316181
       0.548839355903597
       0.556957071240339
      0.5650998163869291
      0.5732665974039873
      0.5814564159154542
      0.5896682691578288
      0.5979011500313067
      0.6061540471526358
      0.6144259449096116
      0.6227158235179676
      0.6310226590796625
      0.6393454236438756
      0.6476830852697573
      0.6560346080915117
      0.6643989523860043
      0.6727750746424151
      0.6811619276344865
      0.6895584604954779
       0.697963618795492
      0.7063763446216762
      0.7147955766608475
      0.7232202502854725
      0.7316492976420044
      0.7400816477423059
      0.7485162265582898
      0.7569519571194533
      0.7653877596136109
      0.7738225514905426
      0.7822552475695249
      0.7906847601494005
      0.7991099991225423
       0.807529872092116
      0.8159432844924409
      0.8243491397132761
      0.8327463392274258
      0.8411337827220204
       0.849510368233243
      0.8578749922847418
      0.8662265500297035
      0.8745639353967429
       0.882886041239211
      0.8911917594883637
      0.8994799813104918
      0.9077495972672585
      0.9159994974801597
       0.924228571798608
      0.9324357099718201
      0.9406198018243574
      0.9487797374352893
      0.9569144073209909
      0.9650227026221539
      0.9731035152935148
      0.9811557382980646
      0.9891782658043516
      0.9971699933874096
       1.005129818232797
         1.0130566393453
       1.020949357759135
       1.028806876753277
       1.036628102068872
       1.044411942129966
       1.052157308267798
       1.059863114947843
       1.067528279999794
       1.075151724850063
       1.082732374757491
       1.090269159051642
       1.097761011372964
        1.10520686991622
       1.112605677675893
       1.119956382693633
       1.127257938307451
       1.134509303403487
       1.141709442669351
       1.148857326848611
       1.155951932997373
       1.162992244741861
       1.169977252537237
       1.176905953927583
       1.183777353806291
       1.190590464678015
       1.197344306920227
       1.204037909045925
       1.210670307965736
       1.217240549250719
       1.223747687394791
       1.230190786076577
       1.236568918420989
       1.242881167260361
       1.249126625393564
       1.255304395845834
       1.261413592125321
       1.267453338479843
       1.273422770150885
       1.279321033626342
       1.285147286890589
       1.290900699673299
       1.296580453694842
       1.302185742909294
       1.307715773745199
       1.313169765342631
       1.318546949787318
       1.323846572341286
       1.329067891670267
       1.334210180066758
       1.339272723669835
        1.34425482268006
       1.349155791570786
       1.353974959294866
       1.358711669486307
       1.363365280657709
       1.367935166392304
        1.37242071553093
       1.376821332354078
        1.38113643675823
       1.385365464426552
       1.389507866994233
       1.393563112208025
       1.397530684078846
       1.401410083029981
        1.40520082603754
       1.408902446765443
       1.412514495694007
       1.416036540241653
       1.419468164879912
       1.422808971242717
       1.426058578227566
       1.429216622091063
       1.432282756536847
       1.435256652796633
       1.438137999704783
       1.440926503765269
       1.443621889211835
       1.446223898060997
       1.448732290157811
       1.451146843215123
       1.453467352844516
       1.455693632581194
        1.45782551390122
       1.459862846231931
       1.461805496954907
       1.463653351401854
        1.46540631284398
       1.467064302473725
       1.468627259379903
       1.470095140515958
       1.471467920661086
       1.472745592375182
       1.473928165945946
       1.475015669330669
       1.476008148090847
       1.476905665320105
       1.477708301566233
       1.478416154746384
       1.479029340057213
       1.479547989877378
       1.479972253665431
        1.48030229785136
       1.480538305722044
       1.480680477302246
        1.48072902922875
       1.480684194620178
       1.480546222941585
       1.480315379863011
       1.479991947114405
       1.479576222335069
        1.47906851891855
       1.478469165853075
       1.477778507557957
       1.476996903714973
       1.476124729097019
       1.475162373391447
       1.474110241020864
       1.472968750959592
       1.471738336547032
       1.470419445297685
        1.46901253870804
       1.467518092060639
       1.465936594225144
       1.464268547456649
       1.462514467192043
       1.460674881843308
       1.458750332589035
       1.456741373163891
        1.45464856964623
        1.45247250024335
       1.450213755076341
       1.447872935961996
       1.445450656194804
       1.442947540326733
       1.440364223946261
       1.437701353456811
        1.43495958585413
       1.432139588502991
       1.429242038913239
       1.426267624516047
       1.423217042438954
       1.420090999281873
       1.416890210891945
       1.413615402139109
       1.410267306691726
       1.406846666792783
       1.403354233035836
       1.399790764142116
       1.396157026737631
       1.392453795131551
       1.388681851095435
       1.384841983642312
       1.380934988808149
       1.376961669433541
       1.372922834946739
       1.368819301147784
        1.36465188999437
       1.360421429388526
       1.356128752965156
       1.351774699881944
       1.347360114610657
       1.342885846730737
       1.338352750723814
       1.333761685770353
       1.329113515548045
       1.324409108032333
       1.319649335298464
       1.314835073325659
       1.309967201803239
       1.305046603938936
       1.300074166269069
        1.29505077847108
       1.289977333178219
       1.284854725795801
       1.279683854320816
       1.274465619162447
       1.269200922966106
       1.263890670439019
       1.258535768177872
        1.25313712449978
       1.247695649274689
       1.242212253760357
       1.236687850439763
       1.231123352860973
       1.225519675479418
       1.219877733502129
       1.214198442734867
        1.20848271943155
       1.202731480145566
       1.196945641584124
       1.191126120464616
       1.185273833373424
       1.179389696627333
       1.173474626136684
       1.167529537271794
       1.161555344730582
       1.155552962409951
       1.149523303277895
       1.143467279249368
       1.137385801063308
       1.131279778162587
       1.125150118576085
       1.118997728802921
       1.112823513699051
       1.106628376365714
       1.100413218040355
       1.094178937989561
       1.087926433404436
       1.081656599297577
       1.075370328402609
        1.06906851107535
       1.062752035197275
       1.056421786080971
       1.050078646377093
       1.043723495984243
       1.037357211959772
       1.030980668432855
       1.024594736519516
       1.018200284239399
       1.011798176434246
       1.005389274688235
      0.9989744372495126
      0.9925545189547176
       0.986130371153499
      0.9797028416359608
      0.9732727745610907
      0.9668410103870386
       0.960408385802439
       0.953975733659749
      0.9475438829098086
       0.941113658537825
      0.9346858815009795
      0.9282613686667893
      0.9218409327536419
      0.9154253822717869
      0.9090155214664488
      0.9026121502611968
      0.8962160642031609
      0.8898280544096211
      0.8834489075146781
      0.8770794056183979
      0.8707203262356122
      0.8643724422469495
      0.8580365218501957
      0.8517133285127096
      0.8454036209249831
      0.8391081529549657
      0.8328276736030494
      0.8265629269586168
      0.8203146521563439
      0.8140835833344336
      0.8078704495926839
       0.801675974951821
      0.7955008783134642
      0.7893458734206517
      0.7832116688190954
      0.7770989678191892
      0.7710084684583834
      0.7649408634644631
      0.7588968402191953
       0.752877080722483
       0.746882261557288
      0.7409130538547807
       0.734970123260081
      0.7290541298988631
      0.7231657283435872
      0.7173055675809046
      0.7114742909791471
      0.7056725362562842
      0.6999009354482442
      0.6941601148777466
      0.6884506951233089
      0.6827732909886602
      0.6771285114725287
       0.671516959738773
      0.6659392330867513
       0.660395922922077
      0.6548876147275419
      0.6494148880345995
      0.6439783163947487
      0.6385784673515651
      0.6332159024127026
      0.6278911770224863
      0.6226048405342294
       0.617357436183461
      0.6121495010610614
      0.6069815660864227
      0.6018541559813662
      0.5967677892438473
      0.5917229781223931
       0.586720228590269
      0.5817600403201589
      0.5768429066590651
      0.5719693146034668
      0.5671397447746488
      0.5623546713945481
      0.5576145622613653
      0.5529198787259608
      0.5482710756681936
      0.5436686014736157
      0.5391128980105173
        0.53460440060713
      0.5301435380292306
      0.5257307324579247
       0.521366399467848
      0.5170509480057238
      0.5127847803689627
      0.5085682921850342
      0.5044018723906951
      0.5002859032118254
      0.4962207601437129
      0.4922068119314474
       0.488244420550876
       0.484333941189803
      0.4804757222297739
      0.4766701052279786
      0.4729174248999239
      0.4692180091021512
      0.4655721788157233
      0.4619802481298412
      0.4584425242262054
      0.4549593073636745
      0.4515308908634229
      0.4481575610945357
      0.4448395974603478
      0.4415772723848591
      0.4383708513000305
      0.4352205926335306
      0.4321267477969264
      0.4290895611744971
      0.4261092701124165
      0.4231861049089147
      0.4203202888046544
      0.4175120379738402
      0.4147615615158056
      0.4120690614475623
      0.4094347326962925
      0.4068587630932381
      0.4043413333676815
      0.4018826171418011
       0.399482780926072
       0.397141984115431
      0.3948603789859811
      0.3926381106924841
      0.3904753172664526
      0.3883721296149233
      0.3863286715199735
      0.3843450596388764
      0.3824214035049791
      0.3805578055293737
      0.3787543610030726
      0.3770111581001112
      0.3753282778812052
      0.3737057942982859
      0.3721437741996751
      0.3706422773358693
      0.3692013563663437
      0.3678210568667666
      0.3665014173372654
      0.3652424692111559
      0.3640442368645347
      0.3629067376266182
      0.3618299817907165
      0.3608139726261613
      0.3598587063906202
      0.3589641723435479
       0.358130352760023
      0.3573572229454503
      0.3566447512511161
      0.3559928990902538
      0.3554016209548401
      0.3548708644333852
      0.3544005702290524
      0.3539906721786948
      0.3536410972726771
      0.3533517656751246
      0.3531225907451607
      0.3529534790585875
      0.3528443304303365
      0.3527950379377336
      0.3528054879441854
      0.3528755601236104
      0.3530051274857294
      0.3531940564015992
      0.3534422066301908
       0.353749431345257
      0.3541155771630546
      0.3545404841706322
      0.3550239859545836
      0.3555659096305853
      0.3561660758733485
      0.3568242989471836
      0.3575403867373372
       0.358314140781514
      0.3591453563022475
      0.3600338222396769
      0.3609793212847891
       0.361981629913293
       0.363040518420001
      0.3641557509535561
      0.3653270855518125
      0.3665542741775059
      0.3678370627545902
      0.3691751912048695
      0.3705683934850914
      0.3720163976244919
      0.3735189257627928
      0.3750756941885665
      0.3766864133779454
      0.3783507880338578
      0.3800685171254746
      0.3818392939281068
      0.3836628060635186
      0.3855387355404123
       0.387466758795403
      0.3894465467342941
      0.3914777647735634
      0.3935600728823041
      0.3956931256243056
      0.3978765722005712
      0.4001100564920791
      0.4023932171026339
      0.4047256874022326
      0.4071070955705929
      0.4095370646409037
      0.4120152125436977
      0.4145411521513176
      0.4171144913221229
      0.4197348329453592
       0.422401774985965
      0.4251149105296304
      0.4278738278282244
      0.4306781103451283
      0.4335273368011361
       0.436421081220125
      0.4393589129752548
      0.4423403968351884
      0.4453650930106087
      0.4484325572006543
       0.451542340639906
      0.4546939901451897
      0.4578870481627903
      0.4611210528158479
      0.4643955379516507
      0.4677100331894566
      0.4710640639682472
      0.4744571515947428
      0.4778888132916592
      0.4813585622460162
      0.4848659076576819
      0.4884103547881048
        0.49199140500926
      0.4956085558529004
      0.4992613010596351
      0.5029491306286418
      0.5066715308673506
      0.5104279844414231
      0.5142179704248787
      0.5180409643506682
      0.5218964382611742
      0.5257838607591323
      0.5297026970587815
      0.5336524090374766
      0.5376324552872165
      0.5416422911666158
      0.5456813688531814
      0.5497491373960389
      0.5538450427687389
      0.5579685279223415
      0.5621190328391164
      0.5662959945864651
      0.5704988473711651
      0.5747270225939181
      0.5789799489044177
      0.5832570522567224
      0.5875577559651932
      0.5918814807605516
      0.5962276448467516
      0.6005956639579911
      0.6049849514161529
      0.6093949181891533
      0.6138249729493278
      0.6182745221324408
      0.6227429699972382
      0.6272297186855951
      0.6317341682831092
      0.6362557168802153
      0.6407937606339533
      0.6453476938303786
      0.6499169089472164
      0.6545007967174894
      0.6590987461935216
      0.6637101448119329
      0.6683343784585003
      0.6729708315345468
      0.6776188870234287
      0.6822779265577434
      0.6869473304872804
      0.6916264779477712
      0.6963147469299855
      0.7010115143498959
      0.7057161561192928
      0.7104280472170517
      0.7151465617613163
       0.719871073082215
      0.7246009537952752
      0.7293355758757256
      0.7340743107333415
      0.7388165292879503
      0.7435616020458814
      0.7483088991769415
      0.7530577905920337
      0.7578076460217104
      0.7625578350952734
      0.7673077274203904
       0.772056692663785
      0.7768041006322004
      0.7815493213544089
      0.7862917251636474
      0.7910306827805312
      0.7957655653969331
      0.8004957447603696
      0.8052205932589324
      0.8099394840067724
      0.8146517909301483
      0.8193568888543291
      0.8240541535906285
      0.8287429620240792
      0.8334226922016579
      0.8380927234210375
      0.8427524363197323
      0.8474012129645404
      0.8520384369416923
      0.8566634934469536
      0.8612757693766179
      0.8658746534183545
       0.870459536142554
      0.8750298100940742
      0.8795848698838983
      0.8841241122814084
      0.8886469363065648
      0.8931527433223293
      0.8976409371271102
      0.9021109240476383
      0.9065621130315705
      0.9109939157401122
      0.9154057466408958
      0.9197970231005922
       0.924167165477616
      0.9285155972146574
      0.9328417449312471
      0.9371450385156671
      0.9414249112173873
      0.9456807997385478
      0.9499121443259696
      0.9541183888620379
      0.9582989809560566
       0.962453372034601
       0.966581017431819
      0.9706813764793762
      0.9747539125958982
      0.9787980933757595
      0.9828133906776897
      0.9867992807125989
      0.9907552441307593
      0.9946807661091045
      0.9985753364368536
       1.002438449601526
        1.00626960487363
       1.010068306390642
       1.013834063240997
       1.017566389546698
       1.021264804545303
       1.024928832671075
       1.028558003635917
       1.032151852508436
       1.035709919793482
       1.039231751509621
       1.042716899266591
       1.046164920341699
       1.049575377754897
       1.052947840343685
       1.056281882836392
       1.059577085925042
        1.06283303633698
       1.066049326905822
       1.069225556641189
       1.072361330797426
       1.075456260941953
       1.078509965021658
       1.081522067428889
       1.084492199066609
       1.087419997411956
       1.090305106579463
       1.093147177382187
       1.095945867393383
        1.09870084100535
       1.101411769488605
       1.104078331049094
       1.106700210885137
       1.109277101242347
       1.111808701468231
       1.114294718065418
       1.116734864743421
       1.119128862469997
       1.121476439520731
       1.123777331527588
       1.126031281526674
       1.128238040004663
       1.130397364943514
       1.132509021864697
        1.13457278387205
          1.136588431693
       1.138555753719015
       1.140474546044494
       1.142344612504582
       1.144165764711676
       1.145937822090029
       1.147660611909882
       1.149333969319847
       1.150957737377612
        1.15253176707989
       1.154055917389821
       1.155530055264659
       1.156954055679908
       1.158327801653399
        1.15965118426752
       1.160924102689595
       1.162146464190499
       1.163318184162302
       1.164439186133789
       1.165509401784255
       1.166528770955908
       1.167497241663882
       1.168414770105328
       1.169281320666214
       1.170096865925837
       1.170861386660414
       1.171574871844075
       1.172237318648141
        1.17284873243855
       1.173409126770717
       1.173918523382989
       1.174376952188049
       1.174784451261632
       1.175141066829726
       1.175446853253054
       1.175701873010057
       1.175906196676975
       1.176059902906398
       1.176163078403241
       1.176215817897855
        1.17621822411831
       1.176170407759108
       1.176072487447802
        1.17592458970986
       1.175726848930803
       1.175479407316026
       1.175182414848062
       1.174836029242142
       1.174440415898854
       1.173995747854688
       1.173502205729921
       1.172959977674725
       1.172369259312586
       1.171730253681377
       1.171043171172362
       1.170308229466707
       1.169525653469931
       1.168695675244026
       1.167818533936997
       1.166894475710922
       1.165923753667323
       1.164906627770892
       1.163843364770426
       1.162734238118436
       1.161579527888219
       1.160379520689262
       1.159134509580898
       1.157844793983811
       1.156510679589626
       1.155132478268978
       1.153710507978331
       1.152245092664132
       1.150736562166033
       1.149185252119267
       1.147591503854095
       1.145955664294955
       1.144278085858173
       1.142559126348222
       1.140799148852993
       1.138998521638122
       1.137157618039826
        1.13527681635723
       1.133356499743897
       1.131397056098557
        1.12939887795493
       1.127362362371054
       1.125287910818178
       1.123175929069038
       1.121026827086446
       1.118841018910425
       1.116618922546198
        1.11436095985159
       1.112067556424664
       1.109739141491139
        1.10737614779182
       1.104979011471075
        1.10254817196483
       1.100084071889023
       1.097587156928905
       1.095057875728494
       1.092496679780855
       1.089904023319255
       1.087280363208521
       1.084626158837593
       1.081941872013169
        1.07922796685383
       1.076484909685446
       1.073713168937682
       1.070913215041676
       1.068085520328915
       1.065230558930886
       1.062348806680711
       1.059440741015926
       1.056506840882483
       1.053547586640343
       1.050563459970082
       1.047554943782149
       1.044522522126286
       1.041466680103889
       1.038387903780513
       1.035286680101265
       1.032163496807385
       1.029018842354474
       1.025853205832403
       1.022667076887031
       1.019460945643862
       1.016235302632805
       1.012990638715233
       1.009727445012638
       1.006446212837076
       1.003147433623014
      0.9998315988611748
      0.9964992000342152
      0.9931507285537273
      0.9897866756993077
      0.9864075325587638
      0.9830137899706592
       0.979605938467526
      0.9761844682220122
      0.9727498689930851
      0.9693026300746459
      0.9658432402456127
      0.9623721877210734
      0.9588899601053893
      0.9553970443458946
      0.9518939266887363
      0.9483810926357017
      0.9448590269019812
      0.9413282133758587
      0.9377891350788556
      0.9342422741273382
      0.9306881116953294
      0.9271271279777118
      0.9235598021551065
      0.9199866123595258
      0.9164080356402687
      0.9128245479314655
      0.9092366240198143
      0.9056447375132447
      0.9020493608098753
      0.8984509650681469
      0.8948500201769796
      0.8912469947266252
      0.8876423559795926
       0.884036569842609
      0.8804301008384264
      0.8768234120776008
      0.8732169652311967
      0.8696112205031593
      0.8660066366032303
      0.8624036707190983
       0.858802778489659
       0.855204413977164
      0.8516090296401878
      0.8480170763063386
       0.844429003143785
      0.8408452576345881
      0.8372662855456032
      0.8336925309005853
       0.830124435951769
      0.8265624411502984
      0.8230069851173955
      0.8194585046143427
      0.8159174345125711
      0.8123842077624699
      0.8088592553628978
      0.8053430063292791
      0.8018358876613896
       0.798338324310861
      0.7948507391477215
      0.7913735529269917
      0.7879071842538806
      0.7844520495493219
       0.781008563014243
      0.7775771365934402
      0.7741581799391212
      0.7707521003735478
      0.7673593028514829
      0.7639801899216611
       0.760615161688141
      0.7572646157706778
      0.7539289472649786
      0.7506085487022753
      0.7473038100084114
      0.7440151184622955
      0.7407428586543303
      0.7374874124439208
      0.7342491589169793
      0.7310284743426607
      0.7278257321298924
      0.7246413027836071
      0.7214755538608552
      0.7183288499259661
      0.7152015525061509
      0.7120940200466773
      0.7090066078657691
      0.7059396681093969
      0.7028935497060826
