                       0
   2.733814775688148e-05
   0.0001095305868874026
   0.0002469266441045358
   0.0004397900713038899
   0.0006883001773156716
   0.0009925538591357337
    0.001352568484808538
    0.001768285562851458
     0.00223957511806814
    0.002766240680513457
    0.003348024783556904
    0.003984614858707862
    0.004675649409313007
    0.005420724342550865
    0.006219399339390548
    0.007071204145331328
    0.007975644670707844
    0.008932208797945722
    0.009940371804130552
     0.01099960132028778
     0.01210936176345388
     0.01326911819351684
     0.01447833956341974
     0.01573650134814312
     0.01704308755440997
     0.01839759212875951
     0.01979951979606397
     0.02124838637331588
      0.0227437186141666
     0.02428505364808493
     0.02587193808385658
     0.02750392685042162
     0.02918058184877573
     0.03090147048691499
      0.0326661641658165
     0.03447423677848967
     0.03632526327655083
     0.03821881834992007
      0.0401544752556058
     0.04213180482145937
     0.04415037464074849
     0.04620974846372149
     0.04830948578347404
     0.05044914160550372
     0.05262826638378679
      0.0548464061010165
     0.05710310246697178
      0.0593978932068876
     0.06173031241103284
     0.06409989091745488
     0.06650615670179959
      0.0689486352511053
     0.07142684990222321
     0.07394032212982662
     0.07648857177359533
     0.07907111719881445
     0.08168747538908813
     0.08433716197399908
     0.08701969119807203
     0.08973457584030672
     0.09248132709563177
     0.09525945443098205
     0.09806846542917022
      0.1009078656334833
      0.1037771584049586
        0.10667584480277
      0.1096034234961052
      0.1125593907136025
        0.11554324023386
      0.1185544634179992
      0.1215925492827951
      0.1246569846106546
      0.1277472540908152
      0.1308628404846917
      0.1340032248072328
      0.1371678865155923
      0.1403563036964574
      0.1435679532436877
      0.1468023110188318
      0.1500588519882201
      0.1533370503317535
      0.1566363795201738
      0.1599563123592115
      0.1632963210007769
       0.166655876922829
      0.1700344508810143
      0.1734315128363126
      0.1768465318637641
      0.1802789760479109
      0.1837283123708212
      0.1871940065984331
      0.1906755231706166
      0.1941723250996672
      0.1976838738810454
      0.2012096294193323
      0.2047490499711531
      0.2083015921057316
      0.2118667106828304
      0.2154438588466443
      0.2190324880336998
      0.2226320479918913
      0.2262419868075942
      0.2298617509375386
      0.2334907852420873
       0.237128533016828
      0.2407744360199085
       0.244427934492874
      0.2480884671736106
       0.251755471300658
      0.2554283826088827
      0.2591066353171827
      0.2627896621096393
      0.2664768941119324
      0.2701677608653258
      0.2738616903007385
      0.2775581087156122
      0.2812564407559797
      0.2849561094062372
      0.2886565359885093
      0.2923571401731805
      0.2960573400016692
      0.2997565519217441
      0.3034541908353365
      0.3071496701581136
      0.3108424018896089
       0.314531796692292
      0.3182172639775895
      0.3218982119967688
       0.325574047934547
      0.3292441780031792
      0.3329080075350894
      0.3365649410726041
      0.3402143824530965
      0.3438557348891116
      0.3474884010428282
       0.351111783095077
      0.3547252828094173
      0.3583283015923951
      0.3619202405511729
      0.3655005005502214
      0.3690684822688271
      0.3726235862613202
      0.3761652130217909
       0.379692763054984
      0.3832056369549049
      0.3867032354923066
      0.3901849597118293
      0.3936502110394731
      0.3970983914002449
      0.4005289033460135
      0.4039411501927541
      0.4073345361664997
      0.4107084665567619
      0.4140623478764323
      0.4173955880266784
       0.420707596465744
      0.4239977843804676
      0.4272655648595896
      0.4305103530680406
        0.43373156642182
      0.4369286247631831
      0.4401009505362404
      0.4432479689633724
      0.4463691082229644
      0.4494637996293472
      0.4525314778158748
      0.4555715809219205
      0.4585835507851716
      0.4615668331396798
      0.4645208778210204
      0.4674451389786707
      0.4703390752963731
        0.47320215022053
      0.4760338321964559
      0.4788335949121307
      0.4816009175489263
       0.484335285038333
      0.4870361883237718
      0.4897031246262584
      0.4923355977127067
      0.4949331181658237
      0.4974952036542137
       0.500021379201794
      0.5025111774556337
      0.5049641389513948
      0.5073798123761374
      0.5097577548280143
       0.512097532073026
      0.5143987187990451
      0.5166608988673994
      0.5188836655626988
      0.5210666218414625
      0.5232093805804182
      0.5253115648249518
       0.527372808038573
      0.5293927543538905
      0.5313710588254015
      0.5333073876844757
      0.5352014185964572
      0.5370528409197743
      0.5388613559666572
      0.5406266772647872
      0.5423485308193354
      0.5440266553743226
       0.545660802672477
       0.547250737712493
      0.5487962390026937
      0.5502970988103533
      0.5517531234054642
      0.5531641332984679
      0.5545299634714773
      0.5558504636023455
      0.5571254982815199
      0.5583549472216098
      0.5595387054598784
      0.5606766835539219
      0.5617688077707373
      0.5628150202698897
       0.563815279281096
      0.5647695592767276
      0.5656778511395937
      0.5665401623264924
      0.5673565170272814
       0.568126956320011
      0.5688515383216262
      0.5695303383342045
      0.5701634489859957
      0.5707509803668539
      0.5712930601573527
      0.5717898337508335
      0.5722414643672543
      0.5726481331585147
      0.5730100393040031
      0.5733274000959394
      0.5736004510136533
      0.5738294457867834
      0.5740146564464188
      0.5741563733647351
      0.5742549052827409
      0.5743105793265659
      0.5743237410124461
      0.5742947542409731
      0.5742240012813039
       0.574111882745645
      0.5739588175549429
       0.573765242896024
      0.5735316141709919
      0.5732584049391463
      0.5729461068516952
      0.5725952295793331
      0.5722063007328478
      0.5717798657763011
      0.5713164879326604
      0.5708167480811454
      0.5702812446460227
      0.5697105934758229
      0.5691054277125168
      0.5684663976497363
      0.5677941705797172
      0.5670894306277533
      0.5663528785742217
      0.5655852316634414
      0.5647872233992405
      0.5639596033270577
      0.5631031368026493
      0.5622186047475808
      0.5613068033916623
       0.560368544002834
      0.5594046526048443
       0.558415969683196
      0.5574033498796623
       0.556367661675902
      0.5553097870662949
      0.5542306212201948
      0.5531310721337095
      0.5520120602708115
      0.5508745181932903
      0.5497193901796278
      0.5485476318316277
      0.5473602096685606
      0.5461581007078324
      0.5449422920315431
      0.5437137803379684
      0.5424735714772938
      0.5412226799708714
      0.5399621285133369
      0.5386929474571543
      0.5374161742793412
      0.5361328530300721
       0.534844033763322
      0.5335507719495423
      0.5322541278711027
      0.5309551660002404
      0.5296549543610048
      0.5283545638749798
      0.5270550676919915
       0.525757540506296
      0.5244630578588436
      0.5231726954261744
      0.5218875282966304
      0.5206086302339836
      0.5193370729290611
        0.51807392523929
      0.5168202524165231
      0.5155771153231142
      0.5143455696361222
      0.5131266650399622
      0.5119214444073348
      0.5107309429688209
      0.5095561874712838
      0.5083981953256386
      0.5072579737447448
      0.5061365188722297
       0.505034814903391
      0.5039538331997234
      0.5028945313985846
      0.5018578525198795
      0.5008447240719642
      0.4998560571589011
      0.4988927455915354
      0.4979556650048382
      0.4970456719840199
      0.4961636032019785
      0.4953102745706045
      0.4944864804082316
      0.4936929926256272
      0.4929305599328521
      0.4921999070687135
      0.4915017340550585
      0.4908367154774672
      0.4902054997941689
      0.4896087086747083
        0.48904693636985
      0.4885207491142262
      0.4880306845631441
      0.4875772512649882
      0.4871609281707993
      0.4867821641823784
      0.4864413777406182
      0.4861389564554593
      0.4858752567792738
      0.4856506037250585
      0.4854652906310482
      0.4853195789732485
      0.4852136982271308
      0.4851478457797262
      0.4851221868929552
      0.4851368547189979
      0.4851919503679927
      0.4852875430282759
      0.4854236701386759
      0.4856003376124906
      0.4858175201120579
      0.4860751613725961
      0.4863731745738652
      0.4867114427576218
      0.4870898192889822
      0.4875081283591402
      0.4879661655274095
      0.4884636982997465
      0.4890004667414851
      0.4895761841216505
      0.4901905375865513
      0.4908431888600374
      0.4915337749684008
      0.4922619089875609
      0.4930271808105035
      0.4938291579331078
      0.4946673862563481
      0.4955413909030547
      0.4964506770474637
       0.497394730755901
      0.4983730198364832
      0.4993849946963168
      0.5004300892041686
      0.5015077215566475
      0.5026172951458761
       0.503758199426622
      0.5049298107807334
      0.5061314933767207
      0.5073626000223412
      0.5086224730080274
       0.509910444939273
      0.5112258395558141
      0.5125679725360224
      0.5139361522847871
      0.5153296807034283
      0.5167478539406205
      0.5181899631231983
      0.5196552950662019
      0.5211431329616862
      0.5226527570459888
      0.5241834452453321
      0.5257344737999575
      0.5273051178669621
      0.5288946521020345
      0.5305023512206504
      0.5321274905389539
      0.5337693464948257
      0.5354271971493227
      0.5371003226689703
       0.538788005788981
      0.5404895322573687
       0.542204191260507
      0.5439312758295003
      0.5456700832276572
      0.5474199153190333
      0.5491800789176525
      0.5509498861175121
      0.5527286546034719
      0.5545157079427456
      0.5563103758575156
       0.558111994478757
      0.5599199065817083
       0.561733461803498
      0.5635520168438254
      0.5653749356490811
      0.5672015895811887
      0.5690313575719758
      0.5708636262640476
      0.5726977901392495
      0.5745332516358981
      0.5763694212553854
      0.5782057176595039
      0.5800415677591488
      0.5818764067949129
      0.5837096784105262
      0.5855408347193037
      0.5873693363641233
      0.5891946525710675
      0.5910162611967902
      0.5928336487699263
      0.5946463105260191
      0.5964537504365837
      0.5982554812317683
      0.6000510244165979
      0.6018399102812789
      0.6036216779050986
      0.6053958751546206
      0.6071620586760231
      0.6089197938821111
      0.6106686549347068
      0.6124082247224496
      0.6141380948351267
       0.615857865534483
      0.6175671457231128
      0.6192655529110428
      0.6209527131813586
      0.6226282611549876
      0.6242918399551948
      0.6259431011722331
      0.6275817048283998
      0.6292073193432085
      0.6308196214995249
      0.6324182964096807
      0.6340030374819281
      0.6355735463868374
      0.6371295330234414
      0.6386707154845239
        0.64019682002086
      0.6417075810044202
      0.6432027408896945
      0.6446820501733443
      0.6461452673521362
      0.6475921588786677
      0.6490224991156696
      0.6504360702884566
      0.6518326624360964
      0.6532120733615614
      0.6545741085812642
      0.6559185812743837
      0.6572453122325386
      0.6585541298099548
      0.6598448698748127
      0.6611173757619293
      0.6623714982269672
      0.6636070954024061
      0.6648240327553999
      0.6660221830473561
      0.6672014262949582
       0.668361649732773
      0.6695027477768172
       0.670624621988667
      0.6717271810401421
      0.6728103406777316
      0.6738740236865353
      0.6749181598533678
      0.6759426859288908
      0.6769475455881888
      0.6779326893900164
       0.678898074734644
      0.6798436658200303
      0.6807694335968519
      0.6816753557224612
      0.6825614165140044
      0.6834276069009767
      0.6842739243778031
      0.6851003729564522
      0.6859069631196789
      0.6866937117748559
      0.6874606422088817
      0.6882077840441569
      0.6889351731956017
       0.689642851828686
      0.6903308683184722
      0.6909992772090412
      0.6916481391735472
      0.6922775209739428
       0.692887495420402
       0.693478141329924
      0.6940495434837106
      0.6946017925827283
      0.6951349852016792
      0.6956492237404185
      0.6961446163734298
      0.6966212769967023
      0.6970793251722018
      0.6975188860703428
      0.6979400904101205
      0.6983430743978318
      0.6987279796638785
      0.6990949531989511
      0.6994441472890524
      0.6997757194503231
      0.7000898323636197
      0.7003866538092663
      0.7006663566019783
      0.7009291185262367
      0.7011751222718527
      0.7014045553698641
      0.7016176101284043
      0.7018144835681861
       0.701995377357695
      0.7021604977470044
       0.702310055500596
      0.7024442658280893
      0.7025633483130475
      0.7026675268390892
      0.7027570295133811
      0.7028320885871069
      0.7028929403728675
      0.7029398251589543
      0.7029729871207184
      0.7029926742290121
      0.7029991381560238
      0.7029926341789104
      0.7029734210813193
      0.7029417610533956
      0.7028979195903131
      0.7028421653901167
      0.7027747702506327
      0.7026960089659278
      0.7026061592224894
      0.7025055014949406
      0.7023943189413799
      0.7022728972981984
      0.7021415247741669
      0.7020004919432912
        0.70185009163659
      0.7016906188318041
      0.7015223705412238
      0.7013456456969981
      0.7011607450336046
      0.7009679709674391
      0.7007676274732295
      0.7005600199571046
      0.7003454551265753
      0.7001242408573405
      0.6998966860571573
      0.6996631005272873
       0.699423794821322
      0.6991790801025991
      0.6989292679997438
      0.6986746704616218
      0.6984155996112299
      0.6981523675997428
      0.6978852864603392
      0.6976146679623444
      0.6973408234657915
       0.697064063776393
      0.6967846990007933
      0.6965030384020253
      0.6962193902551703
      0.6959340617023564
      0.6956473586075543
      0.6953595854101582
      0.6950710449775204
      0.6947820384558741
      0.6944928651196653
      0.6942038222188822
      0.6939152048246462
      0.6936273056727766
      0.6933404150057993
      0.6930548204133966
        0.69277080667179
      0.6924886555823896
      0.6922086458103256
      0.6919310527231042
      0.6916561482301545
      0.6913842006236789
      0.6911154744213136
       0.690850230210952
      0.6905887244980579
      0.6903312095559244
      0.6900779332787316
      0.6898291390377528
      0.6895850655404281
      0.6893459466924319
      0.6891120114624451
      0.6888834837494163
      0.6886605822521474
      0.6884435203408377
      0.6882325059306976
      0.6880277413570455
      0.6878294232520871
      0.6876377424235007
      0.6874528837344742
       0.687275025985937
       0.687104341800901
       0.686940997511361
      0.6867851530483922
      0.6866369618357988
      0.6864965706878668
      0.6863641197118259
      0.6862397422155802
      0.6861235646211514
       0.686015706384277
      0.6859162799206194
      0.6858253905386611
      0.6857431363794324
      0.6856696083633861
      0.6856048901439686
      0.6855490580680066
      0.6855021811424444
      0.6854643210072502
      0.6854355319140968
      0.6854158607104712
      0.6854053468289149
      0.6854040222808921
      0.6854119116551873
      0.6854290321208919
      0.6854553934343204
      0.6854909979504398
      0.6855358406385711
      0.6855899091028334
      0.6856531836072914
      0.6857256371065296
      0.6858072352818189
      0.6858979365831499
      0.6859976922778714
      0.6861064465060148
       0.686224136342622
      0.6863506918673487
      0.6864860362414217
      0.6866300857919543
      0.6867827501033299
      0.6869439321157825
      0.6871135282303533
      0.6872914284203089
      0.6874775163480226
      0.6876716694872484
      0.6878737592498148
      0.6880836511164274
      0.6883012047710669
      0.6885262742383784
      0.6887587080237554
      0.6889983492559109
      0.6892450358315122
      0.6894986005621346
      0.6897588713229963
      0.6900256712044254
      0.6902988186651215
      0.6905781276885046
      0.6908634079415611
      0.6911544649370556
      0.6914511001986176
      0.6917531114295667
      0.6920602926850024
      0.6923724345474594
      0.6926893243058549
      0.6930107461373912
      0.6933364812922201
      0.6936663082805513
      0.6940000030610991
      0.6943373392309226
      0.6946780882155115
      0.6950220194588019
      0.6953689006121878
      0.6957184977219548
      0.6960705754148871
       0.696424897080985
        0.69678122505361
      0.6971393207863721
      0.6974989450266212
      0.6978598579858921
       0.698221819507014
      0.6985845892282446
      0.6989479267447904
      0.6993115917676951
      0.6996753442808838
      0.7000389446960554
      0.7004021540064922
      0.7007647339391531
      0.7011264471057786
      0.7014870571527397
      0.7018463289098268
      0.7022040285373014
      0.7025599236715456
      0.7029137835684151
      0.7032653792442217
      0.7036144836135438
      0.7039608716236513
      0.7043043203848881
       0.704644609296463
      0.7049815201673245
      0.7053148373321119
      0.7056443477613015
      0.7059698411661737
      0.7062911100980264
      0.7066079500423748
      0.7069201595078347
      0.7072275401105016
       0.707529896653994
      0.7078270372058242
      0.7081187731707146
      0.7084049193609104
      0.7086852940644917
       0.708959719112046
      0.7092280199415217
      0.7094900256623321
      0.7097455691180473
      0.7099944869481594
      0.7102366196487274
      0.7104718116316152
      0.7106999112819382
       0.710920771013772
       0.711134247323173
      0.7113402008386394
      0.7115384963682884
      0.7117290029436847
      0.7119115938597932
      0.7120861467112737
      0.7122525434248584
      0.7124106702880715
      0.7125604179743552
      0.7127016815650716
      0.7128343605689202
      0.7129583589391975
      0.7130735850894507
      0.7131799519082644
       0.713277376773876
      0.7133657815689873
      0.7134450926965422
      0.7135152410966172
      0.7135761622652131
      0.7136277962745163
      0.7136700877953088
      0.7137029861211165
      0.7137264451938696
      0.7137404236308653
      0.7137448847528296
      0.7137397966122918
       0.713725132021907
      0.7137008685823533
       0.713666988709352
      0.7136234796592753
      0.7135703335533283
      0.7135075473996356
      0.7134351231139677
      0.7133530675384498
      0.7132613924587075
      0.7131601146199783
      0.7130492557423624
      0.7129288425353831
       0.712798906713159
      0.7126594850097971
      0.7125106191961904
      0.7123523560980023
       0.712184747615827
      0.7120078507470615
      0.7118217276099473
      0.7116264454692701
       0.711422076764423
      0.7112086991380859
      0.7109863954659998
      0.7107552538871671
      0.7105153678330192
      0.7102668360558526
      0.7100097626550861
      0.7097442571008405
      0.7094704342541913
      0.7091884143838074
      0.7088983231781513
      0.7086002917530629
      0.7082944566549073
      0.7079809598588714
      0.7076599487629368
      0.7073315761772621
       0.706996000310121
        0.70665338474996
      0.7063038984445763
      0.7059477156777786
      0.7055850160435443
      0.7052159844183447
      0.7048408109317343
      0.7044596909350216
        0.70407282496816
      0.7036804187244985
      0.7032826830128237
      0.7028798337163348
      0.7024720917477836
         0.7020596830001
      0.7016428382913467
      0.7012217933037802
      0.7007967885156587
      0.7003680691254787
      0.6999358849678259
      0.6995004904204308
      0.6990621443023048
      0.6986211097625987
      0.6981776541602526
      0.6977320489350434
      0.6972845694698928
      0.6968354949454246
       0.696385108187158
      0.6959336955059084
      0.6954815465324106
      0.6950289540467124
      0.6945762138025843
      0.6941236243480614
      0.6936714868419468
      0.6932201048667057
      0.6927697842376873
      0.6923208328088202
      0.6918735602739645
      0.6914282779640504
       0.690985298639285
      0.6905449362756401
      0.6901075058455624
      0.6896733230918515
      0.6892427042945592
      0.6888159660305825
      0.6883934249254003
      0.6879753973976344
       0.687562199396096
      0.6871541461299807
      0.6867515517929199
      0.6863547292816062
      0.6859639899100627
      0.6855796431207127
       0.685201996193481
         0.6848313539541
       0.684468018482812
      0.6841122888246071
      0.6837644607021844
      0.6834248262322272
      0.6830936736459801
      0.6827712870140369
      0.6824579459763932
      0.6821539254769123
        0.68185949550295
      0.6815749208290562
      0.6813004607650658
      0.6810363689076578
      0.6807828928951428
      0.6805402741652009
      0.6803087477151739
      0.6800885418648102
       0.679879878021723
      0.6796829704495138
       0.679498026039601
      0.6793252440869556
      0.6791648160711832
      0.6790169254437902
      0.6788817474230588
       0.678759448797739
      0.6786501877411344
      0.6785541136366767
      0.6784713669164093
      0.6784020789132481
      0.6783463717279853
      0.6783043581116542
       0.678276141363419
      0.6782618152441063
      0.6782614639052225
      0.6782751618328124
      0.6783029738053987
      0.6783449548652932
      0.6784011503021461
      0.6784715956478207
      0.6785563166813341
      0.6786553294432603
      0.6787686402586613
      0.6788962457678389
      0.6790381329650498
      0.6791942792445184
      0.6793646524543585
      0.6795492109587029
      0.6797479037087225
      0.6799606703233152
       0.680187441180478
       0.680428137520048
      0.6806826715594467
      0.6809509466221946
      0.6812328572807594
      0.6815282895137957
       0.681837120877575
      0.6821592206920308
       0.682494450240132
      0.6828426629803852
       0.683203704770603
      0.6835774141019508
      0.6839636223413401
      0.6843621539803519
      0.6847728268888841
      0.6851954525717865
      0.6856298364265359
      0.6860757780006694
      0.6865330712476241
      0.6870015047800886
      0.6874808621204139
      0.6879709219478081
       0.688471458342596
      0.6889822410280525
      0.6895030356103553
      0.6900336038182439
      0.6905737037429959
      0.6911230900799007
      0.6916815143728039
       0.692248725261987
      0.6928244687365485
      0.6934084883913553
       0.694000525688697
      0.6946003202240454
      0.6952076099951991
       0.695822131673435
      0.6964436208752353
       0.697071812432525
      0.6977064406595146
      0.6983472396138741
      0.6989939433501992
      0.6996462861638801
      0.7003040028235176
      0.7009668287904085
      0.7016345004247281
      0.7023067551772849
        0.70298333176744
      0.7036639703476965
      0.7043484126560792
      0.7050364021577389
      0.7057276841779691
      0.7064220060285447
      0.7071191171296165
      0.7078187691296985
      0.7085207160252124
      0.7092247142818572
      0.7099305229587543
      0.7106379038360547
      0.7113466215464863
        0.71205644370998
      0.7127671410704507
      0.7134784876329742
      0.7141902607990837
      0.7149022414976003
      0.7156142143081494
       0.716325967574285
      0.7170372935036697
      0.7177479882524428
      0.7184578519917552
      0.7191666889552116
      0.7198743074662248
      0.7205805199455774
       0.721285142900193
      0.7219879968951231
      0.7226889065113152
      0.7233877002929747
      0.7240842106884485
      0.7247782739891429
      0.7254697302712677
      0.7261584233447573
      0.7268442007137748
       0.727526913552188
      0.7282064166964353
      0.7288825686578553
      0.7295552316539671
      0.7302242716578441
      0.7308895584622723
      0.7315509657548345
      0.7322083711975444
      0.7328616565040055
      0.7335107075054736
       0.734155414196959
      0.7347956707529451
      0.7354313755031924
      0.7360624308583839
      0.7366887431765717
      0.7373102225622103
      0.7379267825901388
       0.738538339950213
      0.7391448140082812
