                       0
   2.115402113778755e-05
    8.55603944537984e-05
   0.0001950155578382008
   0.0003510732321077925
   0.0005550392442189987
   0.0008079693113253462
    0.001110669766766915
    0.001463701163432328
    0.001867384646214448
    0.002321810942909057
    0.002826851782626357
    0.003382173513344125
    0.003987252656366114
    0.004641393105876622
    0.005343744657185743
    0.006093322528274265
    0.006889027526440529
    0.007729666505704422
    0.008613972761507903
    0.009540626017405145
     0.01050827167393965
     0.01151553901266093
     0.01256105807793748
      0.0136434749953565
     0.01476146552731713
     0.01591374671294719
     0.01709908648951294
     0.01831631124466272
     0.01956431130160929
      0.0208420443910728
     0.02214853721279325
     0.02348288523403849
     0.02484425091124686
     0.02623186055242312
     0.02764500006108705
     0.02908300981673028
      0.0305452789515227
     0.03203123927849401
     0.03354035911307152
     0.03507213720855761
     0.03662609699808639
     0.03820178130230203
     0.03979874762513558
     0.04141656412140594
     0.04305480628132681
     0.04471305434006564
     0.04639089138680103
     0.04808790211855295
     0.04980367216040466
      0.0515377878562628
     0.05328983642333843
     0.05505940635906432
       0.056846087990869
     0.05864947406650755
     0.06046916029467442
     0.06230474576139545
     0.06415583316610128
     0.06602202884116218
     0.06790294253885618
      0.0697981869891629
     0.07170737724944201
     0.07363012988214952
     0.07556606200862608
     0.07751479029522765
     0.07947592993244501
     0.08144909366817041
     0.08343389095311904
      0.0854299272499784
     0.08743680354867395
     0.08945411611884921
     0.09148145651798818
     0.09351841186031191
     0.09556456533840763
     0.09761949697720146
     0.09968278458898576
      0.1017540048892659
      0.1038327347265907
      0.1059185523755025
      0.1080110388403876
      0.1101097791192609
      0.1122143633802066
      0.1143243880089896
      0.1164394564938834
       0.118559180122521
      0.1206831784750911
      0.1228110797079246
      0.1249425206309519
      0.1270771465911959
      0.1292146111819886
      0.1313545758036546
      0.1334967091057636
      0.1356406863435869
      0.1377861886821067
      0.1399329024798644
      0.1420805185823111
      0.1442287316503524
       0.146377239544784
      0.1485257427816447
      0.1506739440675209
      0.1528215479178948
      0.1549682603560756
      0.1571137886853769
      0.1592578413232672
      0.1614001276833769
      0.1635403580896158
      0.1656782437062539
      0.1678134964686074
      0.1699458290008186
      0.1720749545099717
      0.1742005866492036
      0.1763224393463089
      0.1784402265983338
      0.1805536622365387
      0.1826624596696271
      0.1847663316160841
      0.1868649898386508
      0.1889581448952658
      0.1910455059211583
      0.1931267804561726
       0.195201674329889
        0.19726989161478
      0.1993311346546615
      0.2013851041722292
      0.2034314994557441
      0.2054700186211482
      0.2075003589422694
      0.2095222172385317
      0.2115352903068831
      0.2135392753826429
      0.2155338706127443
      0.2175187755244759
      0.2194936914732852
      0.2214583220544896
        0.22341237346573
      0.2253555548095878
      0.2272875783288212
      0.2292081595699656
      0.2311170174744308
      0.2330138743995009
      0.2348984560746612
      0.2367704915012666
      0.2386297128056107
      0.2404758550568864
      0.2423086560622601
       0.244127856151345
      0.2459331979617592
       0.247724426236261
      0.2495012876402765
      0.2512635306065846
       0.253010905211644
      0.2547431630856836
      0.2564600573563786
      0.2581613426238339
       0.259846774962816
      0.2615161119468027
      0.2631691126875412
      0.2648055378834286
      0.2664251498701784
      0.2680277126678761
      0.2696129920195819
      0.2711807554180559
      0.2727307721188158
      0.2742628131395132
      0.2757766512473781
      0.2772720609381307
      0.2787488184111844
      0.2802067015470563
      0.2816454898936118
       0.283064964668029
      0.2844649087811794
      0.2858451068904657
      0.2872053454861153
      0.2885454130145098
      0.2898651000404673
      0.2911641994485549
      0.2924425066816112
      0.2936998200128168
       0.294935940845971
      0.2961506740372039
      0.2973438282302737
      0.2985152161969137
      0.2996646551734488
      0.3007919671851092
      0.3018969793501107
      0.3029795241566164
      0.3040394397070648
      0.3050765699259952
      0.3060907647292951
      0.3070818801546598
      0.3080497784548799
      0.3089943281572614
       0.309915404093937
      0.3108128874089917
      0.3116866655491222
      0.3125366322449593
      0.3133626874901884
      0.3141647375252209
      0.3149426948314266
      0.3156964781409012
      0.3164260124654716
      0.3171312291472209
      0.3178120659313452
      0.3184684670607054
      0.3191003833901128
      0.3197077725172556
      0.3202905989262999
      0.3208488341396302
       0.321382456872953
      0.3218914531890865
       0.322375816646169
      0.3228355484367289
      0.3232706575149822
      0.3236811607108311
      0.3240670828302198
      0.3244284567427108
      0.3247653234582712
      0.3250777321962443
      0.3253657404502603
      0.3256294140533526
      0.3258688272477607
       0.326084062763815
      0.3262752119118817
        0.32644237469067
       0.326585659914254
      0.3267051853590481
      0.3268010779307151
      0.3268734738497012
      0.3269225188528227
      0.3269483684071746
      0.3269511879316613
      0.3269311530207055
      0.3268884496642468
      0.3268232744579976
       0.326735834798119
      0.3266263490549717
       0.326495046721399
      0.3263421685320243
      0.3261679665512743
      0.3259727042291658
      0.3257566564252838
      0.3255201094027003
      0.3252633607948192
      0.3249867195491655
      0.3246905058529397
      0.3243750510456681
      0.3240406975244837
      0.3236877986474572
      0.3233167186399586
      0.3229278325083358
      0.3225215259642321
      0.3220981953617513
      0.3216582476484333
      0.3212021003297292
      0.3207301814454319
      0.3202429295553812
      0.3197407937308213
      0.3192242335470513
      0.3186937190725651
       0.318149730849695
       0.317592759861915
      0.3170233074833551
      0.3164418854067435
      0.3158490155468541
      0.3152452299175444
      0.3146310704815588
      0.3140070889733734
      0.3133738466963869
       0.312731914296676
      0.3120818715162446
      0.3114243069291878
      0.3107598176644075
      0.3100890091184539
      0.3094124946617383
      0.3087308953407693
      0.3080448395782542
      0.3073549628719455
      0.3066619074920318
      0.3059663221757716
      0.3052688618170056
      0.3045701871472312
       0.303870964404146
      0.3031718649830328
      0.3024735650660763
      0.3017767452247415
      0.3010820899906602
      0.3003902873911081
      0.2997020284460243
      0.2990180066246325
      0.2983389172609698
      0.2976654569289732
      0.2969983227791147
      0.2963382118398632
      0.2956858202883891
      0.2950418426958619
      0.2944069712533695
      0.2937818949848651
      0.2931672989536148
      0.2925638634683591
      0.2919722632948564
      0.2913931668776525
       0.290827235575903
       0.290275122915899
      0.2897374738617106
      0.2892149241041271
      0.2887080993669279
      0.2882176147285253
      0.2877440739562566
      0.2872880688500944
      0.2868501785923485
      0.2864309691000368
      0.2860309923770297
      0.2856507858637501
      0.2852908717831539
      0.2849517564828153
      0.2846339297741458
      0.2843378642710233
      0.2840640147312879
      0.2838128174056302
       0.283584689399264
      0.2833800280524009
      0.2831992103458766
      0.2830425923383068
      0.2829105086408628
      0.2828032719351799
      0.2827211725390779
      0.2826644780237244
      0.2826334328847039
      0.2826282582681897
      0.2826491517521887
      0.2826962871816658
      0.2827698145553509
      0.2828698599612389
      0.2829965255572546
      0.2831498895932922
      0.2833300064708705
      0.2835369068369493
      0.2837705977090037
      0.2840310626291996
      0.2843182618464057
      0.2846321325257371
      0.2849725889862754
      0.2853395229684969
      0.2857328039336632
      0.2861522793979686
      0.2865977753045062
      0.2870690964361222
      0.2875660268719368
      0.2880883304897335
      0.2886357515156064
      0.2892080151212024
      0.2898048280677185
       0.290425879394532
      0.2910708411490561
      0.2917393691531865
      0.2924311038006157
         0.2931456708784
      0.2938826824055234
      0.2946417374808463
      0.2954224231327862
       0.296224315163338
      0.2970469789795983
      0.2978899704067791
      0.2987528364777218
      0.2996351161951048
      0.3005363412638025
       0.301456036792134
      0.3023937219619627
      0.3033489106687032
      0.3043211121332174
      0.3053098314882805
      0.3063145703427389
      0.3073348273266693
      0.3083700986207646
      0.3094198784728463
      0.3104836597038809
      0.3115609342051751
      0.3126511934276306
      0.3137539288630971
      0.3148686325170208
      0.3159947973708471
      0.3171319178319948
      0.3182794901687765
      0.3194370129273781
      0.3206039873279865
      0.3217799176373455
      0.3229643115154185
      0.3241566803344314
      0.3253565394692988
      0.3265634085592774
      0.3277768117415674
      0.3289962778584536
      0.3302213406403901
      0.3314515388681055
      0.3326864165173449
      0.3339255228901846
      0.3351684127369705
      0.3364146463728155
        0.33766378979226
      0.3389154147851636
      0.3401690990561911
      0.3414244263494285
      0.3426809865787554
      0.3439383759636657
      0.3451961971693318
       0.346454059448887
      0.3477115787852194
      0.3489683780290555
      0.3502240870298021
      0.3514783427555181
      0.3527307893985198
      0.3539810784634557
      0.3552288688352275
      0.3564738268248095
      0.3577156261918361
      0.3589539481436835
      0.3601884813116791
      0.3614189217058983
      0.3626449726508033
      0.3638663447045927
      0.3650827555656266
      0.3662939299695601
      0.3674995995809257
      0.3686995028827672
      0.3698933850676439
      0.3710809979328255
      0.3722620997819159
      0.3734364553344066
      0.3746038356439335
       0.375764018025233
      0.3769167859890787
      0.3780619291838638
      0.3791992433419773
      0.3803285302287764
      0.3814495975917846
      0.3825622591077376
      0.3836663343252864
      0.3847616486015073
       0.385848033030842
      0.3869253243656808
      0.3879933649284467
      0.3890520025157057
      0.3901010902954763
      0.3911404866994988
      0.3921700553126828
      0.3931896647623122
       0.394199188609758
       0.395198505247454
      0.3961874978037371
      0.3971660540578106
      0.3981340663666171
      0.3990914316048057
       0.400038051118305
      0.4009738306912765
      0.4018986805255136
      0.4028125152306616
      0.4037152538230497
      0.4046068197304404
      0.4054871407996941
      0.4063561493041742
      0.4072137819477555
      0.4080599798624937
      0.4088946885973763
      0.4097178580960932
      0.4105294426623842
      0.4113294009122175
      0.4121176957128002
      0.4128942941091377
       0.413659167239551
       0.414412290242139
      0.4151536421546504
      0.4158832058105446
      0.4166009677341746
      0.4173069180380066
      0.4180010503246052
      0.4186833615957689
        0.41935385217072
      0.4200125256146893
      0.4206593886785738
      0.4212944512496949
      0.4219177263130235
      0.4225292299216391
      0.4231289811746936
      0.4237170022007579
      0.4242933181441976
      0.4248579571521319
      0.4254109503596208
      0.4259523318709402
      0.4264821387351915
      0.4270004109149544
      0.4275071912472691
      0.4280025253968313
      0.4284864618018947
      0.4289590516139607
      0.4294203486328273
      0.4298704092389818
      0.4303092923255903
      0.4307370592324553
      0.4311537736842876
      0.4315595017354445
      0.4319543117229568
      0.4323382742292115
      0.4327114620550988
      0.4330739502038256
      0.4334258158749473
      0.4337671384675519
      0.4340979995909596
      0.4344184830808111
      0.4347286750180671
      0.4350286637482148
      0.4353185398979184
      0.4355983963864493
      0.4358683284294929
      0.4361284335333244
      0.4363788114778687
      0.4366195642877654
      0.4368507961912236
      0.4370726135671187
      0.4372851248814401
      0.4374884406147723
      0.4376826731829769
      0.4378679368535979
      0.4380443476607138
      0.4382120233210063
      0.4383710831536908
      0.4385216480066837
      0.4386638401909631
      0.4387977834245556
      0.4389236027869771
      0.4390414246842984
      0.4391513768243642
      0.4392535882010659
      0.4393481890860315
      0.4394353110256486
       0.439515086841044
      0.4395876506284748
      0.4396531377575864
      0.4397116848651625
      0.4397634298422896
      0.4398085118132925
      0.4398470711053217
      0.4398792492080801
      0.4399051887237892
      0.4399250333081086
      0.4399389276032847
      0.4399470171652747
      0.4399494483869557
      0.4399463684197433
      0.4399379250960224
      0.4399242668546913
      0.4399055426718968
      0.4398819019986516
      0.4398534947065447
      0.4398204710421832
      0.4397829815903923
      0.4397411772455734
      0.4396952091900387
      0.4396452288776099
      0.4395913880203653
      0.4395338385761258
       0.439472732734136
       0.439408222896426
       0.439340461652516
       0.439269601745465
       0.439195796027725
      0.4391191974058301
      0.4390399587735871
      0.4389582329340969
      0.4388741725115911
      0.4387879298546796
      0.4386996569331142
      0.4386095052305757
      0.4385176256362444
      0.4384241683380029
      0.4383292827200475
      0.4382331172674444
      0.4381358194797739
      0.4380375357954954
      0.4379384115280498
      0.4378385908140452
       0.437738216573181
       0.437637430478895
      0.4375363729381206
      0.4374351830780223
      0.4373339987372167
      0.4372329564587495
      0.4371321914820507
      0.4370318377311946
      0.4369320277970669
      0.4368328929114536
      0.4367345629116042
      0.4366371661944412
      0.4365408296602408
      0.4364456786463033
      0.4363518368517382
      0.4362594262550686
       0.436168567026795
      0.4360793774393734
      0.4359919737772155
      0.4359064702493093
      0.4358229789068775
      0.4357416095681715
      0.4356624697520284
      0.4355856646212672
        0.43551129693637
       0.435439467019235
       0.435370272726164
       0.435303809428654
      0.4352401700000942
      0.4351794448060881
      0.4351217216959372
      0.4350670859927588
      0.4350156204798417
       0.434967405381128
      0.4349225183341374
      0.4348810343542006
      0.4348430257894969
      0.4348085622670753
      0.4347777106307172
      0.4347505348721371
      0.4347270960575884
      0.4347074522523723
      0.4346916584460602
      0.4346797664813594
      0.4346718249895214
      0.4346678793349616
      0.4346679715713813
      0.4346721404111598
      0.4346804212091477
      0.4346928459612741
      0.4347094433176534
      0.4347302386091371
      0.4347552538855866
      0.4347845079635737
      0.4348180164807694
      0.4348557919539993
      0.4348978438378335
      0.4349441785806653
      0.4349947996754744
      0.4350497077028895
      0.4351089003647215
      0.4351723725067893
      0.4352401161305753
      0.4353121203939898
      0.4353883716022293
      0.4354688531903522
      0.4355535456997325
      0.4356424267509362
      0.4357354710157962
      0.4358326501915118
      0.4359339329794652
      0.4360392850711538
      0.4361486691431851
      0.4362620448627079
      0.4363793689040101
      0.4365005949763012
      0.4366256738620193
      0.4367545534643442
      0.4368871788620473
      0.4370234923693678
      0.4371634335983314
      0.4373069395208118
      0.4374539445277015
      0.4376043804828128
      0.4377581767695214
      0.4379152603287111
      0.4380755556872206
      0.4382389849766948
      0.4384054679434625
      0.4385749219507549
      0.4387472619752013
      0.4389224006000385
       0.439100248007837
      0.4392807119757322
      0.4394636978761542
      0.4396491086858765
      0.4398368450058309
       0.440026805093636
      0.4402188849101304
       0.440412978180481
      0.4406089764696475
      0.4408067692712217
      0.4410062441079236
      0.4412072866414075
      0.4414097807885327
        0.44161360884091
      0.4418186515843862
      0.4420247884151704
      0.4422318974495342
      0.4424398556244363
      0.4426485387869855
      0.4428578217713417
      0.4430675784624252
      0.4432776818465979
      0.4434880040502674
      0.4436984163680843
      0.4439087892830156
      0.4441189924810529
      0.4443288948636103
      0.4445383645607788
      0.4447472689485246
      0.4449554746726442
      0.4451628476818453
      0.4453692532717456
      0.4455745561408831
      0.4457786204590853
      0.4459813099477773
      0.4461824879710838
      0.4463820176359125
      0.4465797618987001
      0.4467755836761075
      0.4469693459567626
      0.4471609119111489
      0.4473501449969149
      0.4475369090572563
       0.447721068410546
      0.4479024879300316
      0.4480810331131624
      0.4482565701408733
       0.448428965927912
      0.4485980881659987
      0.4487638053621967
      0.4489259868753228
      0.4490845029535029
      0.4492392247760556
       0.449390024502768
      0.4495367753333099
      0.4496793515790413
      0.4498176287488111
      0.4499514836495995
      0.4500807945020206
      0.4502054410698593
      0.4503253048020144
      0.4504402689844817
      0.4505502188994247
      0.4506550419879388
       0.450754628012881
       0.450848869218106
      0.4509376604806273
      0.4510208994526071
      0.4510984866906446
      0.4511703257705394
      0.4512363233865169
      0.4512963894347826
      0.4513504370821348
      0.4513983828211903
      0.4514401465145053
      0.4514756514304435
      0.4515048242740495
      0.4515275952163768
      0.4515438979256972
      0.4515536696037885
      0.4515568510300504
      0.4515533866155953
      0.4515432244687104
      0.4515263164722463
      0.4515026183726178
      0.4514720898792322
      0.4514346947723756
       0.451390401016911
      0.4513391808786315
      0.4512810110397896
      0.4512158727102238
      0.4511437517306148
      0.4510646386647411
      0.4509785288781247
      0.4508854226011513
      0.4507853249755605
      0.4506782460840807
      0.4505642009638767
       0.450443209605345
      0.4503152969385357
      0.4501804928101093
      0.4500388319541636
      0.4498903539604815
      0.4497351032437487
      0.4495731290170404
      0.4494044852724208
      0.4492292307708506
       0.449047429042784
      0.4488591483999354
      0.4486644619577319
      0.4484634476670159
      0.4482561883526875
      0.4480427717562101
      0.4478232905783309
      0.4475978425179852
      0.4473665303032284
      0.4471294617101461
      0.4468867495660628
      0.4466385117339463
       0.446384871075691
      0.4461259553928931
       0.445861897344746
      0.4455928343437509
      0.4453189084309473
      0.4450402661333158
      0.4447570583067717
      0.4444694399687593
      0.4441775701248017
      0.4438816115934455
      0.4435817308338661
      0.4432780977799711
      0.4429708856841656
         0.4426602709731
      0.4423464331167233
      0.4420295545108888
      0.4417098203726861
      0.4413874186466271
      0.4410625399189221
      0.4407353773363331
      0.4404061265255969
       0.440074985509151
      0.4397421546129291
      0.4394078363622958
      0.4390722353627523
      0.4387355581628516
      0.4383980130977186
      0.4380598101126901
      0.4377211605677248
      0.4373822770243833
      0.4370433730182162
       0.436704662820302
      0.4363663611923486
      0.4360286831402048
      0.4356918436707605
       0.435356057557052
        0.43502153911594
      0.4346885020019969
      0.4343571590202998
      0.4340277219597059
       0.433700401446967
       0.433375406820794
      0.4330529460237983
      0.4327332255091559
      0.4324164501579824
       0.432102823202781
      0.4317925461520092
      0.4314858187108027
      0.4311828386932125
      0.4308838019219536
      0.4305889021125527
      0.4302983307399185
      0.4300122768866287
      0.4297309270735944
      0.4294544650750945
      0.4291830717214499
      0.4289169246936715
      0.4286561983152737
      0.4284010633469797
      0.4281516867902591
      0.4279082317054804
      0.4276708570499667
       0.427439717540411
      0.4272149635430019
      0.4269967409932776
      0.4267851913462726
      0.4265804515559996
      0.4263826540818406
      0.4261919269180818
      0.4260083936417068
      0.4258321734727269
      0.4256633813408415
      0.4255021279521029
      0.4253485198495429
      0.4252026594623586
      0.4250646451392459
      0.4249345711627418
      0.4248125277428952
      0.4246986009901818
      0.4245928728691648
      0.4244954211359293
      0.4244063192636379
      0.4243256363616257
      0.4242534370941718
      0.4241897816054229
        0.42413472545686
      0.4240883195832067
      0.4240506102717757
      0.4240216391690403
      0.4240014433166923
      0.4239900552177945
      0.4239875029318647
      0.4239938101960182
      0.4240089965677206
      0.4240330775833626
      0.4240660649258831
      0.4241079665940574
       0.424158787065926
      0.4242185274491428
      0.4242871856117931
      0.4243647562883993
      0.4244512311573619
      0.4245465988878488
      0.4246508451560863
      0.4247639526329535
      0.4248859009466561
      0.4250166666259131
      0.4251562230304396
      0.4253045402764422
      0.4254615851653146
      0.4256273211236833
      0.4258017081623877
      0.4259847028609415
       0.426176258382532
      0.4263763245227904
      0.4265848477934838
      0.4268017715400971
      0.4270270360900932
      0.4272605789266175
      0.4275023348806765
      0.4277522363334706
      0.4280102134197029
      0.4282761942223755
       0.428550104949855
      0.4288318700868287
      0.4291214125121546
      0.4294186535784317
      0.4297235131503194
       0.430035909601032
      0.4303557597689425
       0.430682978878633
      0.4310174804329434
      0.4313591760843926
      0.4317079754956914
      0.4320637861998468
      0.4324265134704805
      0.4327960602124622
      0.4331723268817954
      0.4335552114419472
      0.4339446093615859
      0.4343404136561123
      0.4347425149725831
      0.4351508017148115
      0.4355651602027607
      0.4359854748579824
      0.4364116284049677
      0.4368435020769806
      0.4372809758143532
      0.4377239284433651
      0.4381722378247483
      0.4386257809624931
      0.4390844340659031
      0.4395480725606513
      0.4400165710477381
      0.4404898032125853
      0.4409676416898016
      0.4414499578922192
      0.4419366218154457
      0.4424275018311903
      0.4429224644839175
       0.443421374305777
      0.4439240936642803
      0.4444304826557723
      0.4449403990554871
      0.4454536983319513
      0.4459702337298904
      0.4464898564217865
      0.4470124157240614
      0.4475377593697847
      0.4480657338260411
      0.4485961846409291
      0.4491289568027798
      0.4496638950927698
       0.450200844411787
      0.4507396500632534
      0.4512801579756029
      0.4518222148512164
      0.4523656682326529
      0.4529103664818198
      0.4534561586730385
      0.4540028944064737
      0.4545504235538157
      0.4550985959530898
      0.4556472610737053
      0.4561962676760578
      0.4567454634919179
      0.4572946949522919
       0.457843806988305
      0.4583926429279183
      0.4589410445069831
      0.4594888520074127
      0.4600359045283371
      0.4605820403882814
      0.4611270976480612
      0.4616709147355827
      0.4622133311455487
      0.4627541881795757
      0.4632933296859096
      0.4638306027530928
      0.4643658583089627
      0.4648989515754406
      0.4654297423309023
      0.4659580949354969
       0.466483878080608
      0.4670069642315096
      0.4675272287419345
       0.468044548630378
      0.4685588010200674
      0.4690698612571673
      0.4695776007344273
