                       0
   4.996626666672684e-05
   0.0001997269431946543
   0.0004490676792431764
   0.0007977646047692554
    0.001245584371409783
    0.001792284194715921
    0.002437611897230871
    0.003181305952401536
    0.004023095529306199
    0.004962700538182601
     0.00599983167671645
    0.007134190477130797
    0.008365469353965413
    0.009693351652593446
     0.01111751169847938
     0.01263761484701478
     0.01425331753402743
     0.01596426732695673
     0.01777010297653333
     0.01967045446912961
     0.02166494307940999
     0.02375318142381866
     0.02593477351419337
     0.02820931481201597
     0.03057639228302127
     0.03303558445217249
     0.03558646145886098
      0.0382285851125573
     0.04096150894875015
     0.04378477828485402
      0.0466979302766897
     0.04970049397465671
      0.0527919903805276
     0.05597193250400848
     0.05923982541938479
     0.06259516632229439
     0.06603744458644015
     0.06956614182006288
     0.07318073192286033
     0.07688068114194217
      0.0806654481284574
      0.0845344839934022
     0.08848723236375865
      0.0925231294380463
     0.09664160404123245
      0.1008420776803992
      0.1051239645989596
      0.1094866718310266
      0.1139295992552894
      0.1184521396486969
       0.123053678739079
      0.1277335952578778
      0.1324912609922497
       0.137326040836637
      0.1422372928433545
      0.1472243682732076
      0.1522866116451264
      0.1574233607860124
      0.1626339468785492
      0.1679176945094092
      0.1732739217165726
      0.1787019400362875
      0.1842010545484246
      0.1897705639225912
      0.1954097604616622
      0.2011179301470566
      0.2068943526811198
      0.2127383015294524
      0.2186490439640479
      0.2246258411031681
      0.2306679479521948
      0.2367746134443247
      0.2429450804782231
      0.2491785859581562
      0.2554743608308046
      0.2618316301221474
      0.2682496129760598
      0.2747275226874824
      0.2812645667401793
      0.2878599468401664
      0.2945128589516502
      0.3012224933285014
      0.3079880345497081
      0.3148086615506841
      0.3216835476563573
       0.328611860613697
      0.3355927626222772
      0.3426254103664473
      0.3497089550456479
      0.3568425424054208
      0.3640253127682306
      0.3712564010634123
      0.3785349368573164
      0.3858600443837924
      0.3932308425741147
      0.4006464450875712
      0.4081059603403708
      0.4156084915378684
      0.4231531367033611
      0.4307389887097067
      0.4383651353099657
      0.4460306591688677
      0.4537346378952505
      0.4614761440726461
      0.4692542452944272
      0.4770680041956993
      0.4849164784867009
      0.4927987209901885
      0.5007137796736987
      0.5086606976895461
      0.5166385134097344
      0.5246462604656802
      0.5326829677872121
      0.5407476596424976
       0.548839355682752
      0.5569570709829907
      0.5650998160873549
       0.573266597055905
      0.5814564155112655
      0.5896682686894611
      0.5979011494897823
      0.6061540465268083
      0.6144259441878133
      0.6227158226855882
      0.6310226581215344
      0.6393454225424956
      0.6476830840057008
      0.6560346066433119
      0.6643989507286696
      0.6727750727475575
      0.6811619254710676
      0.6895584580284649
      0.6979636159860154
      0.7063763414255435
      0.7147955730302812
      0.7232202461659736
      0.7316492929723795
      0.7400816424555395
      0.7485162205799045
       0.756951950366603
      0.7653877519936235
      0.7738225429023476
      0.7822552379000454
       0.790684749274547
      0.7991099869055515
      0.8075298583806471
      0.8159432691196067
       0.824349122495756
      0.8327463199640679
      0.8411337611914232
      0.8495103441920677
      0.8578749654663113
      0.8662265201425831
      0.8745639021213752
      0.8828860042263635
      0.8911917183579267
      0.8994799356463009
       0.907749546616029
      0.9159994413485911
       0.924228509650655
      0.9324356412247339
      0.9406197258444332
       0.948779653534306
      0.9569143147549206
      0.9650226005830594
      0.9731034029086807
      0.9811556146235326
      0.9891781298196406
      0.9971698439896326
       1.005129654236659
       1.013056459469369
       1.020949160627124
       1.028806660882793
        1.03662786586494
       1.044411683881558
       1.052157026139494
       1.059862806971551
       1.067527944064992
       1.075151358698623
       1.082731975974301
       1.090268725053188
       1.097760539402842
       1.105206357033777
       1.112605120744651
       1.119955778369843
       1.127257283033916
       1.134508593396991
       1.141708673907561
       1.148856495060633
       1.155951033650308
       1.162991273029192
       1.169976203366254
       1.176904821905512
       1.183776133230357
       1.190589149518903
       1.197342890809972
       1.204036385261175
       1.210668669416887
       1.217238788467321
        1.22374579650928
       1.230188756811694
       1.236566742075528
       1.242878834689954
       1.249124127003115
       1.255301721566695
       1.261410731406988
        1.26745028027113
        1.27341950288675
       1.279317545212229
       1.285143564691612
       1.290896730496587
       1.296576223776064
       1.302181237902738
        1.30771097870788
       1.313164664721806
       1.318541527408936
        1.32384081139998
       1.329061774716389
       1.334203688998263
        1.33926583972058
       1.344247526414649
       1.349148062876794
       1.353966777373853
       1.358703012850947
        1.36335612712548
       1.367925493082362
       1.372410498864758
        1.37681054805348
       1.381125059846291
       1.385353469231554
       1.389495227153012
       1.393549800668244
       1.397516673112945
       1.401395344238634
       1.405185330363568
       1.408886164507286
       1.412497396518124
       1.416018593199263
       1.419449338430267
       1.422789233268537
       1.426037896062759
       1.429194962543202
       1.432260085915035
       1.435232936944331
       1.438113204030018
       1.440900593275178
       1.443594828550539
       1.446195651548221
       1.448702821833207
       1.451116116877866
       1.453435332103912
       1.455660280905272
       1.457790794668379
       1.459826722782959
       1.461767932649125
       1.463614309678106
       1.465365757278949
       1.467022196846222
       1.468583567736439
       1.470049827236513
       1.471420950529804
       1.472696930647726
       1.473877778427759
       1.474963522449625
       1.475954208971703
       1.476849901864212
        1.47765068252965
       1.478356649824848
       1.478967919961115
       1.479484626420119
       1.479906919845169
       1.480234967934721
       1.480468955333014
       1.480609083502793
       1.480655570608079
        1.48060865138063
       1.480468576980452
       1.480235614863753
       1.479910048629665
       1.479492177871061
       1.478982318018932
       1.478380800183063
       1.477687970982992
       1.476904192386373
       1.476029841525307
       1.475065310527689
       1.474011006329747
       1.472867350492679
       1.471634779014552
       1.470313742136198
       1.468904704146653
        1.46740814318251
       1.465824551027368
       1.464154432908596
       1.462398307286101
       1.460556705645623
       1.458630172286382
       1.456619264105025
       1.454524550378351
       1.452346612550747
       1.450086044004121
       1.447743449846987
       1.445319446682403
       1.442814662387926
       1.440229735891492
        1.43756531694166
       1.434822065880107
       1.432000653415075
       1.429101760393836
       1.426126077569212
        1.42307430537667
       1.419947153695558
       1.416745341627792
       1.413469597264872
       1.410120657459436
       1.406699267592142
       1.403206181348069
       1.399642160484331
       1.396007974607899
       1.392304400945237
       1.388532224112784
       1.384692235901796
       1.380785235046317
       1.376812027002795
        1.37277342372918
       1.368670243466133
       1.364503310515271
       1.360273455024825
       1.355981512773069
       1.351628324953958
       1.347214737968435
       1.342741603208493
       1.338209776851903
        1.33362011965743
        1.32897349675923
       1.324270777462298
       1.319512835043993
        1.31470054655602
       1.309834792629386
       1.304916457278546
       1.299946427713173
       1.294925594146086
       1.289854849606033
       1.284735089759231
       1.279567212719027
       1.274352118876143
       1.269090710713331
       1.263783892633699
       1.258432570793518
       1.253037652925095
       1.247600048174438
       1.242120666936983
       1.236600420696581
        1.23104022186528
        1.22544098362464
       1.219803619776036
       1.214129044586616
       1.208418172638897
       1.202671918689119
       1.196891197520384
        1.19107692380218
       1.185230011952209
       1.179351375998516
       1.173441929449361
       1.167502585157752
        1.16153425519876
       1.155537850734834
       1.149514281901933
       1.143464457679168
       1.137389285776654
         1.1312896725162
       1.125166522716932
       1.119020739583364
       1.112853224594681
       1.106664877399882
       1.100456595711942
       1.094229275205973
       1.087983809414786
       1.081721089633984
       1.075442004821924
       1.069147441508334
       1.062838283700529
       1.056515412791868
        1.05017970747876
       1.043832043665346
        1.03747329438542
       1.031104329717996
       1.024726016705802
        1.01833921927545
       1.011944798160054
       1.005543610823113
      0.9991365113899549
      0.9927243505646925
       0.986307975569517
      0.9798882300702623
      0.9734659541081235
      0.9670419840336544
       0.960617152444242
      0.9541922881184515
      0.9477682159548683
      0.9413457569106517
       0.934925727940295
      0.9285089419421618
      0.9220962076960427
      0.9156883298115471
       0.909286108669034
       0.902890340370199
      0.8965018166848446
      0.8901213249942815
      0.8837496482495015
      0.8773875649123162
       0.871035848915671
      0.8646952696099786
      0.8583665917179513
      0.8520505752899187
      0.8457479756568117
      0.8394595433863615
      0.8331860242425708
      0.8269281591362581
      0.8206866840911937
      0.8144623301949078
      0.8082558235636242
      0.8020678853000135
       0.795899231453035
      0.7897505729799819
       0.783622615708263
      0.7775160602963603
      0.7714316021987084
      0.7653699316262924
      0.7593317335113013
      0.7533176874727038
      0.7473284677786085
      0.7413647433129467
      0.7354271775416145
      0.7295164284734768
      0.7236331486325912
      0.7177779850213284
      0.7119515790882756
      0.7061545666952047
      0.7003875780852338
       0.694651237849027
       0.688946164894119
      0.6832729724137235
      0.6776322678550855
      0.6720246528882621
      0.6664507233754247
      0.6609110693407348
      0.6554062749407613
       0.649936918432544
      0.6445035721463881
      0.6391068024541384
      0.6337471697418553
      0.6284252283784713
      0.6231415266910109
      0.6178966069325651
        0.61269100525401
       0.607525251679282
      0.6023998700744928
      0.5973153781229561
      0.5922722872942423
      0.5872711028199042
      0.5823123236669385
       0.577396442510254
      0.5725239457066014
      0.5676953132694407
      0.5629110188405546
       0.558171529668277
      0.5534773065795454
      0.5488288039560618
      0.5442264697100426
      0.5396707452589677
       0.535162065502273
      0.5307008587977085
      0.5262875469383292
      0.5219225451292336
      0.5176062619637367
      0.5133390994036193
      0.5091214527540244
       0.504953710644816
      0.5008362550087795
      0.4967694610594469
       0.492753697272492
      0.4887893253647494
      0.4848767002754822
      0.4810161701463077
      0.4772080763044634
      0.4734527532421365
      0.4697505286013084
      0.4661017231543617
      0.4625066507899674
      0.4589656184946398
      0.4554789263381278
      0.4520468674579068
      0.4486697280458649
      0.4453477873313158
      0.4420813175713317
      0.4388705840355787
      0.4357158449940307
      0.4326173517053673
      0.4295753484059443
      0.4265900723012047
      0.4236617535526462
      0.4207906152704404
      0.4179768735038464
      0.4152207372348717
      0.4125224083672467
      0.4098820817255336
      0.4072999450438698
      0.4047761789633512
      0.4023109570264211
       0.399904445673654
      0.3975568042396511
      0.3952681849511451
      0.3930387329246375
       0.390868586165449
      0.3887578755674884
       0.386706724913304
      0.3847152508752208
       0.382783563017344
      0.3809117637968907
      0.3790999485687748
      0.3773482055886977
      0.3756566160184506
       0.374025253930403
       0.372454186313756
      0.3709434730827197
      0.3694931670823348
       0.368103314098542
      0.3667739528653452
      0.3655051150758976
      0.3642968253927399
      0.3631491014589389
      0.3620619539107252
      0.3610353863885758
      0.3600693955527753
      0.3591639710954799
      0.3583190957569227
      0.3575347453412126
      0.3568108887308007
       0.356147487904709
      0.3555444979571385
      0.3550018671129349
      0.3545195367492707
      0.3540974414145813
      0.3537355088473955
       0.353433659999405
       0.353191809055359
      0.3530098634564982
      0.3528877239234661
      0.3528252844783509
       0.352822432470144
      0.3528790485997594
      0.3529950069431579
      0.3531701749799226
      0.3534044136176623
      0.3536975772206605
      0.3540495136364594
      0.3544600642235555
      0.3549290638813931
      0.3554563410780912
      0.3560417178812795
      0.3566850099887238
      0.3573860267566347
      0.3581445712334832
      0.3589604401899736
      0.3598334241515521
      0.3607633074319482
      0.3617498681652084
      0.3627928783387019
      0.3638921038280984
      0.3650473044304813
      0.3662582339005073
      0.3675246399837951
      0.3688462644530932
       0.370222843144431
      0.3716541059932086
      0.3731397770702263
      0.3746795746186173
      0.3762732110916583
      0.3779203931892607
      0.3796208218968227
      0.3813741925231103
      0.3831801947380008
      0.3850385126123613
      0.3869488246565049
      0.3889108038591053
      0.3909241177276542
      0.3929884283274648
       0.395103392322793
      0.3972686610162542
      0.3994838803890165
      0.4017486911436264
      0.4040627287436421
      0.4064256234548447
      0.4088370003868214
      0.4112964795365362
      0.4138036758271002
      0.4163581991535253
      0.4189596544224597
      0.4216076415960143
      0.4243017557352647
      0.4270415870416896
       0.429826720902594
      0.4326567379320257
      0.4355312140174721
      0.4384497203620129
      0.4414118235289441
      0.4444170854853413
      0.4474650636488084
      0.4505553109298666
      0.4536873757791205
      0.4568608022317179
      0.4600751299517433
      0.4633298942804257
      0.4666246262802469
      0.4699588527821427
      0.4733320964319243
      0.4767438757364403
      0.4801937051110622
      0.4836810949272719
      0.4872055515604557
      0.4907665774375446
      0.4943636710834078
      0.4979963271724309
      0.5016640365755718
       0.505366286409533
      0.5091025600862223
      0.5128723373634597
       0.516675094392854
      0.5205103037722562
      0.5243774345969411
      0.5282759525099578
      0.5322053197519822
      0.5361649952151816
      0.5401544344961402
      0.5441730899482472
      0.5482204107330348
      0.5522958428749323
      0.5563988293171134
      0.5605288099739799
      0.5646852217862495
      0.5688674987761335
      0.5730750721044074
      0.5773073701263463
      0.5815638184489145
      0.5858438399866052
       0.590146855021933
      0.5944722812611278
      0.5988195338946232
      0.6031880256584287
      0.6075771668903207
      0.6119863655925077
      0.6164150274934377
       0.620862556109595
      0.6253283528070921
       0.629811816864411
      0.6343123455374287
      0.6388293341224655
      0.6433621760205492
       0.647910262805074
      0.6524729842865864
      0.6570497285803755
      0.6616398821703704
       0.666242829983259
      0.6708579554517773
      0.6754846405858198
      0.6801222660435646
      0.6847702112014462
      0.6894278542243268
      0.6940945721395227
      0.6987697409071614
      0.7034527354941428
      0.7081429299490152
      0.7128396974754564
       0.717542410507898
      0.7222504407880703
      0.7269631594402558
      0.7316799370487015
      0.7364001437369879
      0.7411231492439575
      0.7458483230040801
      0.7505750342278441
      0.7553026519805597
      0.7600305452631442
      0.7647580830961453
      0.7694846345990005
       0.774209569075201
      0.7789322560928538
      0.7836520655688592
      0.7883683678559739
      0.7930805338255313
      0.7977879349527456
      0.8024899434026114
      0.8071859321172175
      0.8118752749033579
      0.8165573465167257
      0.8212315227519783
      0.8258971805315751
      0.8305536979936793
      0.8352004545810128
       0.839836831129656
       0.844462209960828
      0.8490759749688366
      0.8536775117142612
      0.8582662075116373
      0.8628414515230884
      0.8674026348493995
      0.8719491506201738
      0.8764803940884424
      0.8809957627202031
      0.8854946562878483
      0.8899764769628694
      0.8944406294098511
      0.8988865208762302
      0.9033135612866967
      0.9077211633378562
      0.9121087425893939
      0.9164757175584595
      0.9208215098123111
      0.9251455440615864
       0.929447248251481
      0.9337260536596474
      0.9379813949843179
      0.9422127104421275
      0.9464194418555223
      0.9506010347505315
      0.9547569384450052
      0.9588866061442234
      0.9629894950331382
      0.9670650663664865
      0.9711127855602444
      0.9751321222852447
      0.9791225505555515
      0.9830835488213462
      0.9870146000609031
      0.9909151918649441
      0.9947848165327094
      0.9986229711556557
       1.002429157707768
       1.006202883139045
       1.009943659455239
        1.01365100380764
       1.017324438581114
       1.020963491480723
       1.024567695612006
       1.028136589573566
       1.031669717532027
       1.035166629312432
       1.038626880477229
       1.042050032406335
       1.045435652382808
       1.048783313667542
       1.052092595582302
       1.055363083586167
       1.058594369353826
       1.061786050849613
       1.064937732404751
       1.068049024792748
       1.071119545297353
        1.07414891779042
        1.07713677280214
       1.080082747586698
        1.08298648619543
       1.085847639539195
       1.088665865462545
       1.091440828797196
       1.094172201436598
       1.096859662390928
       1.099502897852535
       1.102101601249456
        1.10465547330894
       1.107164222110874
       1.109627563141234
       1.112045219349522
       1.114416921195793
       1.116742406703169
       1.119021421508213
       1.121253718903112
       1.123439059880605
       1.125577213182348
        1.12766795533721
       1.129711070698361
       1.131706351485414
       1.133653597817441
       1.135552617748652
       1.137403227298263
       1.139205250479855
       1.140958519335389
       1.142662873956196
       1.144318162506484
       1.145924241248973
       1.147480974559766
       1.148988234954888
       1.150445903092597
       1.151853867800656
       1.153212026081269
       1.154520283118866
       1.155778552288516
       1.156986755164422
       1.158144821517906
        1.15925268931902
       1.160310304736422
       1.161317622130007
       1.162274604050617
       1.163181221225075
       1.164037452546995
       1.164843285068687
       1.165598713980054
       1.166303742594315
       1.166958382326312
       1.167562652669963
       1.168116581178544
       1.168620203436065
       1.169073563024515
       1.169476711498829
        1.16982970835016
       1.170132620974262
        1.17038552463038
       1.170588502406645
       1.170741645173188
       1.170845051539059
       1.170898827814468
       1.170903087951463
       1.170857953500373
       1.170763553561114
        1.17062002472412
       1.170427511016639
       1.170186163845057
       1.169896141939287
        1.16955761128646
       1.169170745070383
       1.168735723606631
       1.168252734279478
       1.167721971470179
       1.167143636488884
       1.166517937505276
       1.165845089473883
        1.16512531406184
       1.164358839572318
       1.163545900867501
       1.162686739295422
       1.161781602605765
       1.160830744872072
       1.159834426406799
       1.158792913683138
       1.157706479249083
       1.156575401643752
       1.155399965312754
        1.15418046051877
       1.152917183254861
       1.151610435159386
       1.150260523427472
       1.148867760715376
       1.147432465057806
       1.145954959777628
       1.144435573385486
       1.142874639497917
       1.141272496743151
       1.139629488667642
       1.137945963645026
       1.136222274782636
       1.134458779826223
       1.132655841072723
       1.130813825274853
       1.128933103547149
        1.12701405127191
          1.125057048008
       1.123062477398731
       1.121030727079035
       1.118962188583862
        1.11685725725082
       1.114716332135285
       1.112539815915096
       1.110328114800532
        1.10808163844121
       1.105800799838714
       1.103486015259044
       1.101137704136721
       1.098756288989057
       1.096342195330797
       1.093895851582752
       1.091417688987668
       1.088908141523608
       1.086367645815014
       1.083796641052145
       1.081195568906846
       1.078564873445046
       1.075905001048907
       1.073216400333494
       1.070499522065436
       1.067754819082158
       1.064982746211751
        1.06218376019933
        1.05935831962529
       1.056506884828979
       1.053629917832053
       1.050727882264388
       1.047801243294288
       1.044850467545691
       1.041876023035196
       1.038878379090197
       1.035858006289319
       1.032815376386483
       1.029750962241299
       1.026665237752349
       1.023558677790073
        1.02043175813048
       1.017284955385738
       1.014118746944892
       1.010933610907114
       1.007730026017724
       1.004508471605261
       1.001269427521662
      0.9980133740811727
      0.9947407919968783
      0.9914521623250432
      0.9881479664024924
      0.9848286857918531
      0.9814948022204359
      0.9781467975290361
      0.9747851536057601
      0.9714103523393574
      0.9680228755610758
      0.9646232049881525
      0.9612118221728669
      0.9577892084441142
      0.9543558448613408
      0.9509122121569968
      0.9474587906846729
      0.9439960603713496
      0.9405245006603946
      0.9370445904655174
      0.9335568081184383
      0.9300616313179686
      0.9265595370846065
      0.9230510017083646
      0.9195365006978647
      0.9160165087373474
       0.912491499633447
      0.9089619462703304
       0.905428320559435
      0.9018910933964077
      0.8983507346096893
      0.8948077129156643
      0.8912624958715845
      0.8877155498319999
      0.8841673398990075
      0.8806183298758888
      0.8770689822272391
      0.8735197580282109
      0.8699711169216358
      0.8664235170687421
      0.8628774151116811
      0.8593332661218065
      0.8557915235615343
      0.8522526392364892
      0.8487170632484531
      0.8451852439622082
      0.8416576279466157
      0.8381346599442877
      0.8346167828232934
      0.8311044375307601
      0.8275980630575057
      0.8240980963884004
      0.8206049724639174
      0.8171191241338569
       0.813640982122646
      0.8101709749789825
      0.8067095290379364
      0.8032570683805634
      0.7998140147902163
      0.7963807877147073
      0.7929578042205481
      0.7895454789585611
      0.7861442241173402
       0.782754449386749
      0.7793765619185067
      0.7760109662847221
      0.7726580644407572
      0.7693182556832362
      0.7659919366146462
       0.762679501101884
      0.7593813402416427
      0.7560978423206424
      0.7528293927782636
      0.7495763741695559
      0.7463391661309861
      0.7431181453404151
       0.739913685484169
      0.7367261572186067
      0.7335559281374837
      0.7304033627366397
      0.7272688223796009
      0.7241526652599907
      0.7210552463738193
      0.7179769174826844
      0.7149180270803681
      0.7118789203613786
      0.7088599391889596
      0.7058614220638194
