                       0
   4.996626666666691e-05
    0.000199726943194467
   0.0004490676792424548
   0.0007977646047685433
    0.001245584371409006
    0.001792284194714071
    0.002437611897227747
    0.003181305952398298
    0.004023095529304124
    0.004962700538178153
    0.005999831676712195
    0.007134190477121689
    0.008365469353949025
    0.009693351652583159
     0.01111751169847166
     0.01263761484699953
     0.01425331753400924
      0.0159642673269345
     0.01777010297651941
     0.01967045446909434
     0.02166494307937747
     0.02375318142377354
     0.02593477351413538
     0.02820931481195867
     0.03057639228297594
      0.0330355844521168
      0.0355864614588003
     0.03822858511252562
     0.04096150894872699
      0.0437847782848558
     0.04669793027665758
     0.04970049397460521
      0.0527919903804567
     0.05597193250389799
     0.05923982541923826
     0.06259516632212073
      0.0660374445862149
     0.06956614181985327
     0.07318073192258227
     0.07688068114158644
      0.0806654481279596
     0.08453448399278457
     0.08848723236299236
     0.09252312943696625
        0.09664160403986
      0.1008420776786046
       0.105123964596566
      0.1094866718278315
      0.1139295992510945
      0.1184521396431118
      0.1230536787317055
      0.1277335952482873
      0.1324912609798814
      0.1373260408206207
      0.1422372928226968
       0.147224368246744
       0.152286611611638
      0.1574233607436948
      0.1626339468252442
      0.1679176944425742
      0.1732739216332303
       0.178701939932654
      0.1842010544201523
      0.1897705637641977
      0.1954097602670343
      0.2011179299086094
      0.2068943523898034
      0.2127383011749711
      0.2186490435337962
      0.2246258405824464
      0.2306679473240478
      0.2367746126884814
      0.2429450795714962
      0.2491785848731703
      0.2554743595357077
      0.2618316285805965
      0.2682496111451485
      0.2747275205184082
      0.2812645641764902
      0.2878599438173254
      0.2945128553948678
      0.3012224891527548
      0.3079880296574831
      0.3148086558310884
       0.321683540983385
      0.3286118528437904
      0.3355927535927515
      0.3426253998928311
      0.3497089429194704
      0.3568425283914797
      0.3640252966012895
      0.3712563824450054
      0.3785349154523126
      0.3858600198162743
      0.3932308144230697
       0.400646412881726
      0.4081059235538795
      0.4156084495836454
      0.4231530889276182
      0.4307389343850807
      0.4383650736284679
      0.4460305892341466
      0.4537345587135717
       0.461476054544868
      0.4692541442049235
      0.4770678902020286
      0.4849163501091409
      0.4927985765978531
      0.5007136174730923
      0.5086605157086708
      0.5166383094837058
      0.5246460322200149
      0.5326827126205387
      0.5407473747088664
      0.5488390378699514
      0.5569567168920603
      0.5650994220100548
      0.5732661589500739
      0.5814559289756849
      0.5896677289355904
      0.5979005513129509
      0.6061533842764124
      0.6144252117329174
      0.6227150133823475
       0.631021764774122
      0.6393444373657698
      0.6476819985835961
       0.656033411885501
      0.6643976368260064
      0.6727736291236047
        0.68116034073047
      0.6895567199046044
      0.6979617112845103
      0.7063742559664385
      0.7147932915843052
      0.7232177523923058
      0.7316465693503424
      0.7400786702123007
      0.7485129796172368
      0.7569484191835555
      0.7653839076062284
      0.7738183607571337
      0.7822506917885218
       0.790679811239742
      0.7991046271472132
      0.8075240451577244
      0.8159369686451248
      0.8243422988304163
      0.8327389349053197
      0.8411257741593414
      0.8495017121103955
      0.8578656426390011
       0.866216458126095
      0.8745530495944789
      0.8828743068539502
      0.8911791186501138
      0.8994663728168967
      0.9077349564328102
      0.9159837559809341
      0.9242116575126489
      0.9324175468151172
      0.9406003095825184
      0.9487588315910364
      0.9568919988775869
      0.9649986979222518
      0.9730778158344678
      0.9811282405428675
      0.9891488609888118
        0.99713856732356
        1.00509625110906
       1.013020805522252
       1.020911125562987
       1.028766108265334
       1.036584652912375
       1.044365661254347
       1.052108037730086
       1.059810689691705
       1.067472527632448
       1.075092465417635
       1.082669420518606
       1.090202314249564
       1.097690072007296
       1.105131623513563
       1.112525903060143
       1.119871849756392
       1.127168407779225
       1.134414526625368
       1.141609161365773
       1.148751272902114
       1.155839828225168
       1.162873800674982
       1.169852170202698
       1.176773923633857
       1.183638054933086
       1.190443565469946
        1.19718946428587
       1.203874768361955
       1.210498502887511
        1.21705970152915
       1.223557406700264
       1.229990669830732
        1.23635855163666
        1.24266012238996
       1.248894462187664
       1.255060661220643
       1.261157820041718
       1.267185049832817
       1.273141472671091
       1.279026221793732
       1.284838441861361
       1.290577289219681
        1.29624193215934
       1.301831551173696
       1.307345339214307
       1.312782501943983
       1.318142257987173
       1.323423839177489
       1.328626490802151
       1.333749471843217
       1.338792055215302
       1.343753527999699
       1.348633191674612
       1.353430362341358
       1.358144370946346
       1.362774563498616
       1.367320301282786
       1.371780961067192
       1.376155935307046
       1.380444632342438
       1.384646476591026
       1.388760908735188
       1.392787385903506
       1.396725381846471
       1.400574387106093
       1.404333909179454
       1.408003472675909
       1.411582619467854
       1.415070908834921
       1.418467917601475
       1.421773240267215
       1.424986489130886
       1.428107294406856
       1.431135304334548
       1.434070185280585
       1.436911621833524
       1.439659316891174
       1.442312991740327
       1.444872386128898
       1.447337258330374
       1.449707385200485
       1.451982562226151
        1.45416260356652
        1.45624734208617
       1.458236629380379
        1.46013033579249
       1.461928350423341
       1.463630581132712
       1.465236954532865
       1.466747415974133
       1.468161929522586
        1.46948047792982
        1.47070306259486
       1.471829703518299
         1.4728604392486
       1.473795326820724
       1.474634441687113
       1.475377877641076
         1.4760257467327
       1.476578179177301
       1.477035323256626
       1.477397345212776
        1.47766442913503
       1.477836776839702
       1.477914607743048
       1.477898158727491
       1.477787684001169
       1.477583454950994
       1.477285759989418
       1.476894904394923
       1.476411210146511
       1.475835015752289
       1.475166676072326
       1.474406562135929
       1.473555060953569
       1.472612575323514
         1.4715795236335
       1.470456339657468
       1.469243472347672
       1.467941385622267
        1.46655055814861
       1.465071483122443
       1.463504668043153
       1.461850634485324
       1.460109917866773
       1.458283067213218
       1.456370644919875
       1.454373226510093
       1.452291400391263
       1.450125767608203
       1.447876941594237
       1.445545547920091
       1.443132224040925
       1.440637619041561
       1.438062393380226
       1.435407218630928
       1.432672777224666
       1.429859762189688
       1.426968876890974
       1.424000834769138
       1.420956359078888
       1.417836182627305
       1.414641047512024
       1.411371704859587
       1.408028914564065
       1.404613445026146
       1.401126072892845
       1.397567582798031
       1.393938767103869
       1.390240425643391
       1.386473365464288
       1.382638400574098
       1.378736351686966
       1.374768045972016
       1.370734316803558
       1.366636003513214
         1.3624739511441
       1.358249010207144
        1.35396203643972
        1.34961389056664
       1.345205438063632
       1.340737548923423
       1.336211097424449
       1.331626961902381
       1.326986024524465
       1.322289171066786
       1.317537290694521
       1.312731275745262
        1.30787202151546
        1.30296042605005
       1.297997389935309
       1.292983816095003
       1.287920609589854
       1.282808677420373
       1.277648928333128
       1.272442272630389
       1.267189621983298
       1.261891889248456
       1.256549988288056
       1.251164833793528
       1.245737341112672
       1.240268426080346
        1.23475900485269
       1.229209993744862
       1.223622309072292
        1.21799686699545
       1.212334583368129
       1.206636373589181
       1.200903152457728
       1.195135834031828
       1.189335331490521
       1.183502556999289
       1.177638421578854
       1.171743834977286
       1.165819705545434
       1.159866940115545
       1.153886443883163
       1.147879120292095
       1.141845870922603
       1.135787595382574
        1.12970519120179
       1.123599553729125
       1.117471576032687
       1.111322148802834
       1.105152160257993
       1.098962496053277
       1.092754039191781
       1.086527669938544
       1.080284265737088
       1.074024701128518
        1.06774984767307
       1.061460573874098
       1.055157745104398
       1.048842223534836
       1.042514868065213
       1.036176534257272
       1.029828074269847
       1.023470336796047
       1.017104167002422
        1.01073040647005
       1.004349893137499
      0.9979634612455808
      0.9915719412838757
      0.9851761599388753
      0.9787769400438298
      0.9723751005300918
       0.965971456380007
      0.9595668185812212
      0.9531619940824188
      0.9467577857503613
      0.9403549923282162
      0.9339544083951161
      0.9275568243268701
      0.9211630262578263
      0.9147737960437534
      0.9083899112257818
       0.902012144995254
      0.8956412661595513
      0.8892780391087395
      0.8829232237830259
      0.8765775756410404
      0.8702418456287728
       0.863916780149263
      0.8576031210328687
      0.8513016055081687
      0.8450129661734171
      0.8387379309685095
       0.832477223147435
      0.8262315612511888
      0.8200016590810594
      0.8137882256723445
      0.8075919652683601
      0.8014135772948043
      0.7952537563343847
      0.7891131921017023
      0.7829925694183717
      0.7768925681883396
       0.770813863373374
      0.7647571249687183
      0.7587230179788635
      0.7527122023934353
       0.746725333163171
      0.7407630601759572
      0.7348260282329291
      0.7289148770245991
      0.7230302411069839
      0.7171727498777756
      0.7113430275524658
      0.7055416931404636
      0.6997693604211764
      0.6940266379200483
      0.6883141288845381
      0.6826324312600465
      0.6769821376657704
      0.6713638353704852
      0.6657781062682437
      0.6602255268540023
      0.6547066681991501
       0.649222095926965
      0.6437723701879625
      0.6383580456351781
      0.6329796713993417
      0.6276377910639802
      0.6223329426404174
      0.6170656585427226
      0.6118364655625429
      0.6066458848438832
      0.6014944318578254
      0.5963826163771587
       0.591310942450976
      0.5862799083791952
      0.5812900066870642
       0.576341724099615
       0.571435541516099
      0.5665719339844002
      0.5617513706754488
      0.5569743148576245
      0.5522412238712026
      0.5475525491027974
      0.5429087359598639
       0.538310223845245
      0.5337574461317811
      0.5292508301370041
       0.524790797097914
      0.5203777621458711
      0.5160121342815999
      0.5116943163503247
      0.5074247050170684
      0.5032036907420914
      0.4990316577565338
      0.4949089840382388
      0.4908360412877776
      0.4868131949047121
      0.4828408039640888
      0.4789192211931945
      0.4750487929485703
      0.4712298591933284
       0.467462753474753
      0.4637478029022364
       0.460085328125533
       0.456475643313376
       0.452919056132447
      0.4494158677267314
      0.4459663726972725
      0.4425708590823352
      0.4392296083379886
      0.4359428953191478
      0.4327109882610597
      0.4295341487612608
        0.42641263176203
      0.4233466855333359
      0.4203365516563117
      0.4173824650072381
      0.4144846537420858
      0.4116433392816117
      0.4088587362970257
      0.4061310526962247
      0.4034604896106521
      0.4008472413827281
      0.3982914955539223
      0.3957934328534448
      0.3933532271875822
      0.3909710456296795
      0.3886470484107882
      0.3863813889109784
      0.3841742136513356
       0.382025662286647
      0.3799358675987804
      0.3779049554907746
      0.3759330449816391
      0.3740202482018724
      0.3721666703897179
      0.3703724098881422
       0.368637558142564
      0.3669621996993186
      0.3653464122048789
      0.3637902664058379
      0.3622938261496342
      0.3608571483860586
      0.3594802831695096
       0.358163273662031
      0.3569061561371152
      0.3557089599842744
      0.3545717077143943
      0.3534944149658464
      0.3524770905113956
      0.3515197362658564
      0.3506223472945424
      0.3497849118224788
      0.3490074112443785
      0.3482898201353954
       0.347632106262643
       0.347034230597461
      0.3464961473284587
      0.3460178038753038
      0.3455991409032581
      0.3452400923384715
      0.3449405853840031
      0.3447005405365913
      0.3445198716041491
      0.3443984857239762
      0.3443362833817024
      0.3443331584309379
       0.344388998113616
      0.3445036830810549
      0.3446770874156847
      0.3449090786534755
      0.3451995178070247
      0.3455482593893099
      0.3459551514381039
      0.3464200355410265
      0.3469427468612397
      0.3475231141637687
       0.348160959842429
      0.3488560999473784
       0.349608344213252
      0.3504174960878885
      0.3512833527616361
      0.3522057051972202
      0.3531843381601638
      0.3542190302497612
      0.3553095539305777
      0.3564556755644804
      0.3576571554431737
      0.3589137478212429
       0.360225200949688
      0.3615912571099382
      0.3630116526483334
      0.3644861180110671
      0.3660143777795803
      0.3675961507063858
      0.3692311497513275
      0.3709190821182527
      0.3726596492920863
        0.37445254707631
      0.3762974656308187
       0.378194089510153
      0.3801420977021033
        0.38214116366666
      0.3841909553753195
      0.3862911353507185
      0.3884413607065972
      0.3906412831880908
      0.3928905492123183
      0.3951887999092773
      0.3975356711630351
      0.3999307936532099
      0.4023737928967149
      0.4048642892897963
      0.4074018981503155
      0.4099862297603031
      0.4126168894087623
      0.4152934774347118
      0.4180155892704837
      0.4207828154852378
      0.4235947418287291
      0.4264509492752836
      0.4293510140680052
      0.4322945077631944
      0.4352809972749962
      0.4383100449202396
       0.441381208463506
      0.4444940411623908
      0.4476480918129705
      0.4508429047954882
      0.4540780201202211
      0.4573529734735652
      0.4606672962643145
      0.4640205156701416
      0.4674121546842854
      0.4708417321624421
      0.4743087628698596
      0.4778127575286392
      0.4813532228652434
      0.4849296616582346
       0.488541572786206
      0.4921884512759501
      0.4958697883508434
       0.499585071479466
      0.5033337844244433
       0.507115407291544
      0.5109294165790113
       0.514775285227152
      0.5186524826681673
      0.5225604748762693
      0.5264987244180579
      0.5304666905031793
      0.5344638290352625
      0.5384895926631617
       0.542543430832506
      0.5466247898375474
      0.5507331128733353
      0.5548678400882291
      0.5590284086367525
      0.5632142527327951
      0.5674248037031816
      0.5716594900416089
       0.575917737462983
      0.5801989689581371
      0.5845026048489735
      0.5888280628440323
       0.593174758094472
      0.5975421032505219
      0.6019295085183899
       0.606336381717643
      0.6107621283390733
      0.6152061516030728
      0.6196678525185201
      0.6241466299421976
      0.6286418806387436
      0.6331529993411841
      0.6376793788120129
      0.6422204099048713
      0.6467754816268075
      0.6513439812011893
      0.6559252941311988
      0.6605188042639988
      0.6651238938555492
      0.6697399436360953
      0.6743663328763293
      0.6790024394542704
      0.6836476399228383
       0.688301309578164
      0.6929628225286464
      0.6976315517647463
      0.7023068692295618
      0.7069881458901803
      0.7116747518098149
      0.7163660562207534
      0.7210614275981261
      0.7257602337344898
      0.7304618418152559
      0.7351656184949724
      0.7398709299744508
      0.7445771420787662
      0.7492836203361417
      0.7539897300576939
      0.7586948364180883
      0.7633983045370711
      0.7680994995619119
      0.7727977867507591
      0.7774925315568891
      0.7821830997138705
      0.7868688573216459
      0.7915491709335303
      0.7962234076441238
      0.8008909351781246
      0.8055511219800731
      0.8102033373049993
      0.8148469513099753
      0.8194813351465607
      0.8241058610541485
      0.8287199024542002
      0.8333228340453441
      0.8379140318993622
      0.8424928735580011
      0.8470587381306484
      0.8516110063928266
      0.8561490608854874
      0.8606722860151135
      0.8651800681545732
      0.8696717957447374
       0.874146859396819
      0.8786046519954198
      0.8830445688022371
      0.8874660075604348
      0.8918683685996334
      0.8962510549414761
      0.9006134724057613
      0.9049550297170872
      0.9092751386119858
      0.9135732139464974
      0.9178486738041753
      0.9221009396044255
      0.9263294362112052
      0.9305335920419654
      0.9347128391768715
      0.9388666134681712
      0.9429943546497365
      0.9470955064466751
      0.9511695166849816
      0.9552158374011707
      0.9592339249518497
      0.9632232401231493
      0.9671832482399761
      0.9711134192750287
      0.9750132279574685
      0.9788821538812804
      0.9827196816131472
      0.9865253007998687
      0.9902985062752083
      0.9940387981660956
      0.9977456819981589
       1.001418668800492
       1.005057275209604
       1.008661023572436
       1.012229442048477
       1.015762064710776
       1.019258431645915
       1.022718089052772
       1.026140589340053
       1.029525491222536
       1.032872359815906
       1.036180766730174
       1.039450290161563
       1.042680514982823
       1.045871032831889
       1.049021442198833
        1.05213134851104
       1.055200364216506
       1.058228108865279
       1.061214209188895
       1.064158299177776
        1.06706002015656
        1.06991902085725
       1.072734957490207
       1.075507493812801
       1.078236301195833
       1.080921058687532
        1.08356145307517
       1.086157178944188
       1.088707938734858
       1.091213442796367
       1.093673409438331
       1.096087564979705
       1.098455643795007
       1.100777388357895
       1.103052549282021
       1.105280885359146
       1.107462163594493
       1.109596159239357
       1.111682655820894
       1.113721445169105
       1.115712327441032
       1.117655111142112
       1.119549613144708
       1.121395658703825
       1.123193081469982
       1.124941723499312
       1.126641435260795
       1.128292075640728
       1.129893511944414
       1.131445619895059
       1.132948283629987
       1.134401395694044
       1.135804857030414
       1.137158576968706
       1.138462473210429
       1.139716471811896
       1.140920507164578
       1.142074521972926
       1.143178467229748
       1.144232302189173
       1.145235994337233
       1.146189519360165
         1.1470928611104
       1.147946011570377
       1.148748970814228
       1.149501746967325
       1.150204356163828
       1.150856822502259
       1.151459177999161
       1.152011462540939
         1.1525137238339
       1.152966017352581
       1.153368406286451
       1.153720961485018
       1.154023761401454
       1.154276892034736
       1.154480446870457
       1.154634526820297
       1.154739240160281
       1.154794702467886
       1.154801036557999
        1.15475837241789
       1.154666847141221
       1.154526604861131
       1.154337796682507
        1.15410058061349
       1.153815121496289
       1.153481590937322
       1.153100167236805
       1.152671035317801
       1.152194386654829
       1.151670419202027
       1.151099337320976
        1.15048135170822
       1.149816679322516
        1.14910554331188
       1.148348172940453
       1.147544803515251
       1.146695676312846
       1.145801038505956
        1.14486114309006
           1.14387624881
       1.142846620086678
       1.141772526943787
       1.140654244934691
       1.139492055069405
       1.138286243741733
       1.137037102656585
       1.135744928757496
       1.134410024154333
       1.133032696051201
       1.131613256674629
       1.130152023201954
       1.128649317689919
       1.127105467003592
       1.125520802745466
       1.123895661184816
       1.122230383187305
        1.12052531414482
       1.118780803905526
       1.116997206704158
       1.115174881092505
       1.113314189870087
       1.111415500015009
       1.109479182614997
       1.107505612798583
       1.105495169666407
       1.103448236222666
       1.101365199306602
       1.099246449524154
       1.097092381179604
       1.094903392207291
        1.09267988410334
       1.090422261857399
       1.088130933884372
       1.085806311956069
       1.083448811132835
       1.081058849695097
         1.0786368490748
       1.076183233786731
       1.073698431359707
       1.071182872267584
       1.068636989860124
       1.066061220293649
       1.063456002461468
       1.060821777924101
       1.058158990839244
       1.055468087891475
       1.052749518221687
       1.050003733356227
       1.047231187135772
       1.044432335643865
        1.04160763713514
       1.038757551963253
       1.035882542508463
       1.032983073104934
       1.030059609967635
       1.027112621119002
         1.0241425763152
       1.021149946972148
       1.018135206091169
        1.01509882818436
       1.012041289199673
       1.008963066445713
       1.005864638516256
       1.002746485214505
        0.99960908747713
      0.9964529272980509
      0.9932784876520224
       0.990086252418017
       0.986876706302461
      0.9836503347622985
      0.9804076239279271
      0.9771490605260409
      0.9738751318023817
      0.9705863254444653
       0.967283129504239
      0.9639660323208046
      0.9606355224431018
      0.9572920885527376
      0.9539362193868757
      0.9505684036612587
      0.9471891299934223
      0.9437988868260923
      0.9403981623508593
      0.9369874444320985
      0.9335672205312182
      0.9301379776312817
      0.9267002021619837
      0.9232543799250896
      0.9198009960203291
      0.9163405347717737
      0.9128734796547973
      0.9094003132235642
      0.9059215170391381
      0.9024375715982655
      0.8989489562627924
      0.8954561491898168
      0.8919596272625838
       0.888459866022165
      0.8849573395999188
       0.881452520650819
      0.8779458802876394
      0.8744378880160637
      0.8709290116706825
      0.8674197173519879
      0.8639104693643587
      0.8604017301550355
      0.8568939602541565
      0.8533876182158445
      0.8498831605604238
      0.8463810417176958
      0.8428817139714098
      0.8393856274048336
      0.8358932298475081
      0.8324049668232382
      0.8289212814991828
      0.8254426146362659
      0.8219694045407291
      0.8185020870169272
      0.8150410953213955
      0.8115868601180981
      0.8081398094349501
      0.8047003686215564
      0.8012689603082267
      0.7978460043661704
      0.7944319178689674
       0.791027115055258
      0.7876320072926449
       0.784247003042832
      0.7808725078279442
      0.7775089241980906
      0.7741566517000783
      0.7708160868473416
      0.7674876230910387
      0.7641716507922931
         0.7608685571956
      0.7575787264033461
      0.7543025393514611
      0.7510403737861456
      0.7477926042416919
       0.744559602019335
      0.7413417351671389
      0.7381393684608797
       0.734952863385905
      0.7317825781199127
      0.7286288675166586
      0.7254920830905217
       0.722372573001927
      0.7192706820435723
      0.7161867516274235
      0.7131211197724481
      0.7100741210930891
        0.70704608678839
      0.7040373446317825
      0.7010482189615079
       0.698079030671645
      0.6951300972037124
