                       0
   1.392651083969729e-05
   5.579117552834756e-05
   0.0001257499385908489
   0.0002238940454884411
   0.0003502526258919598
   0.0005047967279713667
   0.0006874446016139494
   0.0008980679728745603
    0.001136499012616502
    0.001402537680184809
     0.00169595911916117
    0.002016520796720819
    0.002363969109598609
    0.002738045225793787
     0.00313848998852916
    0.003565047773498648
    0.004017469257500661
    0.004495513121479227
    0.004998946769379492
     0.00552754619231464
    0.006081095142535405
    0.006659383801963957
    0.007262207135246571
    0.007889363108297198
    0.008540650932158831
    0.009215869461582666
    0.009914815841443211
     0.01063728445559962
     0.01138306619555404
     0.01215194803326882
     0.01294371285610982
     0.01375813950356549
      0.0145950029357259
     0.01545407446220882
     0.01633512196624709
     0.01723791007039475
     0.01816220020578956
     0.01910775056403011
      0.0200743159274669
     0.02106164738834465
     0.02206949197845428
     0.02309759223797011
     0.02414568575470714
     0.02521350470339706
     0.02630077540943484
     0.02740721795390007
     0.02853254582767333
     0.02967646563335251
     0.03083867682551569
     0.03201887147354268
     0.03321673402727708
     0.03443194106451956
     0.03566416100061461
      0.0369130537438427
     0.03817827028537989
     0.03945945221850157
     0.04075623118774497
     0.04206822827419232
     0.04339505332733446
     0.04473630425673909
     0.04609156629781443
       0.047460411265378
     0.04884239680675948
     0.05023706566316875
     0.05164394494453302
     0.05306254541943808
     0.05449236081867149
     0.05593286714851907
      0.0573835220086588
     0.05884376390930322
     0.06031301158313331
     0.06179066328931867
      0.0632760961092943
     0.06476866523657755
     0.06626770326546448
     0.06777251948558956
     0.06928239919087142
     0.07079660301212189
     0.07231436628256942
     0.07383489844478112
     0.07535738250615316
     0.07688097454847448
     0.07840480329532021
     0.07992796973945671
     0.08144954683123239
     0.08296857922826543
     0.08448408310668119
     0.08599504603470096
      0.0875004269104542
     0.08899915596732727
     0.09049013485179742
      0.0919722367803044
     0.09344430678312107
     0.09490516204419885
     0.09635359234651057
      0.0977883606324229
     0.09920820368812402
      0.1006118329601877
      0.1019979355110979
      0.1033651751191128
      0.1047121935264061
      0.1060376118380874
       0.107340032073617
       0.108618038871333
      0.1098702013463374
      0.1110950751017988
      0.1122912043937522
      0.1134571244496044
      0.1145913639406562
      0.1156924476089265
      0.1167588990482947
      0.1177892436393766
      0.1187820116366304
      0.1197357414049047
      0.1206489828010816
      0.1215203006947084
      0.1223482786196509
      0.1231315225469753
        0.12386866476757
       0.124558367871567
      0.1251993288104646
        0.12579028302705
      0.1263300086377311
      0.1268173306517204
      0.1272511252115767
      0.1276303238398356
      0.1279539176767623
      0.1282209616945796
      0.1284305788737776
      0.1285819643272957
      0.1286743893584624
      0.1287072054386404
      0.1286798480905853
      0.1285918406636861
      0.1284427979876088
      0.1282324298914683
      0.1279605445766372
      0.1276270518326691
      0.1272319660876292
      0.1267754092863682
      0.1262576135929155
      0.1256789239161357
       0.125039800261003
      0.1243408199112112
      0.1235826794522418
      0.1227661966473635
      0.1218923121822774
      0.1209620912971684
      0.1199767253277453
      0.1189375331794632
       0.117845962761461
      0.1167035924088775
      0.1155121323240886
      0.1142734260690025
      0.1129894521418366
      0.1116623256726226
       0.110294300271901
       0.108887770066445
        0.10744527195405
      0.1059694881060902
      0.1044632487411809
        0.10292953518535
      0.1013714832229892
     0.09979238672780756
     0.09819570154325043
     0.09658504955655429
      0.0949642228788344
     0.09333718800444873
     0.09170808977543485
     0.09008125492028157
     0.08846119487012939
     0.08685260747955421
     0.08526037719394353
     0.08368957311270915
     0.08214544430025426
     0.08063341159975493
     0.07915905511597258
     0.07772809646301965
      0.0763463748351545
      0.0750198159704048
     0.07375439315791787
     0.07255607961127888
     0.07143079181095978
     0.07038432382347025
     0.06942227313622029
     0.06854995919326579
     0.06777233654496796
     0.06709390527759998
      0.0665186220881307
     0.06604981591996857
       0.065690112379147
     0.06544137112299775
     0.06530464000361121
     0.06528012895446272
     0.06536720548628905
      0.0655644123176783
     0.06586950625543697
     0.06627951612128219
     0.06679081644095461
     0.06739921287511783
     0.06810003502849803
     0.06888823231653173
      0.0697584689402571
     0.07070521463115233
     0.07172282857645097
     0.07280563472552257
     0.07394798742993779
     0.07514432702822731
     0.07638922551980667
     0.07767742287097122
     0.07900385476510816
     0.08036367276536346
     0.08175225792213558
     0.08316522885230175
     0.08459844526290307
     0.08604800780704243
     0.08751025505831926
     0.08898175828303843
     0.09045931458423831
     0.09193993889324245
     0.09342085519576958
     0.09489948730194581
     0.09637344940305818
     0.09784053660208454
     0.09929871555897947
      0.1007461153542862
      0.1021810186446385
      0.1036018531599383
      0.1050071835734035
      0.1063957037612297
      0.1077662294575769
      0.1091176913022325
      0.1104491282720943
      0.1117596814831238
      0.1130485883463193
        0.11431517705925
      0.1155588614136226
      0.1167791358990015
      0.1179755710830707
      0.1191478092495444
      0.1202955602759181
      0.1214185977345502
      0.1225167552019921
      0.1235899227629348
      0.1246380436965166
      0.1256611113339803
      0.1266591660777437
      0.1276322925727903
      0.1285806170219656
      0.1295043046372314
      0.1304035572192789
      0.1312786108581565
      0.1321297337477811
      0.1329572241074426
      0.1337614082037048
      0.1345426384664675
      0.1353012916934281
      0.1360377673377123
      0.1367524858740306
      0.1374458872393278
      0.1381184293444599
      0.1387705866539324
      0.1394028488311273
      0.1400157194466996
      0.1406097147479362
      0.1411853624868553
      0.1417432008046852
      0.1422837771701662
      0.1428076473688834
      0.1433153745406217
      0.1438075282615992
      0.1442846836683571
       0.144747420620168
      0.1451963228969954
      0.1456319774303115
       0.146054973564468
        0.14646590234669
      0.1468653558441793
      0.1472539264871546
      0.1476322064369301
      0.1480007869782849
       0.148360257935424
      0.1487112071107547
      0.1490542197455354
      0.1493898780012375
      0.1497187604602157
      0.1500414416440614
      0.1503584915478624
      0.1506704751885329
      0.1509779521654256
      0.1512814762315867
      0.1515815948742855
      0.1518788489037677
      0.1521737720495439
      0.1524668905638779
      0.1527587228324472
      0.1530497789923745
      0.1533405605579582
      0.1536315600544393
      0.1539232606600679
      0.1542161358565631
      0.1545106490878485
      0.1548072534267183
      0.1551063912489104
      0.1554084939139125
      0.1557139814518065
      0.1560232622555058
      0.1563367327779073
      0.1566547772337165
      0.1569777673060165
       0.157306061857945
      0.1576400066501608
      0.1579799340650072
      0.1583261628384291
      0.1586789978007457
      0.1590387296273187
      0.1594056345999893
      0.1597799743799224
      0.1601619957922111
      0.1605519306223152
      0.1609499954241488
      0.1613563913394606
      0.1617713039280338
      0.1621949030082449
      0.1626273425076209
      0.1630687603231865
      0.1635192781916323
      0.1639790015695596
      0.1644480195242697
      0.1649264046357303
      0.1654142129104313
      0.1659114837078253
      0.1664182396799516
      0.1669344867246584
       0.167460213952597
      0.1679953936679058
      0.1685399813622469
      0.1690939157216617
      0.1696571186455658
      0.1702294952771744
      0.1708109340446897
      0.1714013067127236
      0.1720004684436226
      0.1726082578686212
       0.173224497168975
      0.1738489921674601
      0.1744815324307875
      0.1751218913835502
      0.1757698264343503
       0.176425079114646
      0.1770873752307248
      0.1777564250290052
        0.17843192337467
       0.179113549943447
      0.1798009694262015
      0.1804938317459488
      0.1811917722869066
      0.1818944121353014
       0.182601358331823
      0.1833122041358518
       0.184026529301834
      0.1847439003684422
      0.1854638709613657
      0.1861859821107484
      0.1869097625843554
      0.1876347292375637
      0.1883603873811859
      0.1890862311679778
      0.1898117439985005
      0.1905363989467979
      0.1912596592061541
      0.1919809785550223
      0.1926998018431364
      0.1934155654977533
      0.1941276980500012
       0.194835620681388
      0.1955387477906229
      0.1962364875810076
      0.1969282426687641
      0.1976134107126837
      0.1982913850654749
      0.1989615554470704
      0.1996233086399622
       0.200276029206373
      0.2009191002267251
      0.2015519040585165
      0.2021738231143096
      0.2027842406571941
       0.203382541611726
      0.2039681133881038
      0.2045403467170994
      0.2050986364931367
      0.2056423826228146
      0.2061709908761072
      0.2066838737374462
        0.20718045125384
      0.2076601518770948
      0.2081224132971114
      0.2085666832630159
      0.2089924203886818
      0.2093990949389102
      0.2097861895922393
      0.2101532001760421
      0.2104996363692995
      0.2108250223682049
      0.2111288975096021
      0.2114108168472134
      0.2116703516756521
      0.2119070899973858
      0.2121206369280517
       0.212310615035893
       0.212476664611467
      0.2126184438642463
      0.2127356290432053
      0.2128279144789705
       0.212895012545619
      0.2129366535406872
       0.212952585482464
      0.2129425738241771
      0.2129064010852418
      0.2128438664003716
      0.2127547849880862
      0.2126389875409539
       0.212496319540822
      0.2123266405033304
      0.2121298231571146
      0.2119057525642959
      0.2116543251901039
      0.2113754479307232
        0.21106903710968
      0.2107350174542687
      0.2103733210645791
      0.2099838863886792
      0.2095666572183311
       0.209121581720338
      0.2086486115191958
      0.2081477008471644
      0.2076188057782123
      0.2070618835625158
      0.2064768920783265
      0.2058637894180538
      0.2052225336253649
      0.2045530825999311
      0.2038553941861881
      0.2031294264620417
      0.2023751382428912
      0.2015924898155636
      0.2007814439158072
      0.1999419669618067
      0.1990740305548295
      0.1981776132565004
      0.1972527026504876
       0.196299297694441
      0.1953174113660398
      0.1943070736048938
       0.193268334549933
       0.192201268069801
      0.1911059755816638
      0.1899825901518082
      0.1888312808694121
      0.1876522574829003
       0.186445775286407
      0.1852121402419183
      0.1839517143207517
      0.1826649210459942
      0.1813522512154399
      0.1800142687823047
      0.1786516168686163
      0.1772650238835661
         0.1758553097163
      0.1744233919695647
      0.1729702921972632
      0.1714971421053236
      0.1700051896712282
      0.1684958051331025
      0.1669704867942731
       0.165430866583691
      0.1638787153063961
      0.1623159475112614
      0.1607446258955167
      0.1591669651569483
      0.1575853351952081
      0.1560022635534161
      0.1544204369802753
      0.1528427019815004
      0.1512720642177706
      0.1497116865951387
      0.1481648858834195
      0.1466351276893221
       0.145126019604888
      0.1436413023492178
      0.1421848387237806
      0.1407606002101357
      0.1393726510551176
      0.1380251297138784
      0.1367222275570187
       0.135468164795482
      0.1342671636367111
      0.1331234187579347
       0.132041065266798
       0.131024144414357
      0.1300765674281132
      0.1292020779394411
      0.1284042135855388
      0.1276862674648495
      0.1270512502100486
      0.1265018535071094
      0.1260404159258837
      0.1256688919312714
      0.1253888249102484
      0.1252013249769253
      0.1251070522062963
      0.1251062058012604
      0.1251985195235621
      0.1253832635265929
      0.1256592525273787
      0.1260248600580101
      0.1264780383545574
      0.1270163432839957
      0.1276369635846117
      0.1283367536078019
      0.1291122687011165
      0.1299598023630518
      0.1308754243260488
      0.1318550187801479
      0.1328943220291983
      0.1339889589673369
      0.1351344778685831
      0.1363263830904329
      0.1375601653977844
       0.138831329712083
      0.1401354201791605
      0.1414680425259112
      0.1428248837398809
      0.1442017291569482
       0.145594477081279
       0.146999151089638
       0.148411910190387
      0.1498290570175452
      0.1512470442436495
       0.152662479393255
      0.1540721282330461
      0.1554729169057945
      0.1568619329647735
      0.1582364254534435
      0.1595938041628926
       0.160931638187083
      0.1622476538837931
       0.163539732337439
      0.1648059064089402
      0.1660443574474871
       0.167253411729629
      0.1684315366824614
      0.1695773369399323
      0.1706895502743599
      0.1717670434391381
      0.1728088079532764
      0.1738139558537995
      0.1747817154380934
      0.1757114270149272
      0.1766025386800637
      0.1774546021299692
       0.178267268525141
      0.1790402844128147
      0.1797734877173476
      0.1804668038052185
      0.1811202416303977
      0.1817338899647188
      0.1823079137168788
       0.182842550342711
      0.1833381063485281
      0.1837949538885302
      0.1842135274565996
      0.1845943206722324
      0.1849378831598977
      0.1852448175207894
       0.185515776395694
      0.1857514596175714
      0.1859526114523507
      0.1861200179264188
      0.1862545042392367
      0.1863569322594632
      0.1864281981028778
      0.1864692297902415
      0.1864809849830173
      0.1864644487946338
      0.1864206316746657
       0.186350567363008
      0.1862553109108239
      0.1861359367647911
      0.1859935369109884
      0.1858292190746421
      0.1856441049719228
      0.1854393286100521
       0.185216034632096
       0.184975376702999
      0.1847185159336436
      0.1844466193399099
      0.1841608583339162
      0.1838624072447603
      0.1835524418661915
      0.1832321380286814
      0.1829026701933667
      0.1825652100653142
      0.1822209252235339
      0.1818709777651782
      0.1815165229614026
      0.1811587079225264
      0.1807986702703382
      0.1804375368157314
      0.1800764222402812
      0.1797164277808556
      0.1793586399169374
      0.1790041290608841
      0.1786539482519404
      0.1783091318553391
      0.1779706942683069
      0.1776396286351718
      0.1773169055740962
      0.1770034719181811
      0.1767002494738803
       0.176408133799796
       0.176127993009064
      0.1758606665986726
      0.1756069643092573
      0.1753676650191027
      0.1751435156763734
      0.1749352302738808
      0.1747434888709945
      0.1745689366675976
      0.1744121831352158
      0.1742738012105965
      0.1741543265570414
      0.1740542568986921
      0.1739740514327138
       0.173914130323936
      0.1738748742859962
      0.1738566242524103
      0.1738596811403439
      0.1738843057091476
      0.1739307185150392
      0.1739990999626868
      0.1740895904538472
      0.1742022906327161
      0.1743372617271943
      0.1744945259848729
      0.1746740672021819
      0.1748758313447721
      0.1750997272568202
      0.1753456274565204
      0.1756133690145493
      0.1759027545117693
      0.1762135530718743
      0.1765455014641099
      0.1768983052706456
       0.177271640112678
      0.1776651529289227
      0.1780784632998623
      0.1785111648109532
      0.1789628264479596
      0.1794329940177128
      0.1799211915878195
      0.1804269229391575
      0.1809496730253807
      0.1814889094340447
      0.1820440838443386
      0.1826146334767374
      0.1831999825301647
      0.1837995436024495
      0.1844127190900085
      0.1850389025627798
       0.185677480110516
      0.1863278316566365
      0.1869893322359544
      0.1876613532327895
      0.1883432635762254
      0.1890344308896032
      0.1897342225917321
      0.1904420069477363
       0.191157154067923
      0.1918790368534793
      0.1926070318882292
      0.1933405202759874
       0.194078888423288
      0.1948215287674127
      0.1955678404496736
      0.1963172299338614
      0.1970691115696898
      0.1978229081009249
      0.1985780511177797
      0.1993339814530598
      0.2000901495215295
      0.2008460156020061
      0.2016010500618148
      0.2023547335234314
      0.2031065569733804
      0.2038560218137265
      0.2046026398567752
      0.2053459332638208
      0.2060854344289902
      0.2068206858093274
      0.2075512397023349
      0.2082766579721354
      0.2089965117253718
      0.2097103809378346
      0.2104178540327184
      0.2111185274113275
      0.2118120049370317
      0.2124978973733434
      0.2131758217771315
      0.2138454008482274
      0.2145062622370043
       0.215158037811888
      0.2158003628891739
      0.2164328754279355
      0.2170552151932229
      0.2176670228910736
      0.2182679392791514
      0.2188576042570428
      0.2194356559403822
      0.2200017297230643
      0.2205554573318796
      0.2210964658779604
      0.2216243769094994
       0.222138805470348
      0.2226393591692772
      0.2231256372649515
      0.2235972297719776
      0.2240537165937832
      0.2244946666884663
      0.2249196372741619
      0.2253281730808319
      0.2257198056556897
      0.2260940527296766
      0.2264504176525065
      0.2267883889038019
      0.2271074396876842
      0.2274070276180277
       0.227686594501254
      0.2279455662232444
      0.2281833527465855
       0.228399348224073
      0.2285929312340138
      0.2287634651427024
      0.2289102985991055
      0.2290327661666599
       0.229130189096826
      0.2292018762488401
      0.2292471251598066
      0.2292652232689322
       0.229255449299251
      0.2292170747996286
      0.2291493658492187
      0.2290515849257403
       0.228922992938205
      0.2287628514238124
      0.2285704249079219
      0.2283449834251386
      0.2280858051988155
      0.2277921794755464
      0.2274634095106327
      0.2270988156999833
      0.2266977388534604
      0.2262595436042867
      0.2257836219487939
      0.2252693969104011
      0.2247163263213402
      0.2241239067151965
      0.2234916773228114
      0.2228192241635375
      0.2221061842231454
      0.2213522497090389
      0.2205571723726617
      0.2197207678882967
      0.2188429202767307
      0.2179235863616454
      0.2169628002459613
      0.2159606777948684
      0.2149174211117677
      0.2138333229928736
      0.2127087713457485
      0.2115442535564626
      0.2103403607894001
       0.209097792202883
      0.2078173590626873
      0.2064999887342313
      0.2051467285325621
      0.2037587494073695
      0.2023373494379981
      0.2008839571109036
      0.1994001343491274
      0.1978875792602501
      0.1963481285658461
      0.1947837596717559
      0.1931965923345487
      0.1915888898752843
      0.1899630598871558
      0.1883216543788244
       0.186667369290205
        0.18500304331222
      0.1833316559366898
      0.1816563246571669
      0.1799803012364005
      0.1783069669514394
      0.1766398267235208
      0.1749825020372955
      0.1733387225530153
       0.171712316316757
      0.1701071984780664
      0.1685273584323601
      0.1669768453175788
       0.165459751811659
       0.163980196199864
      0.1625423027093333
      0.1611501801425732
      0.1598078988819761
      0.1585194663834278
      0.1572888013278938
      0.1561197066543374
       0.155015841753774
       0.153980694160565
      0.1530175511306535
      0.1521294715444962
       0.151319258611854
       0.150589433883343
       0.149942213086809
      0.1493794843028479
      0.1489027889714129
      0.1485133061797549
      0.1482118406212236
      0.1479988145363633
      0.1478742638549078
      0.1478378386536006
      0.1478888079347729
      0.1480260686195021
      0.1482481585421383
      0.1485532731350794
      0.1489392854082343
      0.1494037687600991
      0.1499440221090652
      0.1505570968055509
      0.1512398247776157
      0.1519888473735899
      0.1528006443927045
      0.1536715628358971
      0.1545978449605737
      0.1555756552817514
      0.1566011062243712
      0.1576702821946669
      0.1587792618997111
      0.1599241388016127
      0.1611010396447648
       0.162306141040105
      0.1635356841290166
      0.1647859873812215
      0.1660534576060442
      0.1673345992752032
      0.1686260222685503
       0.169924448162595
      0.1712267151859953
      0.1725297819672462
      0.1738307301981659
      0.1751267663331209
      0.1764152224387167
       0.177693556302358
      0.1789593509009726
       0.180210313323601
      0.1814442732336613
      0.1826591809487235
      0.1838531052076942
      0.1850242306875745
      0.1861708553245023
       0.187291387486754
       0.188384343040841
      0.1894483423458425
       0.190482107205778
      0.1914844578050913
      0.1924543096482513
      0.1933906705210257
      0.1942926374880785
       0.195159393939139
      0.1959902066939694
      0.1967844231746234
       0.197541468651997
      0.1982608435722539
      0.1989421209673918
      0.1995849439529032
      0.2001890233141935
      0.2007541351821638
      0.2012801187971516
      0.2017668743593455
       0.202214360962844
      0.2026225946098238
      0.2029916463007812
      0.2033216401965965
      0.2036127518482009
      0.2038652064898438
      0.2040792773923804
      0.2042552842734712
      0.2043935917621168
      0.2044946079153735
      0.2045587827854379
      0.2045866070354342
      0.2045786106022195
      0.2045353614042767
      0.2044574640924472
      0.2043455588407561
      0.2042003201741414
      0.2040224558294536
      0.2038127056458159
      0.2035718404802879
      0.2033006611448868
      0.2029999973613184
      0.2026707067302367
      0.2023136737125036
      0.2019298086205641
      0.2015200466187226
      0.2010853467316466
      0.2006266908607728
      0.2001450828084053
       0.199641547309189
      0.1991171290682261
      0.1985728918045516
      0.1980099172979678
       0.197429304436497
      0.1968321682610422
      0.1962196390033114
      0.1955928611127895
      0.1949529922685105
      0.1943012023716663
      0.1936386725155956
      0.1929665939304322
      0.1922861669004706
      0.1915985996531389
      0.1909051072191091
      0.1902069102635671
      0.1895052338888297
      0.1888013064083751
      0.1880963580919416
      0.1873916198807066
      0.1866883220708071
      0.1859876929626821
      0.1852909574731126
      0.1845993357064772
      0.1839140414817359
      0.1832362808121168
      0.1825672503353355
      0.1819081356934442
       0.181260109862959
      0.1806243314375975
      0.1800019428676553
      0.1793940686615462
      0.1788018135562214
      0.1782262606639272
      0.1776684696030829
      0.1771294746208621
      0.1766102827145798
      0.1761118717582067
      0.1756351886395551
      0.1751811474130225
      0.1747506274724307
      0.1743444717486285
        0.17396348493714
       0.173608431762298
      0.1732800352858602
      0.1729789752699255
      0.1727058866058042
      0.1724613578221064
      0.1722459296864453
      0.1720600939155581
      0.1719042920082432
       0.171778914214194
      0.1716842986496412
       0.171620730567924
      0.1715884417898698
       0.171587610295538
      0.1716183599758423
       0.171680760540064
      0.1717748275736426
      0.1719005227399666
      0.1720577541202582
      0.1722463766869125
       0.172466192907578
       0.172716953479486
      0.1729983581956412
      0.1733100569460479
      0.1736516508577213
      0.1740226935766121
      0.1744226926924979
      0.1748511113044575
      0.1753073697198797
      0.1757908472744734
      0.1763008842548894
      0.1768367838999579
      0.1773978144517776
       0.177983211224522
      0.1785921786573221
      0.1792238923182415
      0.1798775008292395
      0.1805521276870598
