                       0
   1.392651083969716e-05
   5.579117552834575e-05
   0.0001257499385908428
    0.000223894045488439
   0.0003502526258919507
   0.0005047967279713507
   0.0006874446016139378
   0.0008980679728745342
    0.001136499012616435
    0.001402537680184703
     0.00169595911916105
    0.002016520796720635
    0.002363969109598394
    0.002738045225793565
    0.003138489988528882
     0.00356504777349826
    0.004017469257500347
    0.004495513121478877
    0.004998946769379514
     0.00552754619231486
    0.006081095142536221
    0.006659383801965589
    0.007262207135249721
    0.007889363108302619
    0.008540650932168586
    0.009215869461599833
    0.009914815841472489
     0.01063728445564813
      0.0113830661956323
     0.01215194803339309
     0.01294371285630444
     0.01375813950386503
     0.01459500293618194
     0.01545407446289285
     0.01633512196726241
     0.01723791007188305
     0.01816220020794828
     0.01910775056712737
     0.02007431593186733
      0.0210616473945407
     0.02206949198710234
     0.02309759224993838
     0.02414568577113797
     0.02521350472578077
     0.02630077543970413
     0.02740721799454703
     0.02853254588188683
     0.02967646570519427
     0.03083867692012734
     0.03201887159739732
     0.03321673418847974
     0.03443194127316947
     0.03566416126922923
      0.0369130540878691
     0.03817827072378226
     0.03945945277446136
     0.04075623188947511
     0.04206822915587808
     0.04339505443022084
     0.04473630563038884
     0.04609156800153741
     0.04746041336987323
     0.04884239939595732
     0.05023706883633421
     0.05164394881861525
     0.05306255013169104
     0.05449236652957151
      0.0559328740450003
     0.05738353030764053
     0.05884377386157159
     0.06031302347751231
     0.06179067745719465
     0.06327611292941353
     0.06476868514013558
     0.06626772674140247
     0.06777254708608058
     0.06928243153689057
      0.0707966407990125
     0.07231441028544541
     0.07383494952363918
     0.07535744161047747
     0.07688104272107868
     0.07840488167516339
     0.07992805956306248
     0.08144964943231392
     0.08296869603509105
     0.08448421563661794
     0.08599519588531246
      0.0875005957464223
     0.08899934550239476
      0.0904903468247658
     0.09197247292411624
     0.09344456878578929
     0.09490545150034131
     0.09635391069807873
     0.09778870909703247
      0.0992085831733213
      0.1006122439618418
      0.1019983779938825
      0.1033656483770031
      0.1047126960209975
      0.1060381410123251
      0.1073405841385311
      0.1086186085632202
      0.1098707816518289
      0.1110956569481803
      0.1122917763019745
      0.1134576721473845
      0.1145918699332845
      0.1156928907055034
      0.1167592538413165
      0.1177894799359838
      0.1187820938401614
      0.1197356278458807
       0.120648625017339
      0.1215196426610458
      0.1223472559282118
      0.1231300615404288
      0.1238666816282432
      0.1245557676707816
      0.1251960045236969
      0.1257861145218288
      0.1263248616428161
      0.1268110557177659
      0.1272435566751233
      0.1276212788044397
      0.1279431950269898
      0.1282083411605788
      0.1284158201662114
      0.1285648063643894
      0.1286545496091768
      0.1286843794077903
      0.1286537089737559
      0.1285620392016417
      0.1284089625514718
      0.1281941668315043
      0.1279174388686454
      0.1275786680569644
      0.1271778497761082
      0.1267150886735199
       0.126190601806326
      0.1256047216413888
      0.1249578989148268
      0.1242507053548756
      0.1234838362750115
      0.1226581130470379
      0.1217744854662471
      0.1208340340233445
      0.1198379721000257
       0.118787648106873
      0.1176845475840268
      0.1165302952865171
      0.1153266572770968
      0.1140755430505795
      0.1127790077138173
      0.1114392542455575
      0.1100586358596974
      0.1086396584934823
      0.1071849834392985
      0.1056974301338066
      0.1041799791108868
      0.1026357751149068
      0.1010681303570501
     0.09948052787934894
     0.09787662496796311
     0.09626025652759584
     0.09463543829290832
     0.09300636970842084
      0.0913774362559399
     0.08975321094682751
     0.08813845462595521
     0.08653811465513025
     0.08495732145822976
     0.08340138232079697
     0.08187577174866978
     0.08038611761008523
     0.07893818222379963
     0.07753783752479887
     0.07619103345488126
     0.07490375880598424
     0.07368199390851081
     0.07253165482245387
     0.07145852906850796
     0.07046820343233531
     0.06956598497664714
     0.06875681707246367
     0.06804519296168722
     0.06743507001605406
     0.06692978837618428
     0.06653199794852453
     0.06624359772899789
     0.06606569106033097
     0.06599855970986669
     0.06604165862256627
     0.06619363195702745
     0.06645234968472845
     0.06681496277352814
     0.06727797392405253
      0.0678373200857593
     0.06848846260261741
     0.06922648082684456
     0.07004616534680944
     0.07094210752299319
     0.07190878272044658
     0.07294062537565987
     0.07403209476253515
      0.0751777309700426
     0.07637220113868348
     0.07761033641110475
     0.07888716033641713
     0.08019790964062405
      0.0815380483567875
     0.08290327631829314
     0.08428953297734387
     0.08569299743588379
     0.08711008548218491
     0.08853744432424529
     0.08997194560875615
     0.09141067721748024
     0.09285093424415605
     0.09429020947664081
     0.09572618364108589
     0.09715671560762197
     0.09857983270905532
     0.09999372128517683
      0.1013967175335043
      0.1027872987221021
       0.104164074800471
       0.105525780428544
      0.1068712674324124
      0.1081994976857881
      0.1095095364095306
      0.1108005458764253
      0.1120717795047177
      0.1133225763212475
      0.1145523557737183
      0.1157606128705546
      0.1169469136268772
      0.1181108907953256
      0.1192522398615347
      0.1203707152848935
      0.1214661269667826
      0.1225383369299518
      0.1235872561939727
      0.1246128418334008
      0.1256150942063718
      0.1265940543424582
      0.1275498014797468
      0.1284824507414819
      0.1293921509434701
      0.1302790825236591
       0.131143455585656
      0.1319855080483601
      0.1328055038940509
      0.1336037315076563
      0.1343805021005766
      0.1351361482126346
      0.1358710222866339
       0.136585495310596
      0.1372799555233012
      0.1379548071795803
      0.1386104693722741
      0.1392473749082052
      0.1398659692359053
      0.1404667094230145
      0.1410500631810777
        0.14161650793582
      0.1421665299403352
      0.1427006234286816
      0.1432192898073363
      0.1437230368813311
      0.1442123781125667
      0.1446878319073024
      0.1451499209301479
      0.1455991714425645
      0.1460361126636056
      0.1464612761516177
      0.1468751952057033
      0.1472784042862193
      0.1476714384537164
       0.148054832826125
      0.1484291220537432
       0.148794839811708
      0.1491525183093926
      0.1495026878158717
      0.1498458762003795
      0.1501826084865833
      0.1505134064191282
      0.1508387880409288
       0.151159267279656
        0.15147535354218
      0.1517875513157554
      0.1520963597750905
       0.152402272394929
      0.1527057765679126
      0.1530073532279363
      0.1533074764792844
      0.1536066132320155
      0.1539052228440833
      0.1542037567705449
      0.1545026582199519
       0.154802361817955
      0.1551032932778339
      0.1554058690772652
      0.1557104961409882
      0.1560175715283923
      0.1563274821254904
      0.1566406043408047
      0.1569573038048347
      0.1572779350730495
       0.157602841332998
      0.1579323541158446
      0.1582667930133018
      0.1586064654009681
      0.1589516661690485
      0.1593026774614751
      0.1596597684241431
       0.160023194962865
      0.1603931995113072
      0.1607700108089485
      0.1611538436887641
      0.1615448988741232
      0.1619433627845269
      0.1623494073496192
      0.1627631898308697
      0.1631848526509216
      0.1636145232303955
      0.1640523138323944
      0.1644983214152161
      0.1649526274937542
      0.1654152980103143
      0.1658863832154727
      0.1663659175596117
      0.1668539195954521
      0.1673503918917692
      0.1678553209582268
      0.1683686771808906
      0.1688904147679166
      0.1694204717047695
      0.1699587697181781
      0.1705052142481733
      0.1710596944275944
      0.1716220830689159
        0.17219223665801
      0.1727699953552104
      0.1733551830039732
      0.1739476071474982
      0.1745470590542431
      0.1751533137525969
      0.1757661300754465
      0.1763852507148703
      0.1770104022872528
      0.1776412954087041
      0.1782776247805128
      0.1789190692843695
      0.1795652920868568
      0.1802159407527905
      0.1808706473670119
      0.1815290286646361
       0.182190686169692
      0.1828552063426369
      0.1835221607372376
      0.1841911061678368
      0.1848615848877974
      0.1855331247805717
      0.1862052395643095
      0.1868774290111832
      0.1875491791824215
      0.1882199626800238
      0.1888892389155784
      0.1895564543968532
      0.1902210430326046
      0.1908824264559204
      0.1915400143664225
      0.1921932048919658
      0.1928413849703413
       0.193483930751803
      0.1941202080236754
      0.1947495726579212
        0.19537137108338
      0.1959849407839423
      0.1965896108241807
        0.19718470240406
      0.1977695294436622
      0.1983433991994393
      0.1989056129125074
       0.199455466489987
       0.199992251219536
       0.200515254517513
      0.2010237607108909
      0.2015170518530387
      0.2019944085735718
      0.2024551109623071
      0.2028984394879305
      0.2033236759515042
      0.2037301044755716
      0.2041170125295148
      0.2044836919914688
       0.204829440247716
      0.2051535613297738
      0.2054553670893135
      0.2057341784110239
      0.2059893264628502
      0.2062201539830891
      0.2064260166032267
      0.2066062842053706
      0.2067603423127365
      0.2068875935116367
      0.2069874589030958
      0.2070593795824686
      0.2071028181450193
      0.2071172602156771
      0.2071022160008624
      0.2070572218603286
      0.2069818418968191
      0.2068756695605954
      0.2067383292663835
      0.2065694780190434
      0.2063688070443496
      0.2061360434203134
      0.2058709517046409
      0.2055733355525351
      0.2052430393192364
      0.2048799496411633
      0.2044839969889423
      0.2040551571855468
      0.2035934528824219
      0.2030989549863313
      0.2025717840293699
      0.2020121114745957
      0.2014201609492246
      0.2007962093974948
      0.2001405881445756
      0.1994536838629766
      0.1987359394322196
      0.1979878546824229
      0.1972099870120012
      0.1964029518694679
      0.1955674230889905
       0.194704133069404
      0.1938138727863517
      0.1928974916273423
      0.1919558970401158
       0.190990053984703
       0.190000984180752
      0.1889897651419667
      0.1879575289905815
       0.186905461045654
      0.1858347981800072
      0.1847468269415041
      0.1836428814358627
       0.182524340968892
      0.1813926274478711
      0.1802492025427385
      0.1790955646096291
      0.1779332453809875
       0.176763806428113
      0.1755888354045661
      0.1744099420807001
      0.1732287541823602
      0.1720469130491819
      0.1708660691306608
      0.1696878773410687
      0.1685139922965687
      0.1673460634610027
      0.1661857302287596
      0.1650346169758966
      0.1638943281121709
      0.1627664431687076
      0.1616525119570374
      0.1605540498364625
      0.1594725331271291
      0.1584093947062523
      0.1573660198249155
      0.1563437421817264
      0.1553438402886647
      0.1543675341624651
      0.1534159823726739
       0.152490279474406
      0.1515914538505044
      0.1507204659834443
      0.1498782071728056
      0.1490654987086703
      0.1482830915056588
      0.1475316661961987
      0.1468118336751622
       0.146124136081548
      0.1454690481965348
      0.1448469792308578
      0.1442582749687555
      0.1437032202303983
      0.1431820416101497
      0.1426949104441413
      0.1422419459577281
      0.1418232185413495
      0.1414387531022778
      0.1410885324395533
      0.1407725005901618
      0.1404905660962342
      0.1402426051453167
       0.140028464539259
      0.1398479644508092
      0.1397009009318813
      0.1395870481422756
      0.1395061602733418
       0.139457973147022
      0.1394422054769333
      0.1394585597846638
      0.1395067229710484
      0.1395863665486501
      0.1396971465480381
      0.1398387031165144
      0.1400106598335681
      0.1402126227720777
      0.1404441793390424
       0.140704896932568
       0.140994321455109
      0.1413119757243949
       0.141657357824541
      0.1420299394400395
      0.1424291642145558
      0.1428544461751791
      0.1433051682606061
      0.1437806809893895
      0.1442803013011086
      0.1448033116001192
      0.1453489590276403
      0.1459164549840867
      0.1465049749192994
      0.1471136584040773
      0.1477416094921015
      0.1483878973767793
       0.149051557343479
      0.1497315920130013
      0.1504269728685888
      0.1511366420544111
      0.1518595144304459
      0.1525944798654387
      0.1533404057469072
      0.1540961396852617
      0.1548605123872485
      0.1556323406730209
      0.1564104306105963
      0.1571935807411826
      0.1579805853692842
      0.1587702378921579
      0.1595613341441763
      0.1603526757327035
      0.1611430733435957
      0.1619313499955753
       0.162716344224726
      0.1634969131812649
      0.1642719356226967
      0.1650403147889215
      0.1658009811463607
      0.1665528949898575
       0.167295048892564
      0.1680264699958216
      0.1687462221326704
      0.1694534077801409
      0.1701471698371506
      0.1708266932265238
       0.171491206320804
      0.1721399821933669
      0.1727723396968921
      0.1733876443728463
      0.1739853091961228
      0.1745647951598474
      0.1751256117055792
      0.1756673170048507
      0.1761895180978438
      0.1766918708954423
      0.1771740800508193
      0.1776358987067598
      0.1780771281253264
      0.1784976172060172
      0.1788972618993243
      0.1792760045220886
       0.179633832981652
      0.1799707799156612
      0.1802869217543655
      0.1805823777124946
      0.1808573087172106
      0.1811119162788396
      0.1813464413106391
      0.1815611629033137
      0.1817563970597054
       0.181932495394572
      0.1820898438037391
      0.1822288611067943
      0.1823499976665947
      0.1824537339888843
      0.1825405793050573
      0.1826110701406528
       0.182665768872194
      0.1827052622752245
      0.1827301600656376
      0.1827410934370141
      0.1827387135962093
      0.1827236902994792
       0.182696710391039
      0.1826584763459485
      0.1826097048186675
      0.1825511251984724
      0.1824834781725984
      0.1824075142972892
      0.1823239925774361
      0.1822336790544644
        0.18213734540266
      0.1820357675337522
       0.181929724209916
      0.1818199956654537
      0.1817073622374613
      0.1815926030062668
       0.181476494446651
      0.1813598090908093
      0.1812433142044221
      0.1811277704772228
      0.1810139307292949
      0.1809025386344958
      0.1807943274622639
      0.1806900188387938
      0.1805903215287397
      0.1804959302384473
      0.1804075244415472
      0.1803257672282046
      0.1802513041792234
      0.1801847622663942
      0.1801267487809398
      0.1800778502921292
      0.1800386316383342
       0.180009634953099
       0.179991378728988
      0.1799843569219441
      0.1799890380990641
      0.1800058646322867
      0.1800352519404369
      0.1800775877819684
      0.1801332316000091
      0.1802025139214093
      0.1802857358111056
      0.1803831683827052
       0.180495052366294
      0.1806215977342576
      0.1807629833857833
      0.1809193568909347
      0.1810908342948701
      0.1812774999830817
      0.1814794066083298
      0.1816965750796601
      0.1819289946140913
      0.1821766228508351
      0.1824393860277809
      0.1827171792195392
      0.1830098666358365
      0.1833172819785915
      0.1836392288557986
      0.1839754812497381
      0.1843257840369954
      0.1846898535577333
       0.185067378231284
       0.185458019215603
      0.1858614111079467
      0.1862771626844938
      0.1867048576766412
      0.1871440555818952
      0.1875942925074897
       0.188055082044611
      0.1885259161714011
       0.189006266182473
      0.1894955836428444
      0.1899933013638347
       0.190498834398346
      0.1910115810531087
      0.1915309239151089
      0.1920562308897654
      0.1925868562483609
      0.1931221416826521
      0.1936614173647589
      0.1942040030107341
      0.1947492089467145
      0.1952963371765857
      0.1958446824505085
      0.1963935333339708
      0.1969421732766233
      0.1974898816805816
      0.1980359349678244
      0.1985796076456208
       0.199120173369564
      0.1996569060028758
       0.200189080671117
      0.2007159748109245
      0.2012368692117426
       0.201751049049389
      0.2022578049104857
      0.2027564338070489
      0.2032462401807416
      0.2037265368962642
      0.2041966462241033
      0.2046559008122326
       0.205103644647213
      0.2055392340042912
      0.2059620383868013
      0.2063714414542534
      0.2067668419389192
      0.2071476545499765
      0.2075133108644348
      0.2078632602037015
      0.2081969704946406
      0.2085139291137758
      0.2088136437136854
      0.2090956430303263
      0.2093594776705806
       0.209604720879151
      0.2098309692844792
      0.2100378436231309
      0.2102249894424224
      0.2103920777810801
      0.2105388058274381
      0.2106648975545397
      0.2107701043316464
      0.2108542055107087
      0.2109170089865766
      0.2109583517293385
      0.2109781002866213
      0.2109761512538242
      0.2109524317098172
      0.2109068996160293
      0.2108395441761437
      0.2107503861542402
      0.2106394781488624
       0.210506904821036
      0.2103527830734208
       0.210177262178507
      0.2099805238530984
      0.2097627822761776
      0.2095242840471693
      0.2092653080808308
      0.2089861654349208
      0.2086871990663245
      0.2083687835108953
      0.2080313244821817
      0.2076752583838965
      0.2073010517311223
      0.2069092004753334
       0.206500229228546
      0.2060746903824926
      0.2056331631186902
      0.2051762523067501
      0.2047045872878193
      0.2042188205415474
      0.2037196262350508
      0.2032076986534024
      0.2026837505115635
      0.2021485111485698
      0.2016027246054011
      0.2010471475891094
      0.2004825473263292
      0.1999096993109734
      0.1993293849517232
      0.1987423891267188
      0.1981494976542075
      0.1975514946897658
      0.1969491600624629
      0.1963432665639351
      0.1957345772063263
      0.1951238424664284
      0.1945117975348389
      0.1938991595903246
      0.1932866251202628
      0.1926748673091797
      0.1920645335172334
      0.1914562428713519
       0.190850583991089
      0.1902481128714069
      0.1896493509437992
      0.1890547833367198
       0.188464857355275
      0.1878799811989773
      0.1873005229354677
      0.1867268097461416
      0.1861591274582135
      0.1855977203755569
      0.1850427914182931
      0.1844945025787639
      0.1839529756982944
      0.1834182935662612
      0.1828905013396399
      0.1823696082777722
      0.1818555897837018
      0.1813483897399613
      0.1808479231235971
      0.1803540788820228
      0.1798667230488016
      0.1793857020757343
      0.1789108463558253
       0.178441973909778
      0.1779788942073216
      0.1775214120934972
      0.1770693317892075
      0.1766224609344866
       0.176180614642693
      0.1757436195331575
      0.1753113177098488
      0.1748835706535562
      0.1744602629950274
      0.1740413061370767
      0.1736266416940228
      0.1732162447179256
      0.1728101266819466
      0.1724083381928695
       0.172010971406453
      0.1716181621212172
      0.1712300915286869
      0.1708469876005419
      0.1704691260954219
      0.1700968311711739
      0.1697304755906104
      0.1693704805117024
      0.1690173148557845
      0.1686714942497119
      0.1683335795408658
      0.1680041748863568
       0.167683925420678
      0.1673735145089296
      0.1670736605958946
       0.166785113664684
      0.1665086513221142
      0.1662450745318557
      0.1659952030203432
      0.1657598703842554
      0.1655399189326365
      0.1653361943001778
      0.1651495398721915
      0.1649807910645652
      0.1648307695050029
      0.1647002771639769
       0.164590090485439
      0.1645009545681822
        0.16443357744924
      0.1643886245404931
      0.1643667132684922
      0.1643684079663394
      0.1643942150644126
      0.1644445786241645
       0.164519876256194
      0.1646204154603589
      0.1647464304215156
      0.1648980792900295
       0.165075441971173
      0.1652785184419135
      0.1655072276078659
      0.1657614067068543
      0.1660408112592625
      0.1663451155588079
      0.1666739136910094
      0.1670267210607254
      0.1674029764044898
      0.1678020442581376
      0.1682232178463447
       0.168665722356886
      0.1691287185601409
      0.1696113067323417
      0.1701125308403927
      0.1706313829457256
      0.1711668077853674
      0.1717177074890689
      0.1722829463929882
      0.1728613559120586
      0.1734517394350357
      0.1740528772083033
      0.1746635311767873
      0.1752824497525077
      0.1759083724836983
       0.176540034600147
      0.1771761714126918
      0.1778155225479076
      0.1784568360017933
      0.1790988719991512
        0.17974040664853
      0.1803802353853403
      0.1810171761986713
      0.1816500726401019
       0.182277796614726
        0.18289925095687
      0.1835133717944749
      0.1841191307070904
      0.1847155366836046
      0.1853016378856505
      0.1858765232235599
      0.1864393237510445
      0.1869892138852696
      0.1875254124584682
      0.1880471836076398
       0.188553837508658
      0.1890447309614585
      0.1895192678333497
       0.189976899367646
      0.1904171243655977
      0.1908394892493811
      0.1912435880144317
      0.1916290620794616
      0.1919956000417969
      0.1923429373457268
      0.1926708558704171
      0.1929791834434546
      0.1932677932848207
      0.1935366033853729
      0.1937855758229062
      0.1940147160181721
      0.1942240719327464
      0.1944137332103795
      0.1945838302633704
      0.1947345333059225
      0.1948660513363485
      0.1949786310711099
      0.1950725558333388
      0.1951481443994035
      0.1952057498068391
      0.1952457581271305
      0.1952685872063787
      0.1952746853762631
      0.1952645301373245
      0.1952386268153957
      0.1951975071914974
      0.1951417281047091
      0.1950718700270343
      0.1949885356091338
      0.1948923481958313
      0.1947839503104958
      0.1946640021084315
      0.1945331797997878
      0.1943921740437609
      0.1942416883163851
      0.1940824372553611
      0.1939151449853898
      0.1937405434281813
      0.1935593706008366
      0.1933723689061637
      0.1931802834177688
      0.1929838601621175
       0.192783844399025
      0.1925809789014672
      0.1923760022351917
      0.1921696470388513
      0.1919626383054105
      0.1917556916665847
      0.1915495116830054
      0.1913447901441336
      0.1911422043831713
       0.190942415613524
       0.190746067294406
      0.1905537835336086
      0.1903661675360381
      0.1901838001058076
      0.1900072382094865
      0.1898370136065805
      0.1896736315522932
      0.1895175695762228
      0.1893692763394348
       0.189229170571549
      0.1890976400889111
      0.1889750408951097
      0.1888616963655247
      0.1887578965185268
      0.1886638973771778
      0.1885799204264336
      0.1885061521720511
      0.1884427438078762
      0.1883898109986449
      0.1883474337845372
      0.1883156566126337
      0.1882944884987723
      0.1882839033204583
      0.1882838402390744
      0.1882942042470915
      0.1883148668333169
      0.1883456667578335
      0.1883864109268632
      0.1884368753579731
      0.1884968062269869
      0.1885659209892233
      0.1886439095703799
      0.1887304356246802
      0.1888251378604004
      0.1889276314347305
      0.1890375094212654
      0.1891543443530858
      0.1892776898432314
      0.1894070822815182
      0.1895420426030388
      0.1896820781185359
      0.1898266843919867
      0.1899753471452575
      0.1901275441650961
      0.1902827471842911
      0.1904404237066709
      0.1906000387454793
      0.1907610564467349
       0.190922941572692
