                       0
   1.392651083969736e-05
   5.579117552836422e-05
   0.0001257499385912949
   0.0002238940454929505
   0.0003502526259189862
   0.0005047967280879627
   0.0006874446020149895
   0.0008980679740431737
    0.001136499015616444
    0.001402537687152648
    0.001695959134085312
    0.002016520826615219
    0.002363969166201398
    0.002738045327944692
    0.003138490165404475
    0.003565048068908486
    0.004017469735480203
    0.004495513873433639
    0.004998947923071257
    0.005527547923011655
    0.006081097686669093
    0.006659387473677708
    0.007262212346246789
    0.007889370391451074
     0.00854066096931525
    0.009215883116124033
    0.009914834196107414
     0.01063730885614142
     0.01138309830084452
     0.01215198987245912
      0.0129437668935121
     0.01375820871192857
     0.01459509087860635
     0.01545418538615933
     0.01633526090356362
     0.01723808295318042
     0.01816241399210877
     0.01910801337693693
     0.02007463720770124
     0.02106203806149287
     0.02206996463737064
     0.02309816134124948
     0.02414636784198696
     0.02521431862824611
     0.02630174259056029
     0.02740836264536702
     0.02853389540878671
     0.02967805091879654
     0.03084053239628034
     0.03202103602909164
     0.03321925075932334
     0.03443485805267629
     0.03566753163007427
     0.03691693714511168
     0.03818273179595021
     0.03946456386618245
     0.04076207219519466
     0.04207488558399002
     0.04340262214670749
     0.04474488862081137
     0.04610127964996615
     0.04747137705300421
     0.04885474909038217
      0.0502509497364971
     0.05165951796267283
      0.0530799770320304
     0.05451183380428666
      0.0559545780461486
      0.0574076817416288
     0.05887059839638992
     0.06034276233107534
     0.06182358796031449
     0.06331246905642102
     0.06480877799939501
     0.06631186501735235
     0.06782105742362766
     0.06933565885829586
     0.07085494854259383
     0.07237818055466483
     0.07390458313427049
     0.07543335802277888
     0.07696367984306801
     0.07849469552223848
     0.08002552375845451
       0.081555254532049
     0.08308294866038576
     0.08460763739595238
     0.08612832206774983
     0.08764397376717256
     0.08915353308108478
     0.09065590987650993
     0.09214998314305754
     0.09363460090071911
      0.0951085801818165
     0.09657070709657056
     0.09801973699193109
     0.09945439471298778
      0.1008733749755425
      0.1022753428573867
      0.1036589344146395
      0.1050227574283231
      0.1063653922853089
      0.1076853929969892
      0.1089812883585597
      0.1102515832516691
      0.1114947600933568
      0.1127092804345943
      0.1138935867122414
      0.1150461041587244
      0.1161652428740958
      0.1172494000652492
      0.1182969624568625
      0.1193063088780807
      0.1202758130280469
      0.1212038464221788
      0.1220887815196583
      0.1229289950310472
      0.1237228714033851
      0.1244688064786611
      0.1251652113202777
      0.1258105162011034
      0.1264031747459607
      0.1269416682209239
      0.1274245099615537
      0.1278502499321154
      0.1282174794078345
      0.1285248357722515
      0.1287710074216729
      0.1289547387685293
      0.1290748353351105
      0.1291301689286638
      0.1291196828882515
      0.1290423973931381
      0.1288974148219052
      0.1286839251510835
      0.1284012113819399
      0.1280486549842838
       0.127625741346814
      0.1271320652247002
      0.1265673361767894
      0.1259313839870651
      0.1252241640677381
      0.1244457628445772
      0.1235964031287589
      0.1226764494835759
      0.1216864135987779
      0.1206269596901029
      0.1194989099467221
      0.1183032500548868
       0.117041134832111
      0.1157138940128091
      0.1143230382335156
      0.1128702652737055
      0.1113574666168336
      0.1097867344054923
      0.1081603688744318
       0.106480886355365
      0.1047510279576043
      0.1029737690380591
      0.1011523295821103
     0.09929018562218525
     0.09739108182184661
     0.09545904534769127
     0.09349840113639864
      0.0915137886360131
     0.08951018005396714
     0.08749290007300438
     0.08546764689192179
     0.08344051430094637
     0.08141801429973931
     0.07940709949608687
     0.07741518417123835
     0.07545016245076432
     0.07352042146940033
     0.07163484676605286
     0.06980281640991301
     0.06803417958729885
     0.06633921465861936
      0.0647285611656193
     0.06321312013117841
     0.06180391750383474
     0.06051192704270023
     0.05934785157144583
      0.0583218654820559
     0.05744332651966279
     0.05672047074186164
     0.05616011021465463
     0.05576735724336646
     0.05554540042621297
     0.05549535557550055
     0.05561620834196485
     0.05590485596455669
     0.05635624462479755
     0.05696358855329856
     0.05771864928548009
     0.05861204952024594
     0.05963359611108994
     0.06077259011041884
     0.06201810724410332
     0.06335923835992723
     0.06478528515984344
     0.06628591119491957
      0.0678512513951198
     0.06947198536503245
     0.07113938053057416
     0.07284531127082633
     0.07458225970452333
     0.07634330306185336
     0.07812209173373276
     0.07991282126619748
     0.08171020082169747
     0.08350941999141133
     0.08530611531989356
     0.08709633748879608
     0.08887651978682655
     0.09064344825298487
     0.09239423370415546
     0.09412628573255674
     0.09583728867165971
      0.0975251794714032
     0.09918812738724431
      0.1008245153668597
      0.1024329230086239
      0.1040121109639125
      0.1055610066582686
      0.1070786912126426
      0.1085643874539262
      0.1100174489128622
       0.111437349716472
      0.1128236752909408
       0.114176113799173
      0.1154944482448305
      0.1167785491815383
      0.1180283679721068
      0.1192439305481296
      0.1204253316252542
      0.1215727293338772
      0.1226863402290688
       0.123766434647247
       0.124813332380557
      0.1258273986430858
      0.1268090403059655
      0.1277587023810854
      0.1286768647355261
      0.1295640390209214
      0.1304207658037436
      0.1312476118839778
      0.1320451677908155
      0.1328140454448862
       0.133554875977191
      0.1342683076953637
      0.1349550041882225
      0.1356156425598494
      0.1362509117847038
      0.1368615111755869
      0.1374481489566575
      0.1380115409341669
      0.1385524092581242
      0.1390714812687116
      0.1395694884218864
      0.1400471652892142
       0.140505248627516
      0.1409444765143521
      0.1413655875456798
      0.1417693200921997
      0.1421564116109541
      0.1425275980086776
      0.1428836130532661
      0.1432251878295664
      0.1435530502355397
      0.1438679245147638
      0.1441705308212449
      0.1444615848126325
      0.1447417972681665
      0.1450118737280359
      0.1452725141512533
      0.1455244125896195
      0.1457682568758158
      0.1460047283240871
      0.1462345014423126
      0.1464582436544897
      0.1466766150327649
      0.1468902680381327
      0.1470998472688176
      0.1473059892151841
      0.1475093220198229
       0.147710465241292
       0.147910029619872
      0.1481086168436795
      0.1483068193135629
      0.1485052199054068
      0.1487043917287683
      0.1489048978811334
      0.1491072911974865
      0.1493121139952795
      0.1495198978152318
      0.1497311631586576
      0.1499464192221701
      0.1501661636306604
      0.1503908821693765
      0.1506210485157831
      0.1508571239716724
      0.1510995571957768
      0.1513487839369406
      0.1516052267677721
      0.1518692948186522
      0.1521413835120298
       0.152421874297085
       0.152711134385079
      0.1530095164859925
      0.1533173585473589
      0.1536349834964747
      0.1539626989873836
      0.1543007971541497
       0.154649554371945
      0.1550092310273689
      0.1553800712992061
      0.1557623029505394
      0.1561561371327964
      0.1565617682019668
      0.1569793735469205
      0.1574091134295114
      0.1578511308360028
      0.1583055513392995
      0.1587724829715169
      0.1592520161065428
      0.1597442233524246
       0.160249159453607
      0.1607668612032119
      0.1612973473656748
      0.1618406186100843
      0.1623966574545211
      0.1629654282215445
      0.1635468770047519
      0.1641409316460608
      0.1647475017230683
      0.1653664785455594
      0.1659977351600119
      0.1666411263607902
      0.1672964887066647
      0.1679636405413385
      0.1686423820167946
      0.1693324951184832
      0.1700337436916151
      0.1707458734680795
      0.1714686120937365
      0.1722016691560045
      0.1729447362117655
      0.1736974868156242
      0.1744595765484937
      0.1752306430463526
      0.1760103060288477
      0.1767981673272423
      0.1775938109110563
      0.1783968029126436
      0.1792066916489322
      0.1800230076396136
      0.1808452636212262
      0.1816729545568098
      0.1825055576410989
      0.1833425323015462
      0.1841833201957866
      0.1850273452064427
      0.1858740134344073
      0.1867227131918975
      0.1875728149966614
      0.1884236715687228
      0.1892746178310021
      0.1901249709150657
      0.1909740301731602
       0.191821077197614
      0.1926653758486571
      0.1935061722917431
      0.1943426950455571
      0.1951741550420686
      0.1959997457002151
      0.1968186430150748
      0.1976300056646641
      0.1984329751367677
      0.1992266758784318
      0.2000102154709221
      0.2007826848330381
      0.2015431584556943
      0.2022906946706267
      0.2030243359559736
      0.2037431092813404
      0.2044460264948128
      0.2051320847542505
      0.2058002670051059
      0.2064495425069768
      0.2070788674111305
      0.2076871853913226
      0.2082734283303675
      0.2088365170650842
      0.2093753621924042
      0.2098888649395822
      0.2103759181015501
      0.2108354070484999
      0.2112662108067477
      0.2116672032158237
      0.2120372541645545
      0.2123752309086669
      0.2126799994721751
      0.2129504261345257
      0.2131853790052038
      0.2133837296872568
      0.2135443550309987
      0.2136661389790055
      0.2137479745034193
      0.2137887656365184
      0.2137874295954833
      0.2137428990022554
      0.2136541241993438
       0.213520075662354
      0.2133397465098781
      0.2131121551111961
      0.2128363477919867
      0.2125114016379482
      0.2121364273958947
      0.2117105724715529
      0.2112330240229545
      0.2107030121480337
      0.2101198131648137
       0.209482752982423
       0.208791210561131
      0.2080446214596302
      0.2072424814679166
       0.206384350324321
      0.2054698555154901
       0.204498696158408
      0.2034706469638447
      0.2023855622809195
      0.2012433802227542
      0.2000441268734632
      0.1987879205769868
      0.1974749763085323
      0.1961056101296516
      0.1946802437282781
      0.1931994090453658
      0.1916637529901371
      0.1900740422463382
      0.1884311681723018
      0.1867361517979945
      0.1849901489225151
      0.1831944553156482
      0.1813505120269593
      0.1794599108054371
      0.1775243996317105
      0.1755458883632382
      0.1735264544904212
      0.1714683489981145
      0.1693740023223097
      0.1672460303855528
      0.1650872406866802
      0.1629006384103603
      0.1606894325093467
      0.1584570416968683
      0.1562071002677271
      0.1539434636439604
      0.1516702135138371
      0.1493916624010052
      0.1471123574633826
      0.1448370832785885
      0.1425708633243323
      0.1403189598085118
      0.1380868714456837
      0.1358803287155936
      0.1337052860780718
      0.1315679105604107
      0.1294745660833213
      0.1274317928561869
      0.1254462811596645
      0.1235248388532365
      0.1216743520077206
      0.1199017381789655
      0.1182138920192287
      0.1166176231748706
      0.1151195867464709
      0.1137262069870436
      0.1124435953736218
      0.1112774646843953
      0.1102330412139354
      0.1093149777188104
       0.108527270054134
      0.1078731806858987
      0.1073551722977701
      0.1069748545217904
       0.106732946399067
      0.1066292565343926
      0.1066626820908261
      0.1068312268433704
      0.1071320375574609
      0.1075614570647113
      0.1081150916538852
      0.1087878898392365
      0.1095742292451648
      0.1104680082613619
      0.1114627392562468
      0.1125516404487792
      0.1137277239782772
      0.1149838782239143
      0.1163129429590656
      0.1177077764382654
      0.1191613139751447
      0.1206666179590269
      0.1222169195671979
      0.1238056526591746
      0.1254264804946055
      0.1270733160076401
      0.1287403364092849
      0.1304219928873172
      0.1321130161417909
      0.1338084184426909
      0.1355034928328215
      0.1371938100298088
      0.1388752135107985
      0.1405438131953545
      0.1421959780783758
      0.1438283281068325
      0.1454377255424179
      0.1470212660069564
      0.1485762693684306
      0.1501002705923839
      0.1515910106557176
      0.1530464275969392
      0.1544646477581386
      0.1558439772587881
      0.1571828937293232
       0.158480038322865
      0.1597342080159345
       0.160944348203191
      0.1621095455867633
      0.1632290213573523
      0.1643021246617349
      0.1653283263494207
      0.1663072129898463
      0.1672384811505586
      0.1681219319262371
      0.1689574657080933
      0.1697450771831156
      0.1704848505527609
      0.1711769549609981
      0.1718216401220514
      0.1724192321387251
      0.1729701295027951
      0.1734747992695679
      0.1739337733993065
      0.1743476452587721
      0.1747170662765953
      0.1750427427465632
      0.1753254327731717
      0.1755659433539601
      0.1757651275932242
       0.175923882041716
      0.1760431441569197
      0.1761238898784567
      0.1761671313131583
      0.1761739145243622
      0.1761453174200575
      0.1760824477346206
      0.1759864410990408
      0.1758584591947276
      0.1756996879861782
      0.1755113360279592
      0.1752946328415839
      0.1750508273579306
       0.174781186420837
      0.1744869933474112
      0.1741695465404398
      0.1738301581480473
      0.1734701527655143
      0.1730908661739023
      0.1726936441099082
      0.1722798410611992
      0.1718508190813867
      0.1714079466187968
      0.1709525973532887
      0.1704861490355563
      0.1700099823236021
       0.169525479611378
      0.1690340238449168
      0.1685369973216046
      0.1680357804685508
      0.1675317505962863
      0.1670262806242535
      0.1665207377747611
      0.1660164822322764
      0.1655148657651399
      0.1650172303070549
      0.1645249064960448
      0.1640392121690256
      0.1635614508107141
      0.1630929099563096
      0.1626348595482294
      0.1621885502481356
      0.1617552117065374
      0.1613360507933445
      0.1609322497938483
      0.1605449645756764
      0.1601753227332647
       0.159824421717292
      0.1594933269573084
      0.1591830699864547
      0.1588946465777187
      0.1586290149016186
      0.1583870937155645
      0.1581697605954375
      0.1579778502201633
      0.1578121527202424
      0.1576734121013322
      0.1575623247540432
      0.1574795380610806
      0.1574256491127141
      0.1574012035412437
      0.1574066944846295
      0.1574425616887313
      0.1575091907566575
       0.157606912552546
      0.1577360027657147
      0.1578966816395621
      0.1580891138679143
      0.1583134086597637
      0.1585696199715888
      0.1588577469047391
      0.1591777342637745
      0.1595294732701959
       0.159912802424728
      0.1603275085102161
      0.1607733277262853
      0.1612499469461534
      0.1617570050853754
      0.1622940945717971
      0.1628607629055901
      0.1634565142979047
      0.1640808113764205
      0.1647330769458803
      0.1654126957915907
      0.1661190165138699
      0.1668513533815507
      0.1676089881929146
      0.1683911721328715
      0.1691971276157915
      0.1700260501041611
      0.1708771098941296
      0.1717494538600204
      0.1726422071509573
      0.1735544748338521
      0.1744853434780755
       0.175433882678142
      0.1763991465116537
      0.1773801749305393
      0.1783759950842968
      0.1793856225744976
      0.1804080626402562
      0.1814423112747464
      0.1824873562731712
      0.1835421782129061
      0.1846057513668627
      0.1856770445514649
      0.1867550219110189
      0.1878386436406689
      0.1889268666505619
      0.1900186451742622
      0.1911129313248467
      0.1922086756024358
      0.1933048273571572
      0.1944003352116819
      0.1954941474475074
      0.1965852123590987
      0.1976724785798449
      0.1987548953835775
      0.1998314129651489
      0.2009009827033196
      0.2019625574089849
      0.2030150915615951
      0.2040575415365208
      0.2050888658260758
      0.2061080252569342
      0.2071139832067534
      0.2081057058229068
      0.2090821622463295
      0.2100423248435433
      0.2109851694499423
      0.2119096756273713
      0.2128148269389001
      0.2136996112435064
      0.2145630210131224
      0.2154040536742165
      0.2162217119757777
      0.2170150043852892
      0.2177829455140358
      0.2185245565729072
      0.2192388658597526
      0.2199249092793078
      0.2205817308967474
      0.2212083835259998
      0.2218039293540711
      0.2223674406027367
      0.2228980002290449
      0.2233947026661182
      0.2238566546057132
      0.2242829758239107
      0.2246728000511466
      0.2250252758875878
      0.2253395677646047
      0.2256148569528423
      0.2258503426171489
       0.226045242918427
      0.2261987961623282
      0.2263102619946509
      0.2263789226433017
      0.2264040842067552
      0.2263850779890643
      0.2263212618816231
      0.2262120217920316
      0.2260567731205348
      0.2258549622845906
      0.2256060682921328
      0.2253096043640479
      0.2249651196062662
      0.2245722007316991
       0.224130473832051
      0.2236396061993255
      0.2230993081966537
      0.2225093351779215
       0.221869489455592
      0.2211796223160992
      0.2204396360822597
      0.2196494862222705
      0.2188091835050408
      0.2179187962018012
      0.2169784523341245
      0.2159883419686405
      0.2149487195588104
      0.2138599063341211
      0.2127222927369478
      0.2115363409071176
      0.2103025872138835
        0.20902164483461
      0.2076942063789777
      0.2063210465569741
       0.204903024888342
      0.2034410884505295
      0.2019362746615053
      0.2003897140930695
      0.1988026333094471
      0.1971763577249743
      0.1955123144734964
      0.1938120352806379
      0.1920771593282883
      0.1903094360984106
      0.1885107281805348
      0.1866830140239897
      0.1848283906119785
      0.1829490760299844
      0.1810474118956362
      0.1791258656110667
      0.1771870323919098
      0.1752336370194006
      0.1732685352535706
      0.1712947148362481
      0.1693152960025348
      0.1673335314086704
      0.1653528053728178
      0.1633766323134663
      0.1614086542580861
      0.1594526372827328
       0.157512466731959
      0.1555921410582774
      0.1536957641123357
      0.1518275357098984
      0.1499917403008523
      0.1481927335700991
      0.1464349268118494
      0.1447227689389967
      0.1430607260194485
      0.1414532582728425
      0.1399047945150025
      0.1384197041042939
      0.1370022665235072
       0.135656638821909
      0.1343868212424297
      0.1331966214651661
      0.1320896180057854
      0.1310691234101817
        0.13013814797812
        0.12929936482134
      0.1285550771085103
      0.1279071883640536
      0.1273571766652325
      0.1269060735191742
      0.1265544480986362
      0.1263023973752467
      0.1261495425177345
      0.1260950317290584
      0.1261375494911905
      0.1262753319815449
      0.1265061882326373
      0.1268275264374184
      0.1272363846656958
      0.1277294651582632
      0.1283031713078044
      0.1289536464192083
      0.1296768133637005
      0.1304684142959863
      0.1313240496847117
      0.1322392160064898
      0.1332093415649639
      0.1342298200118451
      0.1352960412604835
      0.1364034195894259
      0.1375474188299883
      0.1387235746158316
      0.1399275137426932
      0.1411549707426091
      0.1424018018196894
      0.1436639963248837
      0.1449376859666214
      0.1462191519643427
      0.1475048303544245
       0.148791315654457
      0.1500753630837377
      0.1513538895265575
       0.152623973411481
      0.1538828536653391
      0.1551279278857797
      0.1563567498615563
       0.157567026555656
      0.1587566146531631
      0.1599235167635541
      0.1610658773559876
      0.1621819784960735
      0.1632702354435276
      0.1643291921619437
       0.165357516784584
      0.1663539970734773
      0.1673175359031928
      0.1682471467953345
      0.1691419495250623
      0.1700011658167659
       0.170824115142367
      0.1716102106326153
      0.1723589551091415
      0.1730699372429151
      0.1737428278430911
      0.1743773762789601
      0.1749734070367687
      0.1755308164124821
      0.1760495693410314
      0.1765296963621393
      0.1769712907223905
      0.1773745056127414
      0.1777395515401205
      0.1780666938311431
      0.1783562502652617
      0.1786085888339305
      0.1788241256216232
      0.1790033228038626
      0.1791466867568433
      0.1792547662728084
      0.1793281508750997
      0.1793674692267401
      0.1793733876265298
       0.179346608586891
      0.1792878694880414
      0.1791979413034472
      0.1790776273918404
       0.178927762351322
      0.1787492109311705
      0.1785428669969096
       0.178309652543952
       0.178050516754759
      0.1777664350939764
      0.1774584084354795
      0.1771274622147625
      0.1767746455996945
       0.176401030672395
      0.1760077116148955
      0.1755958038913636
      0.1751664434199618
      0.1747207857278569
      0.1742600050834384
      0.1737852936003724
      0.1732978603086429
      0.1727989301881472
      0.1722897431606793
       0.171771553036207
      0.1712456264092623
      0.1707132415010144
      0.1701756869422726
      0.1696342604923258
      0.1690902676882678
      0.1685450204193565
      0.1679998354210953
      0.1674560326841426
      0.1669149337738828
      0.1663778600575065
      0.1658461308367106
      0.1653210613855679
      0.1648039608946383
      0.1642961303239146
      0.1637988601686239
      0.1633134281431685
      0.1628410967895627
      0.1623831110175835
      0.1619406955845415
       0.161515052523148
      0.1611073585264832
      0.1607187622996466
        0.16035038188837
      0.1600033019957566
      0.1596785712994033
      0.1593771997824504
      0.1591001560935277
      0.1588483649520366
      0.1586227046165924
      0.1584240044356177
      0.1582530424998832
      0.1581105434171216
      0.1579971762286106
      0.1579135524867964
      0.1578602245116297
      0.1578376838413766
      0.1578463598913728
      0.1578866188316396
       0.157958762691645
      0.1580630286979192
      0.1581995888478361
      0.1583685497207491
      0.1585699525258436
      0.1588037733845239
      0.1590699238438355
      0.1593682516162278
       0.159698541539785
      0.1600605167517939
      0.1604538400670814
      0.1608781155509245
      0.1613328902745043
      0.1618176562389162
      0.1623318524517782
      0.1628748671386313
      0.1634460400697748
      0.1640446649820724
      0.1646699920747299
      0.1653212305581543
      0.1659975512357813
      0.1666980891001393
      0.1674219459262999
      0.1681681928480711
      0.1689358729046334
      0.1697240035475862
      0.1705315791003847
      0.1713575731637574
      0.1722009409618153
      0.1730606216241856
      0.1739355403996782
      0.1748246107968425
      0.1757267366464603
      0.1766408140807327
      0.1775657334238412
       0.178500380988843
      0.1794436407765968
      0.1803943960736402
      0.1813515309476026
      0.1823139316407192
      0.1832804878641442
      0.1842500939978185
      0.1852216502024222
      0.1861940634512263
      0.1871662484903035
      0.1881371287354933
       0.189105637113735
      0.1900707168549959
       0.191031322239193
      0.1919864193004823
      0.1929349864893299
      0.1938760152911674
      0.1948085107993889
      0.1957314922401516
       0.196643993446968
      0.1975450632843927
      0.1984337660220866
      0.1993091816629424
      0.2001704062314803
      0.2010165520310238
      0.2018467478799033
      0.2026601393377986
      0.2034558889331133
      0.2042331764008462
      0.2049911989378227
      0.2057291714785156
      0.2064463269903138
      0.2071419167823507
      0.2078152108173597
      0.2084654980119135
      0.2090920865072982
      0.2096943038915093
      0.2102714973527055
       0.210823033745997
      0.2113482995586432
