                       0
    4.99662666666519e-05
   0.0001997269431941713
   0.0004490676792338314
   0.0007977646046821044
    0.001245584370892667
    0.001792284192494422
    0.002437611889617804
    0.003181305930282491
    0.004023095472651954
    0.004962700406804473
    0.005999831395632587
    0.007134189914430474
    0.008365468288689294
    0.009693349729570739
     0.01111750836651521
     0.01263760927635276
     0.01425330850830411
     0.01596425310419527
     0.01777008111315656
     0.01967042160010132
     0.02166489464721763
     0.02375311134760577
     0.02593467379036244
     0.02820917503615075
     0.03057619908247725
     0.03303532081773167
     0.03558610596312958
     0.03822811100164077
     0.04096088309291602
      0.0437839599733837
     0.04669686984049201
     0.04969913122016355
     0.05279025281654803
     0.05596973334308385
     0.05923706133394881
     0.06259171493494886
       0.066033161672894
     0.06956085820258963
     0.07317425003050762
     0.07687277121419984
     0.08065584403673434
     0.08452287865508361
     0.08847327272187991
     0.09250641097963372
     0.09662166482667614
       0.100818391854098
      0.1050959353531638
      0.1094536237923378
      0.1138907702636131
      0.1184066718974177
      0.1230006092459042
      0.1276718456338832
      0.1324196264774353
      0.1372431785697467
      0.1421417093342027
      0.1471144060444172
      0.1521604350114101
      0.1572789407381039
      0.1624690450411354
      0.1677298461405934
      0.1730604177181581
      0.1784598079437969
      0.1839270384724717
      0.1894611034109819
      0.1950609682567301
       0.200725568808785
      0.2064538100533556
      0.2122445650246018
      0.2180966736428159
      0.2240089415317059
      0.2299801388170593
      0.2360089989087037
      0.2420942172685498
      0.2482344501674481
      0.2544283134333677
      0.2606743811947316
      0.2669711846217001
      0.2733172106689019
      0.2797109008246033
      0.2861506498687876
        0.29263480464581
      0.2991616628556731
      0.3057294718684465
      0.3123364275678485
      0.3189806732284043
      0.3256602984322614
      0.3323733380309501
      0.3391177711586956
      0.3458915203033794
      0.3526924504409383
      0.3595183682405181
      0.3663670213469393
      0.3732360977474675
      0.3801232252293407
      0.3870259709364531
       0.393941841030688
      0.4008682804673014
      0.4078026728895733
      0.4147423406513719
      0.4216845449743294
      0.4286264862467839
      0.4355653044716739
       0.442498079869951
       0.449421833646083
      0.4563335289222185
      0.4632300718463359
      0.4701083128810874
      0.4769650482773007
      0.4837970217373965
      0.4906009262729854
      0.4973734062596136
      0.5041110596922354
      0.5108104406432374
      0.5174680619242443
      0.5240803979531681
      0.5306438878254973
      0.5371549385886685
      0.5436099287186337
      0.5500052117949972
      0.5563371203699961
      0.5626019700278996
      0.5687960636285152
      0.5749156957262589
      0.5809571571598358
      0.5869167398000668
      0.5927907414489546
      0.5985754708764357
      0.6042672529843076
      0.6098624340843046
      0.6153573872761754
      0.6207485179107567
      0.6260322691234769
      0.6312051274219163
      0.6362636283101468
      0.6412043619332271
      0.6460239787235554
      0.6507191950316025
      0.6552867987216492
      0.6597236547150297
      0.6640267104611581
      0.6681930013184423
      0.6722196558259461
      0.6761039008479023
      0.6798430665737046
      0.6834345913539438
       0.686876026357535
      0.6901650400326773
      0.6932994223560082
       0.696277088854611
      0.6990960843882718
      0.7017545866774296
      0.7042509095664213
      0.7065835060087335
      0.7087509707665347
      0.7107520428155035
      0.7125856074461371
      0.7142506980568931
      0.7157464976327816
      0.7170723399071592
       0.718227710202379
      0.7192122459496865
       0.720025736887298
      0.7206681249387523
      0.7211395037728024
      0.7214401180494406
      0.7215703623566818
      0.7215307798434505
      0.7213220605563565
       0.720945039487134
      0.7204006943406409
      0.7196901430332496
      0.7188146409317449
      0.7177755778444121
      0.7165744747773202
      0.7152129804676629
      0.7136928677081895
      0.7120160294774163
      0.7101844748889412
      0.7082003249761085
      0.7060658083264016
      0.7037832565813191
      0.7013550998182974
      0.6987838618297887
      0.6960721553143877
      0.6932226769988107
      0.6902382027032022
       0.687121582366601
      0.6838757350493975
      0.6805036439250742
      0.6770083512772435
      0.6733929535168544
       0.669660596231107
      0.6658144692795731
      0.6618578019482935
      0.6577938581743881
      0.6536259318528956
      0.6493573422344079
      0.6449914294262089
      0.6405315500029359
      0.6359810727370433
      0.6313433744550823
       0.626621836027589
      0.6218198384971549
      0.6169407593508913
      0.6119879689405976
      0.6069648270540718
      0.6018746796416199
      0.5967208556975054
      0.5915066643002032
      0.5862353918092461
      0.5809102992214469
      0.5755346196841827
       0.570111556164639
      0.5646442792734992
      0.5591359252422859
      0.5535895940487181
      0.5480083476901172
      0.5423952085995672
      0.5367531582020245
      0.5310851356052267
      0.5253940364231857
      0.5196827117256438
      0.5139539671102054
      0.5082105618916861
       0.502455208404133
      0.4966905714110872
      0.4909192676178319
      0.4851438652813023
      0.4793668839136678
      0.4735907940723277
      0.4678180172336764
      0.4620509257443728
      0.4562918428458951
      0.4505430427675753
      0.4448067508835875
      0.4390851439294501
      0.4333803502736892
       0.427694450240652
      0.4220294764799437
      0.4163874143793814
      0.4107702025168982
      0.4051797331487721
      0.3996178527295978
      0.3940863624618566
      0.3885870188711376
      0.3831215344045636
      0.3776915780494176
      0.3722987759693138
      0.3669447121553491
      0.3616309290898637
      0.3563589284209088
      0.3511301716447733
      0.3459460807950891
      0.3408080391361364
      0.3357173918591659
      0.3306754467798158
      0.3256834750351308
      0.3207427117789386
      0.3158543568741038
      0.3110195755804651
      0.3062394992377072
      0.3015152259416242
      0.2968478212131886
      0.2922383186594787
      0.2876877206256558
      0.2831969988372764
      0.2787670950327239
      0.2743989215841702
      0.2700933621076618
       0.265851272061429
      0.2616734793316531
      0.2575607848061894
      0.2535139629349304
      0.2495337622774015
      0.2456209060371799
      0.2417760925824265
      0.2379999959531373
       0.234293266354576
      0.2306565306369679
       0.227090392761463
       0.223595434252113
      0.2201722146343074
      0.2168212718592851
        0.21354312271509
      0.2103382632238541
      0.2072071690257276
      0.2041502957493791
      0.2011680793692857
      0.1982609365500905
      0.1954292649778624
      0.1926734436789115
      0.1899938333258587
      0.1873907765314598
      0.1848645981303821
      0.1824156054490189
      0.1800440885635641
      0.1777503205466975
      0.1755345577029558
      0.1733970397930948
      0.1713379902477904
      0.1693576163704546
      0.1674561095299766
      0.1656336453432259
      0.1638903838476037
      0.1622264696639658
      0.1606420321501413
       0.159137185544942
       0.157712029103224
       0.156366647222285
      0.1551011095591104
      0.1539154711396049
      0.1528097724592105
      0.1517840395755002
      0.1508382841926979
      0.1499725037385796
      0.1491866814334572
      0.1484807863518415
       0.147854773476664
      0.1473085837460886
       0.146842144093511
      0.1464553674802055
       0.146148152921197
      0.1459203855044235
      0.1457719364029223
      0.1457026628806174
      0.1457124082913496
      0.1458010020716382
       0.145968259726744
      0.1462139828106825
        0.14653795889962
      0.1469399615592846
      0.1474197503061961
      0.1479770705624636
      0.1486116536048303
      0.1493232165075271
      0.1501114620790928
      0.1509760787933488
      0.1519167407144234
      0.1529331074158506
       0.154024823894028
      0.1551915204757957
      0.1564328127204269
      0.1577483013159323
      0.1591375719699266
      0.1606001952948458
      0.1621357266880121
      0.1637437062063823
      0.1654236584359125
      0.1671750923562006
      0.1689975011999859
      0.1708903623080782
      0.1728531369793369
       0.174885270316579
      0.1769861910681119
      0.1791553114651303
      0.1813920270552699
      0.1836957165326983
      0.1860657415647176
      0.1885014466154441
      0.1910021587664127
      0.1935671875351191
      0.1961958246909875
      0.1988873440697977
      0.2016410013864403
      0.2044560340469176
       0.207331660959393
      0.2102670823451502
      0.2132614795497604
      0.2163140148547706
      0.2194238312907085
      0.2225900524516585
      0.2258117823119655
      0.2290881050456562
      0.2324180848489411
      0.2358007657666524
      0.2392351715229539
      0.2427203053570638
      0.2462551498642492
      0.2498386668432552
      0.2534697971503103
      0.2571474605603074
      0.2608705556364623
      0.2646379596081571
      0.2684485282583665
      0.2723010958206075
      0.2761944748869691
      0.2801274563268157
      0.2840988092178957
      0.2881072807896442
       0.292151596379813
      0.2962304594047832
      0.3003425513446453
      0.3044865317434327
      0.3086610382249453
      0.3128646865255328
      0.3170960705436136
       0.321353762407786
      0.3256363125628259
      0.3299422498755375
      0.3342700817608193
      0.3386182943278245
      0.3429853525486687
      0.3473697004490849
      0.3517697613223241
      0.3561839379674702
      0.3606106129525822
      0.3650481489040467
      0.3694948888228814
      0.3739491564288477
      0.3784092565343707
       0.382873475448113
      0.3873400814106493
      0.3918073250626968
      0.3962734399477588
      0.4007366430504961
      0.4051951353720089
      0.4096471025439419
      0.4140907154830652
      0.4185241310877872
      0.4229454929783504
      0.4273529322829016
      0.4317445684702562
      0.4361185102327642
      0.4404728564195437
      0.4448056970230382
      0.4491151142199948
      0.4533991834693774
      0.4576559746686502
      0.4618835533691677
      0.4660799820544769
      0.4702433214800653
      0.4743716320782081
      0.4784629754280293
      0.4825154157907762
       0.486527021712138
        0.49049586769134
      0.4944200359166969
      0.4982976180670363
      0.5021267171790591
       0.505905449578216
      0.5096319468710623
      0.5133043579987174
       0.516920851346268
      0.5204796169060669
      0.5239788684905055
      0.5274168459898202
      0.5307918176697533
      0.5341020825032664
      0.5373459725302302
      0.5405218552369566
      0.5436281359502781
      0.5466632602350062
      0.5496257162884677
      0.5525140373227261
      0.5553268039230107
      0.5580626463747278
      0.5607202469464251
      0.5632983421194007
       0.565795724753416
      0.5682112461749533
      0.5705438181801066
      0.5727924149385933
      0.5749560747893724
      0.5770339019153484
      0.5790250678887753
      0.5809288130761057
      0.5827444478922155
      0.5844713538963842
      0.5861089847207323
      0.5876568668234216
        0.58911460006101
      0.5904818580739738
      0.5917583884793329
      0.5929440128687462
      0.5940386266087007
      0.5950421984415287
      0.5959547698868792
      0.5967764544462415
      0.5975074366117968
      0.5981479706830407
      0.5986983793979074
      0.5991590523831574
      0.5995304444317001
      0.5998130736164241
      0.6000075192491218
      0.6001144196958619
      0.6001344700601488
      0.6000684197469663
      0.5999170699201501
      0.5996812708681203
      0.5993619192911247
      0.5989599555257794
      0.5984763607216206
      0.5979121539858344
      0.5972683895100319
      0.5965461536957247
      0.5957465622928325
      0.5948707575662573
      0.5939199055047973
      0.5928951930860603
      0.5917978256107611
      0.5906290241175984
      0.5893900228922424
      0.5880820670791703
      0.5867064104061456
      0.5852643130315696
      0.5837570395193559
      0.5821858569503652
      0.5805520331732158
      0.5788568352000268
      0.5771015277499489
      0.5752873719403433
      0.5734156241284225
      0.5714875349015766
      0.5695043482142205
      0.5674673006702833
      0.5653776209459904
       0.563236529349482
       0.561045237511348
      0.5588049482007581
      0.5565168552591527
      0.5541821436461014
       0.551801989587591
      0.5493775608194862
      0.5469100169181855
      0.5444005097074538
      0.5418501837351336
      0.5392601768092639
      0.5366316205840853
      0.5339656411874516
      0.5312633598817651
      0.5285258937477866
      0.5257543563843087
      0.5229498586151232
      0.5201135091953459
      0.5172464155102777
      0.5143496842591293
      0.5114244221177848
      0.5084717363747553
      0.5054927355341521
      0.5024885298810873
      0.4994602320058684
      0.4964089572821582
      0.4933358242961478
      0.4902419552242663
      0.4871284761566228
      0.4839965173655431
      0.4808472135167469
      0.4776817038229493
      0.4745011321397862
      0.4713066470040524
       0.468099401614833
      0.4648805537578383
      0.4616512656755794
      0.4584127038833882
      0.4551660389341875
      0.4519124451335237
      0.4486531002078092
      0.4453891849275401
      0.4421218826889701
      0.4388523790561327
      0.4355818612670401
      0.4323115177066387
      0.4290425373495809
      0.4257761091758188
      0.4225134215627736
      0.4192556616561133
      0.4160040147232092
       0.412759663492033
      0.4095237874776914
       0.406297562301085
      0.4030821590005583
      0.3998787433411703
      0.3966884751224956
      0.3935125074887574
      0.3903519862426272
      0.3872080491656094
      0.3840818253470409
      0.3809744345229532
      0.3778869864274197
      0.3748205801579823
       0.371776303555812
      0.3687552326033205
      0.3657584308392445
      0.3627869487933049
       0.359841823440553
      0.3569240776768751
      0.3540347198162427
       0.351174743110059
      0.3483451252891004
      0.3455468281291307
      0.3427807970391531
       0.340047960673919
      0.3373492305693565
      0.3346855008021346
      0.3320576476723159
      0.3294665294096449
      0.3269129859024658
      0.3243978384495441
      0.3219218895342248
      0.3194859226205141
      0.3170907019703175
      0.3147369724816299
      0.3124254595472665
      0.3101568689326148
      0.3079318866730618
      0.3057511789892292
      0.3036153922200792
      0.3015251527730818
      0.2994810670902116
      0.2974837216295365
      0.2955336828619101
      0.2936314972807642
      0.2917776914259955
      0.2899727719198316
       0.288217225514206
       0.286511519149634
      0.2848561000239834
      0.2832513956706493
      0.2816978140459008
      0.2801957436238776
      0.2787455534990567
      0.2773475934957954
      0.2760021942834777
      0.2747096674973472
      0.2734703058640378
      0.2722843833313233
      0.2711521552014434
      0.2700738582675203
      0.2690497109524641
      0.2680799134497076
       0.267164647865592
      0.2663040783626811
      0.2654983513035769
      0.2647475953946424
      0.2640519218295972
      0.2634114244322506
      0.2628261797979933
      0.2622962474338844
      0.2618216698968934
      0.2614024729296122
      0.2610386655938056
      0.2607302404010491
      0.2604771734400168
      0.2602794245005768
      0.2601369371943309
      0.2600496390709749
      0.2600174417309281
      0.2600402409334104
      0.2601179167000352
      0.2602503334137411
      0.2604373399130676
      0.2606787695810404
      0.2609744404294186
      0.2613241551768934
       0.261727701322691
      0.2621848512142524
      0.2626953621090539
      0.2632589762312423
      0.2638754208220321
      0.2645444081842874
      0.2652656357214097
      0.2660387859700486
      0.2668635266266067
      0.2677395105679917
      0.2686663758659318
      0.2696437457957969
      0.2706712288383447
      0.2717484186764049
      0.2728748941846849
      0.2740502194142391
      0.2752739435702888
      0.2765456009846827
      0.2778647110821542
      0.2792307783411968
      0.2806432922489515
      0.2821017272510575
      0.2836055426957417
      0.2851541827729908
      0.2867470764488549
      0.2883836373950258
      0.2900632639136951
      0.2917853388584775
      0.2935492295515993
      0.2953542876971529
      0.2971998492916204
      0.2990852345314055
      0.3010097477182409
      0.3029726771626452
      0.3049732950863506
       0.307010857523644
      0.3090846042230807
      0.3111937585494452
      0.3133375273871564
      0.3155151010457987
      0.3177256531682777
      0.3199683406427314
      0.3222423035194594
       0.324546664932938
      0.3268805310309473
      0.3292429909112212
      0.3316331165666684
       0.334049962841469
      0.3364925673977343
      0.3389599506953027
      0.3414511159854013
      0.3439650493198094
      0.3465007195768945
      0.3490570785064212
      0.3516330607943499
      0.3542275841490239
      0.3568395494114253
      0.3594678406901009
      0.3621113255232439
      0.3647688550695359
      0.3674392643295163
      0.3701213723994493
      0.3728139827596824
      0.3755158835989768
      0.3782258481771875
      0.3809426352281698
      0.3836649894040748
      0.3863916417641092
      0.3891213103084385
      0.3918527005598842
      0.3945845061946527
      0.3973154097237599
      0.4000440832271172
      0.4027691891414223
      0.4054893811032276
      0.4082033048490063
      0.4109095991722707
      0.4136068969397282
      0.4162938261669071
      0.4189690111535174
      0.4216310736790991
      0.4242786342596589
      0.4269103134640613
      0.4295247332910099
       0.432120518604735
      0.4346962986296868
      0.4372507085016989
       0.439782390874665
      0.4422899975807113
       0.444772191340911
      0.4472276475248327
      0.4496550559543231
      0.4520531227486617
      0.4544205722074922
      0.4567561487261806
       0.459058618738986
      0.4613267726852393
      0.4635594269914162
      0.4657554260646959
      0.4679136442896745
      0.4700329880225418
      0.4721123975741686
      0.4741508491749529
      0.4761473569135223
      0.4781009746402147
      0.4800107978264243
       0.481875965372315
      0.4836956613522341
      0.4854691166892056
      0.4871956107492607
      0.4888744728453696
      0.4905050836439979
      0.4920868764617371
      0.4936193384455438
      0.4951020116270747
      0.4965344938419883
      0.4979164395073264
       0.499247560248553
      0.5005276253687899
      0.5017564621552744
      0.5029339560158422
      0.5040600504418548
      0.5051347467912604
      0.5061581038907204
      0.5071302374537743
      0.5080513193131891
      0.5089215764675726
      0.5097412899429755
      0.5105107934715691
      0.5112304719907507
      0.5119007599657512
      0.5125221395418238
      0.5130951385326176
      0.5136203282521085
      0.5140983211982124
       0.514529768598033
      0.5149153578265515
      0.5152558097079808
      0.5155518757147894
      0.5158043350754433
        0.51601399180642
         0.5161816716824
      0.5163082191593393
      0.5163944942661786
      0.5164413694811354
      0.5164497266082471
       0.516420453669724
      0.5163544418306072
      0.5162525823706525
        0.51611576371971
      0.5159448685702017
      0.5157407710823593
       0.515504334195134
      0.5152364070562264
      0.5149378225827992
      0.5146093951639944
      0.5142519185172648
      0.5138661637044875
      0.5134528773181981
       0.513012779844361
      0.5125465642067514
      0.5120548944974306
      0.5115384048964052
      0.5109976987832533
      0.5104333480392934
      0.5098458925418318
      0.5092358398482009
      0.5086036650648139
      0.5079498108998521
      0.5072746878934139
      0.5065786748181073
      0.5058621192443117
      0.5051253382629142
      0.5043686193549285
      0.5035922214004739
        0.50279637581753
      0.5019812878185295
      0.5011471377768496
       0.500294082689162
      0.4994222577255509
      0.4985317778543182
      0.4976227395306432
      0.4966952224384434
       0.495749291274219
      0.4947849975606201
      0.4938023814822056
      0.4928014737292707
      0.4917822973433065
      0.4907448695529777
      0.4896892035911775
       0.488615310485798
      0.4875232008161201
        0.48641288642723
      0.4852843820948158
      0.4841377071365682
      0.4829728869622405
      0.4817899545583678
      0.4805889519035177
      0.4793699313104088
      0.4781329566908195
      0.4768781047418131
      0.4756054660506371
      0.4743151461169522
       0.473007266291166
      0.4716819646290262
      0.4703393966612911
      0.4689797360798345
      0.4676031753405068
      0.4662099261834109
      0.4648002200733372
      0.4633743085599488
      0.4619324635619114
      0.4604749775757552
      0.4590021638123096
      0.4575143562633067
      0.4560119097008187
      0.4544951996124306
      0.4529646220751059
      0.4514205935706355
      0.4498635507457798
      0.4482939501205934
      0.4467122677470928
      0.4451189988227802
      0.4435146572603803
      0.4418997752185539
      0.4402749025951102
      0.4386406064870412
       0.436997470619204
      0.4353460947445582
      0.4336870940197751
      0.4320210983573783
      0.4303487517577578
      0.4286707116239253
      0.4269876480602263
      0.4253002431582909
      0.4236091902720472
      0.4219151932836714
      0.4202189658627419
      0.4185212307204083
      0.4168227188600064
      0.4151241688264761
      0.4134263259554136
      0.4117299416237552
      0.4100357725033436
      0.4083445798188524
      0.4066571286107869
      0.4049741870054684
      0.4032965254926872
      0.4016249162117833
      0.3999601322474893
      0.3983029469365431
      0.3966541331851159
      0.3950144627984922
      0.3933847058234842
      0.3917656299038745
      0.3901579996499046
       0.388562576021825
      0.3869801157282854
      0.3854113706397704
      0.3838570872175911
      0.3823180059581915
      0.3807948608538684
      0.3792883788690007
      0.3777992794331662
      0.3763282739501192
      0.3748760653235007
      0.3734433474985979
      0.3720308050207345
      0.3706391126100962
      0.3692689347526003
      0.3679209253065682
      0.3665957271259634
      0.3652939716987174
       0.364016278800797
      0.3627632561655667
      0.3615354991677283
      0.3603335905221062
      0.3591580999964871
      0.3580095841384638
      0.3568885860158657
      0.3557956349696147
      0.3547312463801554
      0.3536959214451945
      0.3526901469697359
      0.3517143951670482
      0.3507691234704155
      0.3498547743550379
      0.3489717751697778
       0.348120537977774
      0.3473014594061451
      0.3465149205031737
      0.3457612866035452
      0.3450409072002644
      0.3443541158228838
      0.3437012299223847
      0.3430825507605655
      0.3424983633047079
      0.3419489361269424
      0.3414345213069139
       0.340955354338181
      0.3405116540376836
      0.3401036224573383
      0.3397314447982543
      0.3393952893260619
      0.3390953072878869
      0.3388316328304474
      0.3386043829183731
      0.3384136572529406
      0.3382595381915054
      0.3381420906658992
      0.3380613621011798
      0.3380173823339809
      0.3380101635299849
      0.3380397001009317
      0.3381059686213579
      0.3382089277444856
      0.3383485181180863
      0.3385246622993978
      0.3387372646709289
      0.3389862113552489
      0.3392713701312146
      0.3395925903502989
      0.3399497028541642
      0.3403425198940073
      0.3407708350517247
      0.3412344231635055
      0.3417330402469074
      0.3422664234316203
      0.3428342908945439
      0.3434363417999057
      0.3440722562461488
      0.3447416952185171
      0.3454443005502766
      0.3461796948920776
      0.3469474816905219
      0.3477472451779481
      0.3485785503726745
      0.3494409430923467
       0.350333949980336
      0.3512570785462156
      0.3522098172224306
      0.3531916354362533
       0.354201983700179
      0.3552402937200158
      0.3563059785228689
