                       0
   4.996626666666559e-05
   0.0001997269431941427
   0.0004490676792338493
   0.0007977646046819791
    0.001245584370892487
    0.001792284192494289
    0.002437611889617559
    0.003181305930282195
    0.004023095472651141
    0.004962700406802923
    0.005999831395630417
    0.007134189914428079
    0.008365468288686168
    0.009693349729569121
     0.01111750836651447
     0.01263760927635179
     0.01425330850830282
     0.01596425310418984
     0.01777008111314653
      0.0196704216000925
     0.02166489464720395
     0.02375311134758744
     0.02593467379033257
      0.0282091750361029
     0.03057619908239756
     0.03303532081760133
     0.03558610596292189
     0.03822811100129973
     0.04096088309236682
     0.04378395997251497
     0.04669686983913424
     0.04969913121807355
     0.05279025281337314
     0.05596973333832025
     0.05923706132688124
     0.06259171492456821
     0.06603316165780865
     0.06956085818089304
      0.0731742499995947
     0.07687277117057273
     0.08065584397568319
     0.08452287857036229
     0.08847327260525482
     0.09250641082030785
     0.09662166461057842
      0.1008183915630433
      0.1050959349637385
      0.1094536232746142
      0.1138907695795243
      0.1184066709988428
      0.1230006080722401
      0.1276718441092399
      0.1324196245072218
      0.1372431760366272
       0.142141706093197
      0.1471144019171659
      0.1521604297794198
      0.1572789341347257
       0.162469036742257
      0.1677298357537352
      0.1730604047696362
      0.1784597918640483
       0.183927018578867
      0.1894610788881989
       0.195060938133943
      0.2007255319337274
      0.2064537650624867
       0.212244510309181
      0.2180966073103028
      0.2240088613620221
      0.2299800422129957
      0.2360088828400896
      0.2420940782094478
      0.2482342840255652
      0.2544281154712562
      0.2606741459416054
      0.2669709057752637
      0.2733168809866722
       0.279710512003001
      0.2861501924099327
      0.2926342677105629
      0.2991610341020132
      0.3057287372745881
      0.3123355712385245
       0.318979677183684
      0.3256591423777476
      0.3323719991087393
      0.3391162236779089
      0.3458897354492563
      0.3526903959622094
      0.3595160081141352
      0.3663643154195829
      0.3732330013533203
      0.3801196887844081
      0.3870219395086202
      0.3939372538867342
      0.4008630705961606
      0.4077967665035664
      0.4147356566660617
      0.4216769944685403
      0.4286179719047034
      0.4355557200091759
       0.442487309447998
      0.4494097512745687
      0.4563199978578649
      0.4632149439894968
      0.4700914281757476
      0.4769462341204181
      0.4837760924037742
      0.4905776823623884
      0.4973476341741039
      0.5040825311516713
      0.5107789122479337
      0.5174332747746687
      0.5240420773363491
      0.5306017429792399
      0.5371086625553191
      0.5435591982994546
        0.54994968761733
      0.5562764470805173
      0.5625357766239222
      0.5687239639397451
      0.5748372890609698
      0.5808720291260665
      0.5868244633156114
      0.5926908779501182
      0.5984675717373772
      0.6041508611563076
      0.6097370859632285
      0.6152226148053735
      0.6206038509254165
      0.6258772379397386
      0.6310392656722821
      0.6360864760249998
      0.6410154688651134
      0.6458229079087787
      0.6505055265801656
       0.655060133824606
      0.6594836198540691
      0.6637729618031434
      0.6679252292736109
      0.6719375897458626
      0.6758073138356191
      0.6795317803748339
      0.6831084812962883
      0.6865350263019573
      0.6898091472961635
      0.6929287025654973
      0.6958916806886034
      0.6986962041601146
      0.7013405327144719
      0.7038230663367205
      0.7061423479490553
      0.7082970657633942
      0.7102860552920293
      0.7121083010102022
       0.713762937666149
      0.7152492512360823
      0.7165666795232947
      0.7177148124024981
      0.7186933917121873
      0.7195023107996401
      0.7201416137247949
      0.7206114941309242
      0.7209122937914804
      0.7210445008439592
      0.7210087477229614
      0.7208058088057928
      0.7204365977850992
      0.7199021647839028
      0.7192036932292637
      0.7183424965014865
      0.7173200143763002
      0.7161378092778385
      0.7147975623605441
      0.7133010694382323
      0.7116502367785145
       0.709847076780756
      0.7078937035553845
      0.7057923284221217
      0.7035452553442122
      0.7011548763151699
      0.6986236667140014
      0.6959541806441901
      0.6931490462708368
      0.6902109611697921
      0.6871426877016051
      0.6839470484222776
      0.6806269215420527
      0.6771852364424689
      0.6736249692610331
      0.6699491385520998
      0.6661608010315222
      0.6622630474119483
      0.6582589983347418
      0.6541518004037175
      0.6499446223252454
      0.6456406511583748
      0.6412430886781894
      0.6367551478547968
      0.6321800494498983
      0.6275210187322635
      0.6227812823130285
      0.6179640651012035
      0.6130725873794444
      0.6081100619997543
      0.6030796916984112
      0.5979846665292472
      0.5928281614140016
      0.5876133338084265
      0.5823433214824471
      0.5770212404126656
      0.5716501827853121
       0.566233215107606
      0.5607733764253707
      0.5552736766448029
      0.5497370949560387
       0.544166578356255
       0.538565040269931
      0.5329353592639128
      0.5272803778548069
      0.5216029014063429
      0.5159056971142243
      0.5101914930760375
      0.5044629774437617
      0.4987227976564077
      0.4929735597503796
      0.4872178277450807
      0.4814581231012973
      0.4756969242499842
      0.4699366661889497
      0.4641797401450568
      0.4584284932994993
      0.4526852285737471
      0.4469522044737522
      0.4412316349900214
      0.4355256895511783
      0.4298364930286362
      0.4241661257900444
       0.418516623799152
      0.4128899787597922
      0.4072881383016673
      0.4017130062057012
      0.3961664426666749
      0.3906502645909649
      0.3851662459271755
      0.3797161180275305
      0.3743015700379039
      0.3689242493144196
       0.363585761864584
       0.358287672810949
      0.3530315068753778
       0.347818748881998
      0.3426508442770105
      0.3375291996635391
      0.3324551833497882
      0.3274301259088206
      0.3224553207483174
      0.3175320246887561
       0.312661458548495
       0.307844807734296
      0.3030832228359171
      0.2983778202234271
      0.2937296826459846
      0.2891398598308704
       0.284609369081631
      0.2801391958742356
      0.2757302944502573
      0.2713835884060765
       0.267099971277223
       0.262880307117017
      0.2587254310687001
      0.2546361499303561
      0.2506132427119195
      0.2466574611836554
      0.2427695304155633
      0.2389501493071604
      0.2351999911071929
      0.2315197039228483
      0.2279099112180942
      0.2243712123008202
      0.2209041827984806
      0.2175093751220009
      0.2141873189177292
      0.2109385215072608
      0.2077634683149886
      0.2046626232832766
      0.2016364292751707
      0.1986853084645952
      0.1958096627140162
      0.1930098739395582
      0.1902863044636101
      0.1876392973549535
      0.1850691767564746
      0.1825762482005441
      0.1801607989121586
      0.1778230980999475
       0.175563397235172
      0.1733819303188447
      0.1712789141371075
      0.1692545485050297
      0.1673090164989632
      0.1654424846776282
      0.1636551032920906
      0.1619470064847955
      0.1603183124778242
      0.1587691237505572
      0.1572995272069004
      0.1559095943322407
      0.1545993813403222
      0.1533689293101774
      0.1522182643133013
      0.1511473975312148
      0.1501563253635799
       0.149245029527008
      0.1484134771447224
      0.1476616208272006
      0.1469893987439418
      0.1463967346864916
      0.1458835381228331
      0.1454497042432857
      0.1450951139980084
      0.1448196341262177
      0.1446231171772348
       0.144505401523445
      0.1444663113652777
      0.1445056567282839
      0.1446232334524148
      0.1448188231735675
      0.1450921932975001
      0.1454430969661778
      0.1458712730166402
      0.1463764459324775
      0.1469583257879767
      0.1476166081850376
      0.1483509741829389
      0.1491610902210385
      0.1500466080345094
      0.1510071645632082
      0.1520423818537812
      0.1531518669551273
      0.1543352118073414
      0.1555919931242782
      0.1569217722698802
      0.1583240951284457
      0.1597984919690001
      0.1613444773039779
       0.162961549742436
      0.1646491918380146
      0.1664068699319217
       0.168234033991206
      0.1701301174426403
      0.1720945370025216
      0.1741266925027628
      0.1762259667136603
      0.1783917251637528
       0.180623315957216
      0.1829200695892847
      0.1852812987602107
      0.1877062981883261
      0.1901943444227782
      0.1927446956565967
      0.1953565915407388
      0.1980292529998396
      0.2007618820504029
      0.2035536616222441
      0.2064037553840097
      0.2093113075736534
      0.2122754428347964
      0.2152952660599242
      0.2183698622414324
      0.2214982963315658
      0.2246796131123374
      0.2279128370765575
      0.2311969723211273
      0.2345310024538052
      0.2379138905146743
      0.2413445789135892
      0.2448219893848763
      0.2483450229606242
      0.2519125599639083
      0.2555234600232829
      0.2591765621099465
      0.2628706845989356
      0.2666046253557516
      0.2703771618497688
        0.27418705129583
       0.278033030825344
      0.2819138176882416
      0.2858281094870729
      0.2897745844445118
      0.2937519017054593
      0.2977587016749112
      0.3017936063926796
      0.3058552199459548
       0.309942128920662
      0.3140529028923989
      0.3181860949577234
      0.3223402423063507
      0.3265138668347458
      0.3307054758014772
      0.3349135625244598
      0.3391366071201555
       0.343373077284574
      0.3476214291157297
      0.3518801079770562
      0.3561475494010428
      0.3604221800321766
      0.3647024186080504
      0.3689866769772451
      0.3732733611524346
      0.3775608723968476
      0.3818476083420504
       0.386131964134736
       0.390412333609979
      0.3946871104881944
       0.398954689592772
      0.4032134680851447
      0.4074618467138287
      0.4116982310737546
      0.4159210328719882
      0.4201286711957968
      0.4243195737787524
      0.4284921782605157
       0.432644933435711
       0.436776300487251
      0.4408847541993265
      0.4449687841452529
      0.4490268958453362
       0.453057611889822
      0.4570594730221819
      0.4610310391778727
       0.464970890473917
      0.4688776281447742
      0.4727498754200732
      0.4765862783400474
      0.4803855065047353
      0.4841462537533057
      0.4878672387701377
      0.4915472056147241
      0.4951849241728226
      0.4987791905266429
      0.5023288272424554
      0.5058326835743823
      0.5092896355837104
      0.5126985861735902
      0.5160584650395428
      0.5193682285368054
      0.5226268594660922
       0.525833366780029
      0.5289867852129927
      0.5320861748378594
      0.5351306205535997
      0.5381192315083042
      0.5410511404628491
      0.5439255031008017
      0.5467414972908408
      0.5494983223082989
      0.5521951980229184
       0.554831364060384
      0.5574060789453457
      0.5599186192341128
      0.5623682786452953
      0.5647543671969278
      0.5670762103585918
      0.5693331482271657
      0.5715245347347877
      0.5736497368974143
      0.5757081341122655
      0.5776991175121542
      0.5796220893843157
       0.581476462661022
      0.5832616604888042
      0.5849771158824867
        0.58662227146974
      0.5881965793311805
      0.5896995009403564
      0.5911305072071803
      0.5924890786276574
      0.5937747055419371
      0.5949868885018017
      0.5961251387479708
      0.5971889787966739
      0.5981779431340611
      0.5990915790162279
      0.5999294473717264
      0.6006911238026503
      0.6013761996795378
      0.6019842833246334
      0.6025150012772676
      0.6029679996345029
      0.6033429454595242
      0.6036395282497211
      0.6038574614558898
      0.6039964840435993
      0.6040563620873551
      0.6040368903879476
      0.6039378941031376
      0.6037592303817132
      0.6035007899908834
      0.6031624989269929
      0.6027443199996608
      0.6022462543795207
      0.6016683431000923
      0.6010106685045444
      0.6002733556284284
      0.5994565735100192
      0.5985605364202116
      0.5975855050045888
      0.5965317873307425
      0.5953997398345604
       0.594189768159911
       0.592902327886679
      0.5915379251429044
      0.5900971170974587
      0.5885805123303188
      0.5869887710783337
      0.5853226053549843
      0.5835827789433975
       0.581770107262511
      0.5798854571070273
      0.5779297462623282
      0.5759039429962708
      0.5738090654302769
      0.5716461807927001
      0.5694164045580716
      0.5671208994761323
      0.5647608744951612
      0.5623375835844572
      0.5598523244611735
      0.5573064372269962
      0.5547013029205359
      0.5520383419914076
      0.5493190127022413
      0.5465448094649751
       0.543717261117882
      0.5408379291498728
      0.5379084058786118
      0.5349303125889634
      0.5319052976382969
      0.5288350345350362
       0.525721219996741
      0.5225655719939064
       0.519369827785477
      0.5161357419518801
       0.512865084431201
      0.5095596385638563
      0.5062211991509379
      0.5028515705311061
      0.4994525646806431
      0.4960259993410137
      0.4925736961779978
      0.4890974789761867
      0.4855991718722783
      0.4820805976304153
      0.4785435759624281
       0.474989921895612
      0.4714214441903379
      0.4678399438095652
       0.464247212441994
      0.4606450310803917
      0.4570351686562933
       0.453419380732088
      0.4497994082512369
      0.4461769763471382
      0.4425537932109209
      0.4389315490182877
      0.4353119149152681
      0.4316965420625899
      0.4280870607382319
      0.4244850794974697
      0.4208921843896992
      0.4173099382310524
      0.4137398799318183
      0.4101835238774614
      0.4066423593620068
      0.4031178500724139
       0.399611433622498
      0.3961245211349175
      0.3926584968696208
      0.3892147178971391
      0.3857945138150795
       0.382399186506076
      0.3790300099355092
      0.3756882299872131
       0.372375064335438
      0.3690917023512861
      0.3658393050418557
      0.3626190050203514
      0.3594319065054108
      0.3562790853479011
      0.3531615890835232
      0.3500804370095004
      0.3470366202837492
      0.3440311020448816
      0.3410648175514959
      0.3381386743391959
      0.3352535523938721
      0.3324103043397806
      0.3296097556410205
      0.3268527048150589
      0.3241399236570097
      0.3214721574733978
      0.3188501253242021
      0.3162745202720542
      0.3137460096374509
      0.3112652352589696
      0.3088328137574675
      0.3064493368033204
      0.3041153713858298
      0.3018314600839366
      0.2995981213374463
      0.2974158497180664
      0.2952851161995109
      0.2932063684260738
      0.2911800309790751
      0.2892065056406077
      0.2872861716541165
      0.2854193859813474
      0.2836064835552468
      0.2818477775284658
      0.2801435595171353
      0.2784940998396149
       0.276899647750004
       0.275360431666186
      0.2738766593922502
      0.2724485183351623
      0.2710761757155886
      0.2697597787728175
      0.2684994549637539
      0.2672953121559973
       0.266147438815043
      0.2650559041856727
       0.264020758467646
      0.2630420329858232
      0.2621197403548643
      0.2612538746386984
      0.2604444115049803
       0.259691308374754
      0.2589945045675934
      0.2583539214425093
       0.257769462534911
      0.2572410136899557
      0.2567684431926552
      0.2563516018950738
      0.2559903233410263
      0.2556844238886913
      0.2554337028315359
      0.2552379425180251
      0.2550969084705578
      0.2550103495041053
      0.2549779978450386
      0.2549995692506575
      0.2550747631299162
      0.2552032626659042
      0.2553847349405729
      0.2556188310622925
      0.2559051862967903
      0.2562434202020031
      0.2566331367674513
      0.2570739245586894
      0.2575653568674064
      0.2581069918677737
      0.2586983727796229
       0.259339028039022
      0.2600284714768566
      0.2607662025059614
      0.2615517063174304
      0.2623844540866107
      0.2632639031893964
      0.2641894974293236
      0.2651606672760488
      0.2661768301156883
       0.267237390513555
      0.2683417404897525
      0.2694892598081096
      0.2706793162788681
      0.2719112660755606
      0.2731844540664377
      0.2744982141607951
      0.2758518696705143
      0.2772447336871021
      0.2786761094744333
       0.280145290877398
      0.2816515627465956
      0.2831942013791431
      0.2847724749756435
      0.2863856441132745
      0.2880329622349141
      0.2897136761541364
      0.2914270265758706
      0.2931722486324004
      0.2949485724343591
      0.2967552236362512
      0.2985914240159787
      0.3004563920677654
       0.302349343607776
      0.3042694923916288
      0.3062160507429582
      0.3081882301920253
      0.3101852421233356
      0.3122062984311109
      0.3142506121813245
       0.316317398279002
      0.3184058741392948
      0.3205152603608098
      0.3226447813995392
      0.3247936662416641
      0.3269611490733887
       0.329146469945899
      0.3313488754334461
      0.3335676192824316
      0.3358019630493624
      0.3380511767254092
      0.3403145393452596
      0.3425913395778959
      0.3448808762968619
      0.3471824591275378
      0.3494954089689185
      0.3518190584873305
      0.3541527525795227
        0.35649584880257
      0.3588477177679772
      0.3612077434974569
       0.363575323737811
      0.3659498702324409
      0.3683308089470353
      0.3707175802470558
      0.3731096390247361
      0.3755064547734048
      0.3779075116070403
      0.3803123082231496
      0.3827203578071415
      0.3851311878765768
      0.3875443400638616
      0.3899593698361259
      0.3923758461512344
      0.3947933510491697
      0.3972114791781788
      0.3996298372554419
       0.402048043462192
      0.4044657267736062
      0.4068825262240236
      0.4092980901083776
      0.4117120751210921
      0.4141241454339609
      0.4165339717149641
      0.4189412300902581
       0.421345601051938
      0.4237467683145804
      0.4261444176238952
      0.4285382355211657
      0.4309279080675739
      0.4333131195327569
      0.4356935510523953
      0.4380688792598657
      0.4404387748973885
      0.4428029014123411
       0.445160913544716
       0.447512455911976
      0.4498571615977972
       0.452194650751343
      0.4545245292039953
       0.456846387110545
      0.4591597976219916
      0.4614643155972035
      0.4637594763606349
      0.4660447945134948
       0.468319762805511
      0.4705838510744894
      0.4728365052607187
       0.475077146503051
      0.4773051703233521
      0.4795199459057187
      0.4817208154765213
      0.4839070937910647
      0.4860780677321797
       0.488232996025745
      0.4903711090775217
      0.4924916089352781
      0.4945936693796152
       0.496676436146315
      0.4987390272824311
      0.5007805336377039
      0.5028000194922141
      0.5047965233205768
      0.5067690586922136
       0.508716615306571
      0.5106381601614608
      0.5125326388520041
      0.5143989769969446
      0.5162360817883733
      0.5180428436603604
      0.5198181380711707
      0.5215608273932771
      0.5232697629046553
      0.5249437868743715
      0.5265817347349249
      0.5281824373333206
      0.5297447232524064
      0.5312674211936379
      0.5327493624121161
      0.5341893831944116
      0.5355863273695278
       0.536939048843123
      0.5382464141450816
      0.5395073049803911
      0.5407206207733561
      0.5418852811952142
      0.5430002286653749
      0.5440644308166747
      0.5450768829152129
       0.546036610225793
      0.5469426703141451
      0.5477941552775909
      0.5485901938962346
       0.549329953697222
      0.5500126429250997
      0.5506375124118221
       0.551203857340604
      0.5517110188982455
       0.552158385811262
      0.5525453957617814
      0.5528715366796516
       0.553136347907939
      0.5533394212396165
      0.5534804018237773
      0.5535589889403434
      0.5535749366429163
      0.5535280542698604
      0.5534182068243348
      0.5532453152245701
       0.553009356426061
      0.5527103634180106
      0.5523484250966227
      0.5519236860184015
      0.5514363460369505
      0.5508866598270882
      0.5502749363004668
      0.5496015379171721
      0.5488668798979157
      0.5480714293418463
      0.5472157042549678
      0.5463002724944498
      0.5453257506342033
      0.5442928027571161
      0.5432021391794498
      0.5420545151129096
      0.5408507292699327
       0.539591622417592
      0.5382780758856255
       0.536911010033905
      0.5354913826845944
      0.5340201875241346
      0.5324984524800844
      0.5309272380776455
      0.5293076357805871
      0.5276407663210836
      0.5259277780228279
      0.5241698451215403
      0.5223681660868742
      0.5205239619494482
      0.5186384746365735
      0.5167129653200352
      0.5147487127790431
      0.5127470117813587
      0.5107091714852596
      0.5086365138649263
       0.506530372161575
      0.5043920893624745
      0.5022230167097937
      0.5000245122410474
       0.497797939362711
      0.4955446654584176
      0.4932660605329692
      0.4909634958932195
      0.4886383428667787
      0.4862919715592621
      0.4839257496507646
      0.4815410412320045
      0.4791392056805489
      0.4767215965773285
      0.4742895606636137
      0.4718444368384829
      0.4693875551966786
      0.4669202361067473
      0.4644437893291886
      0.4619595131742794
      0.4594686936992148
      0.4569726039440632
      0.4544725032060194
      0.4519696363513804
      0.4494652331645954
       0.446960507733709
       0.444456657871492
      0.4419548645714724
      0.4394562914981097
      0.4369620845102765
       0.434473371217217
      0.4319912605661201
      0.4295168424604567
      0.4270511874081676
      0.4245953461988258
      0.4221503496088869
      0.4197172081341013
        0.41729691174819
      0.4148904296868992
      0.4124987102565147
      0.4101226806659453
      0.4077632468815027
      0.4054212935034864
      0.4030976836637277
      0.4007932589432296
      0.3985088393090845
      0.3962452230698406
      0.3940031868485503
      0.3917834855726862
      0.3895868524802175
      0.3874139991410704
      0.3852656154932974
      0.3831423698932485
      0.3810449091790982
      0.3789738587470683
       0.376929822639737
      0.3749133836458451
      0.3729251034110404
       0.370965522558979
      0.3690351608223129
      0.3671345171830375
      0.3652640700217419
      0.3634242772753313
      0.3616155766027969
      0.3598383855586492
      0.3580931017736534
      0.3563801031425244
      0.3546997480182963
      0.3530523754130272
      0.3514383052046329
      0.3498578383495549
       0.348311257101072
      0.3467988252330405
      0.3453207882688807
      0.3438773737156395
      0.3424687913029977
      0.3410952332270676
      0.3397568743989046
      0.3384538726976012
      0.3371863692279162
      0.3359544885823662
      0.3347583391077069
       0.333598013175821
      0.3324735874589462
       0.331385123209234
      0.3303326665426656
      0.3293162487272948
      0.3283358864758315
      0.3273915822425925
      0.3264833245248024
      0.3256110881682897
      0.3247748346775646
      0.3239745125302887
      0.3232100574961701
      0.3224813929602675
      0.3217884302506927
      0.3211310689707542
      0.3205091973354881
       0.319922692512575
      0.3193714209676386
      0.3188552388138746
      0.3183739921659568
      0.3179275174981848
      0.3175156420067674
      0.3171381839761859
      0.3167949531494642
      0.3164857511022802
      0.3162103716206858
      0.3159686010823077
      0.3157602188407959
      0.3155849976132871
      0.3154427038706427
      0.3153330982301837
      0.3152559358506077
      0.3152109668287803
      0.3151979365980607
      0.3152165863277911
      0.3152666533235263
       0.315347871427646
      0.3154599714198297
      0.3156026814169599
      0.3157757272719375
      0.3159788329708196
      0.3162117210277645
      0.3164741128771019
      0.3167657292619229
      0.3170862906185088
      0.3174355174558593
      0.3178131307296684
      0.3182188522099404
      0.3186524048415689
      0.3191135130971045
