                       0
    4.99662666668933e-05
   0.0001997269431935851
   0.0004490676792341795
   0.0007977646046795296
    0.001245584370888811
    0.001792284192491637
    0.002437611889613249
    0.003181305930276945
    0.004023095472637774
    0.004962700406776391
    0.005999831395594043
    0.007134189914389736
    0.008365468288631243
    0.009693349729543957
     0.01111750836650432
     0.01263760927633669
     0.01425330850828679
     0.01596425310409808
     0.01777008111298189
     0.01967042159998731
     0.02166489464706708
     0.02375311134747528
     0.02593467379019915
     0.02820917503598113
     0.03057619908226308
     0.03303532081749241
      0.0355861059629546
     0.03822811100139411
      0.0409608830925808
      0.0437839599729838
     0.04669686983997334
     0.04969913121956993
     0.05279025281589328
     0.05596973334241932
     0.05923706133328832
     0.06259171493420845
     0.06603316167203754
     0.06956085820166397
     0.07317425002938906
     0.07687277121305852
     0.08065584403539276
     0.08452287865348611
     0.08847327272018572
     0.09250641097800238
     0.09662166482493079
       0.100818391852436
      0.1050959353514079
       0.109453623790491
      0.1138907702614834
         0.1184066718954
      0.1230006092437003
      0.1276718456313762
      0.1324196264744264
      0.1372431785666642
      0.1421417093310772
      0.1471144060409917
      0.1521604350077957
      0.1572789407336941
      0.1624690450357076
      0.1677298461348703
      0.1730604177114631
       0.178459807936197
      0.1839270384630884
      0.1894611033999511
      0.1950609682430148
      0.2007255687918743
       0.206453810031949
      0.2122445649969007
      0.2180966736067246
      0.2240089414853795
       0.229980138757357
      0.2360089988315227
      0.2420942171693779
      0.2482344500396085
      0.2544283132700008
      0.2606743809868797
      0.2669711843561287
      0.2733172103324519
      0.2797109003993534
      0.2861506493331917
      0.2926348039737969
      0.2991616620134903
      0.3057294708175525
      0.3123364262616244
       0.318980671610999
      0.3256602964345119
      0.3323733355708691
      0.3391177681404167
      0.3458915166105311
      0.3526924459351394
      0.3595183627592256
      0.3663670146995969
      0.3732360897079848
      0.3801232155348201
      0.3870259592767423
      0.3939418270487688
      0.4008682637459752
      0.4078026529462642
      0.4147423169289964
      0.4216845168318311
      0.4286264529501706
      0.4355652651820943
      0.4424980336309344
       0.449421779370911
      0.4563334653785765
       0.463229997646274
      0.4701082264627934
      0.4769649478893096
      0.4837969054236655
      0.4906007918545787
      0.4973732513208089
      0.5041108815645234
      0.5108102363883636
      0.5174678283243108
      0.5240801314940853
      0.5306435846850424
      0.5371545946328894
       0.543609539498488
      0.5500047725394931
      0.5563366259960398
       0.562601415152993
      0.5687954425805294
      0.5749150025794274
      0.5809563857600031
      0.5869158838162849
      0.5927897944221474
      0.5985744262903485
      0.6042661043501347
      0.6098611750361796
      0.6153560116803301
      0.6207470199968771
      0.6260306436325179
      0.6312033697687899
       0.636261734769169
      0.6412023298410652
      0.6460218067044388
      0.6507168832389516
      0.6552843491024659
      0.6597210712871256
      0.6640239996109469
      0.6681901721122718
      0.6722167203372326
      0.6761008744976833
      0.6798399684666995
      0.6834314446320704
      0.6868728585491801
       0.690161883395976
      0.6932963142112751
      0.6962740719117219
      0.6990932070471411
      0.7017519033080352
      0.7042484807421859
      0.7065813987174629
      0.7087492585753825
      0.7107508059749086
      0.7125849329447158
      0.7142506796083862
      0.7157472356001142
      0.7170739411411995
      0.7182302878120305
      0.7192159189833601
      0.7200306299315239
      0.7206743676217228
      0.7211472301847164
       0.721449466073908
      0.7215814729097416
      0.7215437960296586
      0.7213371267358053
      0.7209623002707279
       0.720420293514148
      0.7197122224123345
      0.7188393391616198
      0.7178030291597618
      0.7166048077166428
      0.7152463165685881
      0.7137293201927997
       0.712055701933117
      0.7102274599671053
       0.708246703115244
        0.70611564651849
      0.7038366071988699
      0.7014119995033835
      0.6988443304594195
      0.6961361950757216
      0.6932902715506151
      0.6903093164591964
      0.6871961599160372
      0.6839537006906002
      0.6805849013475468
       0.677092783392209
      0.6734804224242485
      0.6697509433498655
      0.6659075156195583
      0.6619533485352828
      0.6578916866222511
      0.6537258050709289
      0.6494590052869602
      0.6450946105076749
      0.6406359615439084
       0.636086412616872
      0.6314493273228189
      0.6267280747076484
      0.6219260254799429
      0.6170465483433645
      0.6120930064717627
      0.6070687541288869
       0.601977133408956
      0.5968214711454488
      0.5916050759373879
      0.5863312353506289
      0.5810032132394607
      0.5756242472234836
      0.5701975463132156
      0.5647262886848745
      0.5592136195733517
      0.5536626493413875
      0.5480764516595008
      0.5424580618378203
      0.5368104752820907
      0.5311366460985687
      0.5254394858012008
      0.5197218621625618
      0.5139865981758551
      0.5082364711407076
      0.5024742118601392
      0.4967025039354123
      0.4909239831782949
      0.4851412371268873
      0.4793568046338217
      0.4735731755754136
      0.4677927906267477
      0.4620180411287081
      0.4562512690308392
      0.4504947669087858
      0.4447507780505615
      0.4390214966087713
      0.4333090678132037
      0.4276155882376265
      0.4219431061284393
      0.4162936217710028
      0.4106690879121241
      0.4050714102119368
      0.3995024477458485
      0.3939640135322315
      0.3884578750962273
       0.382985755059665
       0.377549331754911
      0.3721502398614618
      0.3667900710626662
      0.3614703747204184
      0.3561926585577047
      0.3509583893588172
      0.3457689936733602
      0.3406258585341556
      0.3355303321751813
      0.3304837247533711
      0.3254873090729713
      0.3205423213084153
      0.3156499617262944
      0.3108113954054029
      0.3060277529478182
      0.3013001311870895
      0.2966295938905903
      0.2920171724508498
      0.2874638665707329
      0.2829706449387149
      0.2785384458865046
      0.2741681780474455
      0.2698607209951079
      0.2656169258673901
      0.2614376159864163
      0.2573235874538474
      0.2532756097436066
      0.2492944262731286
       0.245380754959461
      0.2415352887672255
      0.2377586962366778
      0.2340516219986992
      0.2304146872745475
       0.226848490359486
      0.2233536070948092
      0.2199305913203594
      0.2165799753160383
      0.2133022702261048
       0.210097966470728
      0.2069675341411487
      0.2039114233812363
      0.2009300647558671
      0.1980238696020952
      0.1951932303714592
       0.192438520952827
      0.1897600969867694
       0.187158296164953
       0.184633438515892
      0.1821858266780879
      0.1798157461624526
       0.177523465600819
      0.1753092369838166
      0.1731732958865875
        0.17111586168055
      0.1691371377400004
       0.167237311632885
       0.165416555302202
      0.1636750252387005
      0.1620128626414732
      0.1604301935677668
      0.1589271290776036
      0.1575037653660879
      0.1561601838831591
      0.1548964514534504
      0.1537126203775994
         0.1526087285313
      0.1515847994538946
       0.150640842430131
      0.1497768525608873
      0.1489928108301728
      0.1482886841615589
      0.1476644254672468
      0.1471199736934568
      0.1466552538521888
      0.1462701770522375
      0.1459646405202652
      0.1457385276134664
      0.1455917078298734
      0.1455240368073326
      0.1455353563200006
      0.1456254942637892
      0.1457942646409462
      0.1460414675324577
      0.1463668890700546
       0.146770301397593
       0.147251462625392
      0.1478101167848443
      0.1484459937701114
      0.1491588092767861
      0.1499482647351259
      0.1508140472355951
      0.1517558294492327
      0.1527732695442098
      0.1538660110924764
      0.1550336829746195
      0.1562758992762254
      0.1575922591808066
      0.1589823468547155
      0.1604457313306753
      0.1619819663813098
      0.1635905903889907
      0.1652711262139949
      0.1670230810522885
      0.1688459462922615
      0.1707391973632164
      0.1727022935860842
      0.1747346780123207
      0.1768357772612634
      0.1790050013550546
       0.181241743550224
      0.1835453801632837
      0.1859152703957302
      0.1883507561536103
      0.1908511618700985
      0.1934157943177803
      0.1960439424275772
      0.1987348771011716
      0.2014878510272017
      0.2043020984910485
      0.2071768351908246
      0.2101112580512017
      0.2131045450386247
      0.2161558549814875
      0.2192643273890448
      0.2224290822755929
      0.2256492199886396
      0.2289238210408764
      0.2322519459506728
      0.2356326350849196
      0.2390649085114092
      0.2425477658564051
      0.2460801861764003
      0.2496611278333584
      0.2532895283838118
      0.2569643044825351
      0.2606843517899629
      0.2644485449016077
      0.2682557372853538
      0.2721047612417656
      0.2759944278714715
      0.2799235270700499
      0.2838908275306836
      0.2878950767741383
      0.2919350011948435
      0.2960093061323555
      0.3001166759609166
      0.3042557742022287
      0.3084252436678409
       0.312623706619073
      0.3168497649617353
      0.3211020004553853
      0.3253789749640026
      0.3296792307257687
      0.3340012906490996
      0.3383436586534088
      0.3427048200216142
      0.3470832417933832
      0.3514773731898032
      0.3558856460640373
      0.3603064753885023
      0.3647382597696567
      0.3691793819955589
      0.3736282096208512
      0.3780830955703107
      0.3825423787875472
      0.3870043849036905
      0.3914674269432427
       0.395929806054822
      0.4003898122707041
      0.4048457252978106
      0.4092958153344691
      0.4137383439090767
      0.4181715647463546
      0.4225937246570461
      0.4270030644435027
      0.4313978198373716
      0.4357762224395746
      0.4401365006892354
      0.4444768808400081
      0.4487955879559671
      0.4530908469115087
      0.4573608833976329
      0.4616039249529102
      0.4658182019716342
      0.4700019487417718
       0.474153404467507
      0.4782708142883021
      0.4823524303112962
      0.4863965126284298
      0.4904013303256264
      0.4943651624897104
      0.4982862992106477
      0.5021630425616757
      0.5059937075761197
       0.509776623224634
      0.5135101333558599
       0.517192597645336
      0.5208223925263551
      0.5243979121109554
      0.5279175690985379
      0.5313797956785328
      0.5347830444197095
      0.5381257891515698
      0.5414065258542232
      0.5446237735161729
      0.5477760750253159
      0.5508619980418464
      0.5538801358641615
      0.5568291083242951
      0.5597075626702065
      0.5625141744744717
      0.5652476485512125
      0.5679067198711323
      0.5704901545281261
      0.5729967506946377
      0.5754253396153201
      0.5777747866106057
      0.5800439921272708
      0.5822318927917421
      0.5843374624942254
      0.5863597135082869
      0.5882976976226303
      0.5901505073020635
      0.5919172768773492
      0.5935971837471953
      0.5951894495860625
      0.5966933415907909
      0.5981081737190397
       0.599433307933002
      0.6006681554434098
      0.6018121779584436
      0.6028648888987158
      0.6038258546013719
      0.6046946955080176
      0.6054710872986077
      0.6061547619906361
      0.6067455089932269
       0.607243176088236
      0.6076476703524308
       0.607958959001306
      0.6081770701496425
      0.6083020934739555
      0.6083341807834051
      0.6082735464670843
      0.6081204678429663
      0.6078752853778765
      0.6075384027867895
      0.6071102869820628
      0.6065914679095357
      0.6059825382301186
      0.6052841528638153
       0.604497028389882
      0.6036219422995605
       0.602659732107252
      0.6016112943103783
       0.600477583228088
      0.5992596096780499
      0.5979584395315094
      0.5965751921485259
      0.5951110386639947
      0.5935672001887771
      0.5919449458743631
       0.590245590901757
      0.5884704943662242
      0.5866210570706291
      0.5846987192714337
       0.582704958341915
      0.5806412863883688
      0.5785092478399363
      0.5763104169890343
      0.5740463955256397
      0.5717188100584619
      0.5693293096437981
      0.5668795633200392
      0.5643712576811508
      0.5618060944625807
      0.5591857881856211
      0.5565120638512355
      0.5537866546784526
      0.5510112999362772
      0.5481877428284733
      0.5453177284574618
      0.5424030018875798
      0.5394453062980342
      0.5364463812113575
      0.5334079608378427
      0.5303317725133443
      0.5272195352356445
      0.5240729583089487
      0.5208937400836421
      0.5176835668082757
      0.5144441115752991
      0.5111770333648096
      0.5078839761905877
      0.5045665683465463
      0.5012264217304658
      0.4978651312656793
      0.4944842744082937
      0.4910854107292273
      0.4876700815820884
      0.4842398098262777
      0.4807960996296797
      0.4773404363317579
        0.47387428636056
      0.4703990972018501
      0.4669162974130462
      0.4634272966897484
      0.4599334859535756
      0.4564362374859399
      0.4529369050838625
       0.449436824243418
      0.4459373123563872
      0.4424396689301456
      0.4389451758110522
      0.4354550974253955
      0.4319706810204994
      0.4284931569070757
       0.425023738701809
       0.421563623571884
      0.4181139924634805
      0.4146760103353069
      0.4112508263742468
      0.4078395741997402
      0.4044433720672592
      0.4010633230415367
      0.3977005151745062
      0.3943560216515942
      0.3910309009370678
      0.3877261968927423
      0.3844429388906572
      0.3811821419047451
       0.377944806584066
       0.374731919319789
      0.3715444522931509
       0.368383363502695
      0.3652495967917626
      0.3621440818485437
      0.3590677342046448
       0.356021455212634
       0.353006132021244
      0.3500226375354847
      0.3470718303667484
      0.3441545547765357
      0.3412716406167087
      0.3384239032507523
      0.3356121434845639
      0.3328371474768761
      0.3300996866595554
       0.327400517643112
      0.3247403821264646
      0.3221200067979199
      0.3195401032430757
      0.3170013678464557
      0.3145044816941481
      0.3120501104755108
       0.309638904388902
      0.3072714980481379
      0.3049485103845471
      0.3026705445644449
      0.3004381878945294
      0.2982520117423172
      0.2961125714532671
      0.2940204062706037
      0.2919760392640997
      0.2899799772614257
      0.2880327107748565
      0.2861347139495414
      0.2842864444976763
      0.2824883436472999
      0.2807408360985543
      0.2790443299731975
      0.2773992167753089
      0.2758058713592261
      0.2742646518916465
       0.272775899828479
      0.2713399398928714
      0.2699570800508281
      0.2686276114992595
      0.2673518086523226
      0.2661299291336829
      0.2649622137710834
      0.2638488865955388
      0.2627901548415897
      0.2617862089513426
      0.2608372225836308
      0.2599433526226488
      0.2591047391890863
      0.2583215056548974
      0.2575937586620966
      0.2569215881402377
      0.2563050673266503
      0.2557442527905293
      0.2552391844562495
      0.2547898856273902
       0.254396363018469
      0.2540586067807427
      0.2537765905307431
      0.2535502713849414
      0.2533795899914579
       0.253264470561496
      0.2532048209083086
      0.2532005324791701
      0.2532514803941791
      0.2533575234856816
       0.253518504338861
        0.25373424932896
      0.2540045686683379
      0.2543292564438979
      0.2547080906717435
      0.2551408333372388
      0.2556272304445372
      0.2561670120719597
      0.2567598924204118
      0.2574055698714451
      0.2581037270460224
      0.2588540308626509
      0.2596561326004686
      0.2605096679695562
      0.2614142571784502
      0.2623695050109159
      0.2633750008958958
      0.2644303190005955
      0.2655350183065476
      0.2666886427077156
      0.2678907210994783
      0.2691407674858132
      0.2704382810817602
      0.2717827464288982
      0.2731736335094697
      0.2746103978749339
      0.2760924807721379
      0.2776193092851321
      0.2791902964788314
       0.280804841549512
      0.2824623299827325
       0.284162133722621
      0.2859036113466359
      0.2876861082424753
       0.289508956804017
      0.2913714766251562
      0.2932729747072685
      0.2952127456715055
      0.2971900719827979
      0.2992042241760687
      0.3012544610988067
      0.3033400301521456
      0.3054601675456083
      0.3076140985569317
      0.3098010377968576
      0.3120201894858529
      0.3142707477362157
      0.3165518968332083
      0.3188628115326386
      0.3212026573537244
      0.3235705908819609
      0.3259657600812173
      0.3283873045948835
      0.3308343560644608
      0.3333060384430541
      0.3358014683117892
      0.3383197551985642
      0.3408600018981636
       0.343421304786646
      0.3460027541363909
      0.3486034344365667
       0.351222424698289
      0.3538587987657004
      0.3565116256181665
       0.359179969667477
      0.3618628910500027
      0.3645594459114658
      0.3672686866807819
      0.3699896623409564
      0.3727214186870251
      0.3754629985692029
      0.3782134421379169
      0.3809717870629592
      0.3837370687503222
      0.3865083205397192
      0.3892845738901597
      0.3920648585557199
      0.3948482027413783
       0.397633633245414
      0.4004201755911135
      0.4032068541328033
      0.4059926921585861
      0.4087767119698293
      0.4115579349443255
      0.4143353815878255
      0.4171080715728799
      0.4198750237538829
      0.4226352561773987
       0.425387786071675
      0.4281316298314565
      0.4308658029803714
      0.4335893201330306
      0.4363011949428833
      0.4390004400416792
      0.4416860669784849
      0.4443570861410189
      0.4470125066894461
      0.4496513364870797
      0.4522725820251653
      0.4548752483590667
      0.4574583390533817
      0.4600208561286711
      0.4625618000386194
      0.4650801696460002
      0.4675749622336523
      0.4700451735273691
      0.4724897977571101
      0.4749078277490115
      0.4772982550439097
      0.4796600700624869
      0.4819922623243638
      0.4842938206953088
      0.4865637336977597
      0.4888009898775786
      0.4910045782257945
      0.4931734886788188
      0.4953067126551645
      0.4974032436927964
      0.4994620781479607
      0.5014822159633321
      0.5034626615259623
       0.505402424594557
      0.5073005213063263
      0.5091559752815358
       0.510967818789225
       0.512735094006199
      0.5144568543378712
      0.5161321658435291
      0.5177601087195322
      0.5193397788466197
      0.5208702894148741
      0.5223507726079279
      0.5237803813446007
       0.525158291066409
      0.5264837015597533
      0.5277558388234106
      0.5289739569589802
      0.5301373400711861
      0.5312453041715833
      0.5322971990860735
       0.533292410347285
      0.5342303610417781
      0.5351105136435579
      0.5359323717745283
      0.5366954819219241
      0.5373994350706206
      0.5380438682481541
      0.5386284659820549
      0.5391529616478593
      0.5396171386950699
      0.5400208317459217
      0.5403639275605726
      0.5406463658529724
      0.5408681399597451
      0.5410292973393545
      0.5411299399210215
      0.5411702242716986
      0.5411503615971317
      0.5410706175611316
      0.5409313119359374
      0.5407328180837387
      0.5404755622358197
      0.5401600226328133
      0.5397867284848163
      0.5393562587634295
      0.5388692408423578
      0.5383263489899894
      0.5377283027259054
      0.5370758650288017
      0.5363698404465609
      0.5356110730809113
      0.5348004444623283
      0.5339388713671066
      0.5330273035356701
      0.5320667213258546
      0.5310581333331533
      0.5300025739698369
      0.5289011010009451
      0.5277547930916165
      0.5265647473499305
      0.5253320768685584
      0.5240579083166798
      0.5227433795358551
       0.521389637219273
      0.5199978346179355
      0.5185691293277901
       0.517104681152034
      0.5156056500427858
      0.5140731941239094
      0.5125084678379301
      0.5109126201546345
      0.5092867929277705
      0.5076321193304327
      0.5059497224089593
      0.5042407137636929
      0.5025061923392158
      0.5007472433232841
      0.4989649371649141
      0.4971603287238271
       0.495334456505432
      0.4934883420226663
      0.4916229892694802
      0.4897393842917533
      0.4878384948555646
      0.4859212702244495
      0.4839886410208555
      0.4820415191759312
      0.4800807979640773
      0.4781073521165751
        0.47612203799936
      0.4741256938695475
      0.4721191401840307
      0.4701031799654986
      0.4680785992259817
      0.4660461674179899
      0.4640066379493452
      0.4619607487119249
      0.4599092226475088
      0.4578527683386958
      0.4557920806171316
      0.4537278411883179
      0.4516607192660044
      0.4495913722127144
      0.4475204461844081
      0.4454485767750621
      0.4433763896502914
      0.4413045011844808
       0.439233519071436
      0.4371640429408696
      0.4350966649416184
      0.4330319703219161
      0.4309705379757247
      0.4289129409744944
      0.4268597470810136
      0.4248115192231716
      0.4227688159546595
       0.420732191887412
      0.4187021980864082
       0.416679382447848
      0.4146642900416657
      0.4126574634250298
      0.4106594429283748
      0.4086707669097147
      0.4066919719784525
      0.4047235931937402
        0.40276616422716
      0.4008202175019124
      0.3988862843011463
       0.396964894848259
      0.3950565783570913
      0.3931618630616086
      0.3912812762133881
      0.3894153440543221
      0.3875645917680058
      0.3857295434075128
      0.3839107217930926
       0.382108648397691
      0.3803238432060625
      0.3785568245537844
       0.376808108950499
      0.3750782108813297
      0.3733676425946749
      0.3716769138736565
      0.3700065317906697
      0.3683570004485951
      0.3667288207132772
      0.3651224899282902
       0.363538501628423
       0.361977345231579
      0.3604395057332524
      0.3589254633853314
      0.3574356933766311
      0.3559706655035044
      0.3545308438335595
      0.3531166863701155
      0.3517286447189273
      0.3503671637417208
      0.3490326812204501
      0.3477256275168992
      0.3464464252313398
      0.3451954888711061
      0.3439732245142813
      0.3427800294837988
       0.341616292021299
      0.3404823909649256
      0.3393786954462823
      0.3383055645747881
      0.3372633471466019
      0.3362523813510532
      0.3352729944911663
      0.3343255027114981
      0.3334102107384629
      0.3325274116275353
      0.3316773865266301
      0.3308604044421953
      0.3300767220285805
      0.3293265833800032
      0.3286102198407255
      0.3279278498320998
      0.3272796786775116
        0.32666589845964
      0.3260866878835711
      0.3255422121486722
      0.3250326228454399
      0.3245580578613131
      0.3241186412995662
      0.3237144834203615
      0.3233456805855984
      0.3230123152322868
      0.3227144558514219
      0.3224521569818915
      0.3222254592255506
      0.3220343892772014
      0.3218789599572104
      0.3217591702780316
      0.3216750055110503
      0.3216264372695948
      0.3216134236120255
       0.321635909157329
       0.321693825209416
      0.3217870899004938
      0.3219156083405288
      0.3220792727918638
      0.3222779628365392
      0.3225115455781858
      0.3227798758346492
      0.3230827963533255
      0.3234201380344884
      0.3237917201588578
      0.3241973506281716
      0.3246368262160754
      0.3251099328194236
      0.3256164457178954
       0.326156129842004
      0.3267287400491206
      0.3273340213882139
      0.3279717093883614
      0.3286415303311387
      0.3293432015321182
      0.3300764316267658
      0.3308409208418615
      0.3316363612802999
      0.3324624371908048
      0.3333188252380809
      0.3342051947728674
      0.3351212080807311
       0.336066520643167
      0.3370407813707912
      0.3380436328415151
      0.3390747115182081
