0 0 0 
0.01 0 -0 
0.02 4.99671e-05 1.40005e-05 
0.03 0.00019973 5.60878e-05 
0.04 0.000449075 0.000126419 
0.05 0.000797776 0.000225088 
0.06 0.0012456 0.000352125 
0.07 0.0017923 0.000507504 
0.08 0.00243762 0.000691145 
0.09 0.0031813 0.000902922 
0.1 0.00402307 0.00114267 
0.11 0.00496264 0.00141019 
0.12 0.00599971 0.00170527 
0.13 0.007134 0.00202765 
0.14 0.00836518 0.0023771 
0.15 0.00969293 0.00275335 
0.16 0.0111169 0.00315614 
0.17 0.0126368 0.00358522 
0.18 0.0142523 0.00404035 
0.19 0.015963 0.00452127 
0.2 0.0177685 0.00502776 
0.21 0.0196684 0.00555959 
0.22 0.0216625 0.00611653 
0.23 0.0237502 0.00669839 
0.24 0.0259312 0.00730494 
0.25 0.0282051 0.00793598 
0.26 0.0305715 0.00859131 
0.27 0.0330298 0.00927071 
0.28 0.0355798 0.00997398 
0.29 0.0382209 0.0107009 
0.3 0.0409528 0.0114513 
0.31 0.0437748 0.0122249 
0.32 0.0466867 0.0130214 
0.33 0.0496878 0.0138408 
0.34 0.0527777 0.0146826 
0.35 0.0559558 0.0155468 
0.36 0.0592218 0.0164331 
0.37 0.062575 0.0173411 
0.38 0.0660149 0.0182707 
0.39 0.0695411 0.0192217 
0.4 0.0731528 0.0201937 
0.41 0.0768496 0.0211866 
0.42 0.0806309 0.0222 
0.43 0.084496 0.0232338 
0.44 0.0884445 0.0242876 
0.45 0.0924756 0.0253612 
0.46 0.0965888 0.0264542 
0.47 0.100783 0.0275666 
0.48 0.105059 0.0286978 
0.49 0.109414 0.0298477 
0.5 0.113849 0.031016 
0.51 0.118362 0.0322023 
0.52 0.122954 0.0334063 
0.53 0.127623 0.0346277 
0.54 0.132368 0.0358663 
0.55 0.137189 0.0371215 
0.56 0.142084 0.0383931 
0.57 0.147054 0.0396808 
0.58 0.152097 0.0409841 
0.59 0.157213 0.0423027 
0.6 0.1624 0.0436362 
0.61 0.167658 0.0449842 
0.62 0.172985 0.0463462 
0.63 0.178381 0.0477219 
0.64 0.183845 0.0491107 
0.65 0.189376 0.0505123 
0.66 0.194973 0.0519262 
0.67 0.200634 0.0533518 
0.68 0.206358 0.0547887 
0.69 0.212146 0.0562363 
0.7 0.217994 0.0576941 
0.71 0.223903 0.0591615 
0.72 0.22987 0.0606379 
0.73 0.235895 0.0621228 
0.74 0.241976 0.0636155 
0.75 0.248113 0.0651153 
0.76 0.254303 0.0666216 
0.77 0.260545 0.0681337 
0.78 0.266837 0.0696508 
0.79 0.273179 0.0711723 
0.8 0.279569 0.0726973 
0.81 0.286004 0.0742251 
0.82 0.292484 0.0757548 
0.83 0.299006 0.0772856 
0.84 0.30557 0.0788167 
0.85 0.312172 0.080347 
0.86 0.318812 0.0818758 
0.87 0.325487 0.083402 
0.88 0.332196 0.0849246 
0.89 0.338935 0.0864426 
0.9 0.345704 0.087955 
0.91 0.3525 0.0894608 
0.92 0.359322 0.0909587 
0.93 0.366165 0.0924477 
0.94 0.37303 0.0939266 
0.95 0.379912 0.0953942 
0.96 0.38681 0.0968493 
0.97 0.39372 0.0982907 
0.98 0.400642 0.099717 
0.99 0.407571 0.101127 
1 0.414506 0.102519 
1.01 0.421443 0.103893 
1.02 0.428379 0.105246 
1.03 0.435313 0.106577 
1.04 0.442241 0.107885 
1.05 0.449159 0.109169 
1.06 0.456065 0.110427 
1.07 0.462957 0.111657 
1.08 0.46983 0.112858 
1.09 0.476681 0.114029 
1.1 0.483508 0.115167 
1.11 0.490306 0.116273 
1.12 0.497073 0.117343 
1.13 0.503805 0.118378 
1.14 0.510499 0.119374 
1.15 0.517151 0.120331 
1.16 0.523758 0.121247 
1.17 0.530316 0.122121 
1.18 0.536822 0.122951 
1.19 0.543271 0.123736 
1.2 0.549661 0.124475 
1.21 0.555988 0.125165 
1.22 0.562247 0.125807 
1.23 0.568436 0.126398 
1.24 0.57455 0.126937 
1.25 0.580586 0.127424 
1.26 0.586541 0.127856 
1.27 0.59241 0.128233 
1.28 0.598189 0.128554 
1.29 0.603876 0.128818 
1.3 0.609466 0.129024 
1.31 0.614957 0.129171 
1.32 0.620343 0.129258 
1.33 0.625622 0.129285 
1.34 0.630791 0.129251 
1.35 0.635845 0.129156 
1.36 0.640782 0.128998 
1.37 0.645598 0.128779 
1.38 0.650289 0.128497 
1.39 0.654853 0.128152 
1.4 0.659287 0.127745 
1.41 0.663587 0.127275 
1.42 0.66775 0.126743 
1.43 0.671775 0.126149 
1.44 0.675656 0.125494 
1.45 0.679393 0.124778 
1.46 0.682983 0.124001 
1.47 0.686423 0.123165 
1.48 0.689711 0.12227 
1.49 0.692844 0.121318 
1.5 0.695821 0.120309 
1.51 0.69864 0.119246 
1.52 0.701298 0.118129 
1.53 0.703795 0.116961 
1.54 0.706128 0.115742 
1.55 0.708296 0.114476 
1.56 0.710299 0.113163 
1.57 0.712134 0.111806 
1.58 0.713801 0.110409 
1.59 0.715299 0.108972 
1.6 0.716628 0.107499 
1.61 0.717786 0.105993 
1.62 0.718775 0.104456 
1.63 0.719592 0.102892 
1.64 0.720239 0.101305 
1.65 0.720715 0.0996975 
1.66 0.721021 0.0980737 
1.67 0.721157 0.0964373 
1.68 0.721124 0.0947926 
1.69 0.720922 0.0931439 
1.7 0.720552 0.0914956 
1.71 0.720015 0.0898524 
1.72 0.719313 0.0882193 
1.73 0.718446 0.0866013 
1.74 0.717416 0.0850038 
1.75 0.716225 0.0834321 
1.76 0.714873 0.0818919 
1.77 0.713363 0.080389 
1.78 0.711698 0.0789293 
1.79 0.709877 0.0775188 
1.8 0.707905 0.0761637 
1.81 0.705783 0.0748701 
1.82 0.703512 0.0736441 
1.83 0.701097 0.0724918 
1.84 0.698539 0.071419 
1.85 0.695841 0.0704314 
1.86 0.693005 0.0695344 
1.87 0.690035 0.0687329 
1.88 0.686932 0.0680314 
1.89 0.683701 0.0674338 
1.9 0.680343 0.0669433 
1.91 0.676863 0.0665624 
1.92 0.673262 0.0662928 
1.93 0.669544 0.0661354 
1.94 0.665713 0.0660902 
1.95 0.661771 0.0661565 
1.96 0.657722 0.0663324 
1.97 0.653568 0.0666156 
1.98 0.649314 0.0670028 
1.99 0.644962 0.0674904 
2 0.640516 0.0680738 
2.01 0.635979 0.0687483 
2.02 0.631355 0.0695087 
2.03 0.626646 0.0703495 
2.04 0.621856 0.0712651 
2.05 0.616989 0.0722498 
2.06 0.612048 0.0732979 
2.07 0.607036 0.0744037 
2.08 0.601957 0.0755615 
2.09 0.596813 0.0767661 
2.1 0.591609 0.0780122 
2.11 0.586347 0.0792948 
2.12 0.58103 0.080609 
2.13 0.575663 0.0819504 
2.14 0.570247 0.0833146 
2.15 0.564787 0.0846977 
2.16 0.559285 0.0860958 
2.17 0.553744 0.0875055 
2.18 0.548169 0.0889234 
2.19 0.54256 0.0903464 
2.2 0.536922 0.0917717 
2.21 0.531258 0.0931967 
2.22 0.52557 0.0946189 
2.23 0.519861 0.0960362 
2.24 0.514134 0.0974464 
2.25 0.508393 0.0988477 
2.26 0.502638 0.100238 
2.27 0.496874 0.101617 
2.28 0.491103 0.102982 
2.29 0.485328 0.104331 
2.3 0.47955 0.105665 
2.31 0.473773 0.106982 
2.32 0.467999 0.10828 
2.33 0.46223 0.109559 
2.34 0.456469 0.110819 
2.35 0.450718 0.112058 
2.36 0.444979 0.113277 
2.37 0.439255 0.114474 
2.38 0.433547 0.115649 
2.39 0.427857 0.116801 
2.4 0.422189 0.117932 
2.41 0.416543 0.119039 
2.42 0.410922 0.120124 
2.43 0.405327 0.121185 
2.44 0.399761 0.122223 
2.45 0.394225 0.123239 
2.46 0.388722 0.124231 
2.47 0.383252 0.1252 
2.48 0.377817 0.126146 
2.49 0.37242 0.127069 
2.5 0.367061 0.12797 
2.51 0.361743 0.128848 
2.52 0.356466 0.129704 
2.53 0.351233 0.130538 
2.54 0.346044 0.13135 
2.55 0.340901 0.132141 
2.56 0.335806 0.132911 
2.57 0.33076 0.133661 
2.58 0.325764 0.13439 
2.59 0.320819 0.135099 
2.6 0.315926 0.135788 
2.61 0.311087 0.136458 
2.62 0.306303 0.13711 
2.63 0.301575 0.137743 
2.64 0.296905 0.138358 
2.65 0.292292 0.138957 
2.66 0.287738 0.139538 
2.67 0.283244 0.140103 
2.68 0.278811 0.140651 
2.69 0.27444 0.141185 
2.7 0.270132 0.141703 
2.71 0.265888 0.142207 
2.72 0.261708 0.142697 
2.73 0.257594 0.143174 
2.74 0.253545 0.143637 
2.75 0.249563 0.144088 
2.76 0.245649 0.144528 
2.77 0.241803 0.144955 
2.78 0.238026 0.145372 
2.79 0.234318 0.145779 
2.8 0.230681 0.146175 
2.81 0.227114 0.146563 
2.82 0.223618 0.146941 
2.83 0.220195 0.147311 
2.84 0.216844 0.147674 
2.85 0.213565 0.148029 
2.86 0.210361 0.148377 
2.87 0.20723 0.148719 
2.88 0.204173 0.149055 
2.89 0.201191 0.149386 
2.9 0.198284 0.149712 
2.91 0.195453 0.150034 
2.92 0.192697 0.150352 
2.93 0.190018 0.150667 
2.94 0.187416 0.150979 
2.95 0.18489 0.151288 
2.96 0.182442 0.151596 
2.97 0.180071 0.151902 
2.98 0.177777 0.152207 
2.99 0.175562 0.152511 
3 0.173425 0.152816 
3.01 0.171367 0.15312 
3.02 0.169387 0.153425 
3.03 0.167486 0.153732 
3.04 0.165665 0.15404 
3.05 0.163922 0.154349 
3.06 0.162259 0.154662 
3.07 0.160675 0.154976 
3.08 0.159171 0.155294 
3.09 0.157746 0.155615 
3.1 0.156401 0.15594 
3.11 0.155136 0.156269 
3.12 0.153951 0.156602 
3.13 0.152846 0.15694 
3.14 0.151821 0.157283 
3.15 0.150875 0.157632 
3.16 0.15001 0.157985 
3.17 0.149224 0.158345 
3.18 0.148518 0.15871 
3.19 0.147892 0.159082 
3.2 0.147346 0.159461 
3.21 0.14688 0.159846 
3.22 0.146493 0.160237 
3.23 0.146185 0.160636 
3.24 0.145957 0.161043 
3.25 0.145808 0.161456 
3.26 0.145738 0.161877 
3.27 0.145747 0.162306 
3.28 0.145835 0.162743 
3.29 0.146001 0.163187 
3.3 0.146246 0.16364 
3.31 0.146568 0.1641 
3.32 0.146969 0.164568 
3.33 0.147447 0.165045 
3.34 0.148002 0.16553 
3.35 0.148635 0.166022 
3.36 0.149344 0.166523 
3.37 0.15013 0.167032 
3.38 0.150992 0.167549 
3.39 0.15193 0.168074 
3.4 0.152943 0.168607 
3.41 0.154032 0.169147 
3.42 0.155195 0.169696 
3.43 0.156433 0.170252 
3.44 0.157745 0.170815 
3.45 0.15913 0.171386 
3.46 0.160588 0.171964 
3.47 0.16212 0.172549 
3.48 0.163723 0.17314 
3.49 0.165398 0.173738 
3.5 0.167145 0.174343 
3.51 0.168962 0.174953 
3.52 0.170849 0.17557 
3.53 0.172806 0.176191 
3.54 0.174832 0.176818 
3.55 0.176927 0.17745 
3.56 0.17909 0.178087 
3.57 0.18132 0.178728 
3.58 0.183617 0.179372 
3.59 0.18598 0.18002 
3.6 0.188408 0.180672 
3.61 0.190901 0.181326 
3.62 0.193458 0.181982 
3.63 0.196078 0.182641 
3.64 0.198761 0.1833 
3.65 0.201506 0.183961 
3.66 0.204312 0.184623 
3.67 0.207178 0.185284 
3.68 0.210104 0.185945 
3.69 0.213088 0.186605 
3.7 0.21613 0.187263 
3.71 0.219229 0.18792 
3.72 0.222384 0.188574 
3.73 0.225594 0.189225 
3.74 0.228859 0.189872 
3.75 0.232176 0.190515 
3.76 0.235547 0.191154 
3.77 0.238968 0.191786 
3.78 0.24244 0.192413 
3.79 0.245961 0.193033 
3.8 0.249531 0.193646 
3.81 0.253148 0.194251 
3.82 0.256811 0.194847 
3.83 0.260519 0.195435 
3.84 0.264271 0.196012 
3.85 0.268066 0.196579 
3.86 0.271903 0.197134 
3.87 0.27578 0.197678 
3.88 0.279697 0.198209 
3.89 0.283652 0.198727 
3.9 0.287643 0.199231 
3.91 0.29167 0.19972 
3.92 0.295732 0.200194 
3.93 0.299826 0.200652 
3.94 0.303952 0.201093 
3.95 0.308108 0.201517 
3.96 0.312294 0.201922 
3.97 0.316507 0.202309 
3.98 0.320746 0.202676 
3.99 0.32501 0.203023 
4 0.329297 0.20335 
4.01 0.333606 0.203654 
4.02 0.337935 0.203937 
4.03 0.342283 0.204196 
4.04 0.346649 0.204432 
4.05 0.35103 0.204644 
4.06 0.355426 0.204831 
4.07 0.359834 0.204993 
4.08 0.364253 0.205128 
4.09 0.368682 0.205237 
4.1 0.373118 0.205319 
4.11 0.377561 0.205373 
4.12 0.382008 0.205398 
4.13 0.386458 0.205395 
4.14 0.390909 0.205362 
4.15 0.395359 0.205299 
4.16 0.399807 0.205206 
4.17 0.404252 0.205082 
4.18 0.40869 0.204927 
4.19 0.413121 0.20474 
4.2 0.417543 0.204522 
4.21 0.421953 0.20427 
4.22 0.426351 0.203987 
4.23 0.430734 0.20367 
4.24 0.435101 0.20332 
4.25 0.43945 0.202937 
4.26 0.443779 0.20252 
4.27 0.448086 0.202069 
4.28 0.45237 0.201584 
4.29 0.456628 0.201066 
4.3 0.46086 0.200513 
4.31 0.465062 0.199926 
4.32 0.469234 0.199306 
4.33 0.473373 0.198651 
4.34 0.477478 0.197963 
4.35 0.481547 0.197241 
4.36 0.485578 0.196486 
4.37 0.48957 0.195697 
4.38 0.49352 0.194876 
4.39 0.497428 0.194023 
4.4 0.50129 0.193137 
4.41 0.505107 0.19222 
4.42 0.508875 0.191272 
4.43 0.512594 0.190293 
4.44 0.516261 0.189284 
4.45 0.519875 0.188246 
4.46 0.523435 0.18718 
4.47 0.526938 0.186086 
4.48 0.530384 0.184965 
4.49 0.533771 0.183817 
4.5 0.537096 0.182645 
4.51 0.54036 0.181449 
4.52 0.543559 0.18023 
4.53 0.546694 0.178989 
4.54 0.549762 0.177727 
4.55 0.552762 0.176445 
4.56 0.555694 0.175146 
4.57 0.558554 0.173829 
4.58 0.561343 0.172498 
4.59 0.564059 0.171152 
4.6 0.566701 0.169794 
4.61 0.569267 0.168425 
4.62 0.571757 0.167048 
4.63 0.57417 0.165662 
4.64 0.576505 0.164272 
4.65 0.578759 0.162877 
4.66 0.580934 0.16148 
4.67 0.583027 0.160084 
4.68 0.585039 0.15869 
4.69 0.586967 0.157299 
4.7 0.588812 0.155915 
4.71 0.590572 0.154539 
4.72 0.592248 0.153174 
4.73 0.593837 0.151821 
4.74 0.595341 0.150483 
4.75 0.596758 0.149162 
4.76 0.598088 0.14786 
4.77 0.59933 0.14658 
4.78 0.600485 0.145324 
4.79 0.601551 0.144095 
4.8 0.602529 0.142893 
4.81 0.603418 0.141723 
4.82 0.604218 0.140585 
4.83 0.604929 0.139482 
4.84 0.605552 0.138416 
4.85 0.606085 0.13739 
4.86 0.606529 0.136405 
4.87 0.606884 0.135463 
4.88 0.60715 0.134567 
4.89 0.607328 0.133717 
4.9 0.607417 0.132915 
4.91 0.607418 0.132164 
4.92 0.607332 0.131463 
4.93 0.607157 0.130815 
4.94 0.606896 0.130221 
4.95 0.606548 0.129681 
4.96 0.606115 0.129197 
4.97 0.605595 0.128768 
4.98 0.604991 0.128396 
4.99 0.604302 0.12808 
5 0.60353 0.127821 
5.01 0.602675 0.127618 
5.02 0.601737 0.127471 
5.03 0.600718 0.127381 
5.04 0.599619 0.127345 
5.05 0.59844 0.127363 
5.06 0.597183 0.127434 
5.07 0.595847 0.127558 
5.08 0.594435 0.127733 
5.09 0.592947 0.127957 
5.1 0.591384 0.128229 
5.11 0.589747 0.128547 
5.12 0.588038 0.128909 
5.13 0.586258 0.129315 
5.14 0.584408 0.129761 
5.15 0.582488 0.130246 
5.16 0.580501 0.130767 
5.17 0.578447 0.131323 
5.18 0.576328 0.131912 
5.19 0.574146 0.132532 
5.2 0.5719 0.133179 
5.21 0.569594 0.133853 
5.22 0.567228 0.134551 
5.23 0.564803 0.13527 
5.24 0.562322 0.136009 
5.25 0.559785 0.136766 
5.26 0.557194 0.137539 
5.27 0.554551 0.138325 
5.28 0.551856 0.139123 
5.29 0.549112 0.139931 
5.3 0.54632 0.140746 
5.31 0.543482 0.141568 
5.32 0.540598 0.142394 
5.33 0.537671 0.143223 
5.34 0.534703 0.144053 
5.35 0.531694 0.144882 
5.36 0.528646 0.14571 
5.37 0.525561 0.146534 
5.38 0.522441 0.147353 
5.39 0.519286 0.148166 
5.4 0.5161 0.148972 
5.41 0.512882 0.149769 
5.42 0.509635 0.150557 
5.43 0.506361 0.151335 
5.44 0.50306 0.1521 
5.45 0.499735 0.152854 
5.46 0.496387 0.153594 
5.47 0.493018 0.15432 
5.48 0.489629 0.155031 
5.49 0.486222 0.155726 
5.5 0.482798 0.156406 
5.51 0.479358 0.157069 
5.52 0.475906 0.157714 
5.53 0.472441 0.158342 
5.54 0.468966 0.158952 
5.55 0.465481 0.159543 
5.56 0.461989 0.160116 
5.57 0.458491 0.16067 
5.58 0.454989 0.161204 
5.59 0.451483 0.16172 
5.6 0.447976 0.162215 
5.61 0.444468 0.162691 
5.62 0.440962 0.163148 
5.63 0.437459 0.163585 
5.64 0.433959 0.164002 
5.65 0.430465 0.1644 
5.66 0.426977 0.164779 
5.67 0.423498 0.165138 
5.68 0.420028 0.165479 
5.69 0.416569 0.1658 
5.7 0.413122 0.166103 
5.71 0.409689 0.166388 
5.72 0.40627 0.166654 
5.73 0.402867 0.166903 
5.74 0.399481 0.167135 
5.75 0.396114 0.16735 
5.76 0.392765 0.167548 
5.77 0.389438 0.16773 
5.78 0.386133 0.167897 
5.79 0.38285 0.168048 
5.8 0.379592 0.168185 
5.81 0.376358 0.168308 
5.82 0.373151 0.168417 
5.83 0.369972 0.168514 
5.84 0.36682 0.168597 
5.85 0.363698 0.168669 
5.86 0.360607 0.16873 
5.87 0.357547 0.16878 
5.88 0.354519 0.168821 
5.89 0.351524 0.168851 
5.9 0.348563 0.168874 
5.91 0.345638 0.168888 
5.92 0.342748 0.168894 
5.93 0.339895 0.168895 
5.94 0.33708 0.168889 
5.95 0.334303 0.168877 
5.96 0.331565 0.168862 
5.97 0.328867 0.168842 
5.98 0.32621 0.168819 
5.99 0.323595 0.168794 
6 0.321021 0.168766 
6.01 0.318491 0.168738 
6.02 0.316004 0.168709 
6.03 0.313561 0.168681 
6.04 0.311164 0.168654 
6.05 0.308811 0.168628 
6.06 0.306505 0.168605 
6.07 0.304246 0.168585 
6.08 0.302033 0.168569 
6.09 0.299869 0.168557 
6.1 0.297753 0.16855 
6.11 0.295685 0.16855 
6.12 0.293667 0.168555 
6.13 0.291699 0.168568 
6.14 0.289781 0.168588 
6.15 0.287914 0.168616 
6.16 0.286098 0.168653 
6.17 0.284333 0.1687 
6.18 0.28262 0.168757 
6.19 0.280959 0.168824 
6.2 0.279351 0.168901 
6.21 0.277796 0.168991 
6.22 0.276294 0.169092 
6.23 0.274845 0.169205 
6.24 0.27345 0.169332 
6.25 0.272109 0.169471 
6.26 0.270822 0.169624 
6.27 0.26959 0.16979 
6.28 0.268412 0.169971 
6.29 0.26729 0.170166 
6.3 0.266222 0.170376 
6.31 0.265209 0.170601 
6.32 0.264251 0.17084 
6.33 0.263349 0.171095 
6.34 0.262502 0.171366 
6.35 0.261711 0.171652 
6.36 0.260975 0.171953 
6.37 0.260295 0.17227 
6.38 0.25967 0.172603 
6.39 0.259102 0.172952 
6.4 0.258589 0.173316 
6.41 0.258131 0.173695 
6.42 0.257729 0.17409 
6.43 0.257383 0.174501 
6.44 0.257093 0.174927 
6.45 0.256857 0.175368 
6.46 0.256677 0.175823 
6.47 0.256553 0.176294 
6.48 0.256483 0.176778 
6.49 0.256468 0.177277 
6.5 0.256508 0.17779 
6.51 0.256603 0.178316 
6.52 0.256752 0.178856 
6.53 0.256955 0.179408 
6.54 0.257213 0.179973 
6.55 0.257524 0.18055 
6.56 0.257888 0.181138 
6.57 0.258306 0.181737 
6.58 0.258777 0.182348 
6.59 0.2593 0.182968 
6.6 0.259876 0.183598 
6.61 0.260504 0.184237 
6.62 0.261183 0.184885 
6.63 0.261914 0.185541 
6.64 0.262696 0.186205 
6.65 0.263529 0.186876 
6.66 0.264411 0.187553 
6.67 0.265344 0.188235 
6.68 0.266325 0.188923 
6.69 0.267356 0.189616 
6.7 0.268435 0.190312 
6.71 0.269562 0.191012 
6.72 0.270737 0.191714 
6.73 0.271958 0.192418 
6.74 0.273227 0.193124 
6.75 0.274541 0.19383 
6.76 0.2759 0.194536 
6.77 0.277305 0.195242 
6.78 0.278753 0.195946 
6.79 0.280246 0.196649 
6.8 0.281782 0.197348 
6.81 0.28336 0.198045 
6.82 0.28498 0.198737 
6.83 0.286641 0.199425 
6.84 0.288343 0.200107 
6.85 0.290085 0.200783 
6.86 0.291866 0.201453 
6.87 0.293686 0.202115 
6.88 0.295544 0.20277 
6.89 0.297439 0.203416 
6.9 0.29937 0.204052 
6.91 0.301337 0.204679 
6.92 0.30334 0.205295 
6.93 0.305376 0.2059 
6.94 0.307445 0.206493 
6.95 0.309548 0.207074 
6.96 0.311682 0.207643 
6.97 0.313847 0.208197 
6.98 0.316042 0.208738 
6.99 0.318267 0.209263 
7 0.32052 0.209774 
7.01 0.322801 0.210269 
7.02 0.325109 0.210747 
7.03 0.327443 0.211209 
7.04 0.329801 0.211654 
7.05 0.332184 0.21208 
7.06 0.334591 0.212489 
7.07 0.337019 0.212878 
7.08 0.339469 0.213249 
7.09 0.34194 0.213599 
7.1 0.34443 0.21393 
7.11 0.34694 0.21424 
7.12 0.349466 0.214529 
7.13 0.35201 0.214797 
7.14 0.35457 0.215043 
7.15 0.357144 0.215268 
7.16 0.359732 0.21547 
7.17 0.362334 0.215649 
7.18 0.364947 0.215805 
7.19 0.367572 0.215938 
7.2 0.370206 0.216048 
7.21 0.372849 0.216134 
7.22 0.375501 0.216195 
7.23 0.378159 0.216233 
7.24 0.380824 0.216246 
7.25 0.383493 0.216235 
7.26 0.386167 0.216198 
7.27 0.388843 0.216137 
7.28 0.391522 0.216051 
7.29 0.394201 0.21594 
7.3 0.396881 0.215804 
7.31 0.399559 0.215642 
7.32 0.402235 0.215455 
7.33 0.404908 0.215242 
7.34 0.407577 0.215004 
7.35 0.410241 0.214741 
7.36 0.412898 0.214453 
7.37 0.415549 0.214139 
7.38 0.418191 0.2138 
7.39 0.420824 0.213435 
7.4 0.423447 0.213046 
7.41 0.426058 0.212632 
7.42 0.428657 0.212193 
7.43 0.431243 0.211729 
7.44 0.433815 0.21124 
7.45 0.436372 0.210728 
7.46 0.438912 0.210191 
7.47 0.441436 0.209631 
7.48 0.443941 0.209047 
7.49 0.446428 0.20844 
7.5 0.448894 0.20781 
7.51 0.451339 0.207157 
7.52 0.453763 0.206482 
7.53 0.456164 0.205785 
7.54 0.458541 0.205067 
7.55 0.460894 0.204328 
7.56 0.463221 0.203568 
7.57 0.465522 0.202788 
7.58 0.467796 0.201988 
7.59 0.470042 0.20117 
7.6 0.472259 0.200333 
7.61 0.474446 0.199477 
7.62 0.476603 0.198605 
7.63 0.478729 0.197716 
7.64 0.480823 0.19681 
7.65 0.482884 0.19589 
7.66 0.484911 0.194954 
7.67 0.486904 0.194005 
7.68 0.488863 0.193042 
7.69 0.490785 0.192067 
7.7 0.492671 0.19108 
7.71 0.49452 0.190082 
7.72 0.496332 0.189074 
7.73 0.498105 0.188057 
7.74 0.499839 0.187032 
7.75 0.501534 0.185999 
7.76 0.503189 0.18496 
7.77 0.504803 0.183916 
7.78 0.506376 0.182866 
7.79 0.507907 0.181814 
7.8 0.509396 0.180758 
7.81 0.510843 0.179701 
7.82 0.512247 0.178644 
7.83 0.513606 0.177587 
7.84 0.514923 0.176532 
7.85 0.516194 0.17548 
7.86 0.517421 0.174431 
7.87 0.518603 0.173388 
7.88 0.51974 0.17235 
7.89 0.520831 0.17132 
7.9 0.521876 0.170298 
7.91 0.522875 0.169286 
7.92 0.523827 0.168285 
7.93 0.524732 0.167295 
7.94 0.525591 0.166319 
7.95 0.526403 0.165357 
7.96 0.527167 0.16441 
7.97 0.527884 0.16348 
7.98 0.528554 0.162567 
7.99 0.529176 0.161673 
8 0.52975 0.160799 
8.01 0.530277 0.159946 
8.02 0.530756 0.159115 
8.03 0.531187 0.158307 
8.04 0.53157 0.157523 
8.05 0.531906 0.156764 
8.06 0.532194 0.156031 
8.07 0.532435 0.155325 
8.08 0.532628 0.154646 
8.09 0.532774 0.153996 
8.1 0.532872 0.153376 
8.11 0.532924 0.152786 
8.12 0.532929 0.152226 
8.13 0.532887 0.151697 
8.14 0.532799 0.151201 
8.15 0.532664 0.150737 
8.16 0.532484 0.150305 
8.17 0.532257 0.149907 
8.18 0.531986 0.149542 
8.19 0.531669 0.149211 
8.2 0.531308 0.148914 
8.21 0.530902 0.148651 
8.22 0.530452 0.148421 
8.23 0.529959 0.148226 
8.24 0.529422 0.148064 
8.25 0.528842 0.147936 
8.26 0.52822 0.147841 
8.27 0.527556 0.147779 
8.28 0.52685 0.147749 
8.29 0.526103 0.147752 
8.3 0.525316 0.147786 
8.31 0.524488 0.147851 
8.32 0.523621 0.147946 
8.33 0.522715 0.148071 
8.34 0.52177 0.148225 
8.35 0.520787 0.148407 
8.36 0.519767 0.148616 
8.37 0.518709 0.148851 
8.38 0.517616 0.149111 
8.39 0.516486 0.149396 
8.4 0.515322 0.149704 
8.41 0.514123 0.150035 
8.42 0.512891 0.150386 
8.43 0.511625 0.150758 
8.44 0.510326 0.151148 
8.45 0.508996 0.151557 
8.46 0.507635 0.151982 
8.47 0.506243 0.152423 
8.48 0.504821 0.152878 
8.49 0.503369 0.153347 
8.5 0.50189 0.153827 
8.51 0.500383 0.154319 
8.52 0.498848 0.154821 
8.53 0.497288 0.155331 
8.54 0.495701 0.15585 
8.55 0.49409 0.156374 
8.56 0.492455 0.156904 
8.57 0.490796 0.157439 
8.58 0.489115 0.157977 
8.59 0.487412 0.158517 
8.6 0.485687 0.159059 
8.61 0.483943 0.159601 
8.62 0.482178 0.160142 
8.63 0.480395 0.160682 
8.64 0.478594 0.161219 
8.65 0.476775 0.161754 
8.66 0.47494 0.162284 
8.67 0.47309 0.162809 
8.68 0.471224 0.163328 
8.69 0.469344 0.163841 
8.7 0.467451 0.164347 
8.71 0.465545 0.164845 
8.72 0.463627 0.165334 
8.73 0.461698 0.165814 
8.74 0.459759 0.166285 
8.75 0.457811 0.166745 
8.76 0.455853 0.167194 
8.77 0.453888 0.167633 
8.78 0.451917 0.168059 
8.79 0.449938 0.168473 
8.8 0.447955 0.168875 
8.81 0.445966 0.169264 
8.82 0.443974 0.169639 
8.83 0.441979 0.170001 
8.84 0.439981 0.17035 
8.85 0.437982 0.170684 
8.86 0.435983 0.171005 
8.87 0.433983 0.171311 
8.88 0.431985 0.171603 
8.89 0.429988 0.17188 
8.9 0.427994 0.172143 
8.91 0.426003 0.172392 
8.92 0.424016 0.172625 
8.93 0.422033 0.172845 
8.94 0.420057 0.17305 
8.95 0.418086 0.173241 
8.96 0.416123 0.173417 
8.97 0.414168 0.17358 
8.98 0.412221 0.173729 
8.99 0.410283 0.173864 
9 0.408355 0.173986 
9.01 0.406439 0.174095 
9.02 0.404533 0.174191 
9.03 0.40264 0.174274 
9.04 0.400759 0.174345 
9.05 0.398893 0.174405 
9.06 0.39704 0.174453 
9.07 0.395202 0.17449 
9.08 0.39338 0.174516 
9.09 0.391574 0.174532 
9.1 0.389785 0.174539 
9.11 0.388013 0.174536 
9.12 0.386259 0.174524 
9.13 0.384524 0.174504 
9.14 0.382809 0.174476 
9.15 0.381113 0.174441 
9.16 0.379438 0.174399 
9.17 0.377784 0.174352 
9.18 0.376152 0.174298 
9.19 0.374542 0.17424 
9.2 0.372955 0.174177 
9.21 0.371391 0.17411 
9.22 0.369851 0.17404 
9.23 0.368336 0.173967 
9.24 0.366845 0.173892 
9.25 0.36538 0.173816 
9.26 0.363941 0.173739 
9.27 0.362528 0.173661 
9.28 0.361142 0.173584 
9.29 0.359783 0.173508 
9.3 0.358452 0.173433 
9.31 0.357149 0.17336 
9.32 0.355874 0.17329 
9.33 0.354629 0.173223 
9.34 0.353412 0.17316 
9.35 0.352226 0.173102 
9.36 0.351069 0.173048 
9.37 0.349943 0.172999 
9.38 0.348848 0.172957 
9.39 0.347784 0.17292 
9.4 0.346751 0.172891 
9.41 0.34575 0.172869 
9.42 0.34478 0.172855 
9.43 0.343843 0.17285 
9.44 0.342938 0.172853 
9.45 0.342066 0.172865 
9.46 0.341227 0.172887 
9.47 0.340421 0.172918 
9.48 0.339648 0.17296 
9.49 0.338909 0.173012 
9.5 0.338203 0.173075 
9.51 0.337531 0.17315 
9.52 0.336893 0.173235 
9.53 0.33629 0.173333 
9.54 0.33572 0.173442 
9.55 0.335185 0.173563 
9.56 0.334684 0.173696 
9.57 0.334218 0.173842 
9.58 0.333786 0.173999 
9.59 0.333389 0.17417 
9.6 0.333027 0.174352 
9.61 0.332699 0.174547 
9.62 0.332406 0.174755 
9.63 0.332148 0.174975 
9.64 0.331925 0.175207 
9.65 0.331736 0.175452 
9.66 0.331582 0.175709 
9.67 0.331462 0.175978 
9.68 0.331377 0.176258 
9.69 0.331327 0.176551 
9.7 0.331311 0.176854 
9.71 0.331329 0.177169 
9.72 0.331381 0.177495 
9.73 0.331468 0.177831 
9.74 0.331588 0.178178 
9.75 0.331742 0.178534 
9.76 0.331929 0.1789 
9.77 0.33215 0.179276 
9.78 0.332404 0.17966 
9.79 0.332691 0.180053 
9.8 0.33301 0.180454 
9.81 0.333362 0.180863 
9.82 0.333747 0.181279 
9.83 0.334163 0.181702 
9.84 0.334611 0.182131 
9.85 0.335091 0.182565 
9.86 0.335602 0.183005 
9.87 0.336143 0.18345 
9.88 0.336715 0.1839 
9.89 0.337318 0.184353 
9.9 0.33795 0.184809 
9.91 0.338612 0.185268 
9.92 0.339304 0.18573 
9.93 0.340024 0.186193 
9.94 0.340772 0.186657 
9.95 0.341549 0.187122 
9.96 0.342353 0.187587 
9.97 0.343185 0.188051 
9.98 0.344044 0.188515 
9.99 0.344929 0.188976 
10 0.34584 0.189436 
