                       0
   1.382403336699964e-05
    5.53833907940604e-05
   0.0001248437713186761
    0.000222316998273359
   0.0003478623785597287
   0.0005014889289906171
   0.0006831583907150188
   0.0008927889278151842
    0.001130259386032953
    0.001395413972351226
    0.001688067206404497
    0.002008008990773284
    0.002355009649242655
     0.00272882478992321
    0.003129199863338233
    0.003555874303510845
    0.004008585161858887
    0.004487070168252188
    0.004991070179709569
    0.005520331003628029
    0.006074604607894334
    0.006653649753495561
    0.007257232105314281
    0.007885123892762014
    0.008537103203222308
     0.00921295299760479
    0.009912459938655516
     0.01063541311930374
     0.01138160277077904
     0.01215081901927941
     0.01294285074649648
     0.01375748459430394
     0.01459450413843754
     0.01545368924093939
      0.0163348155774441
     0.01723765432366013
      0.0181619719762556
     0.01910753027698782
     0.02007408620553203
      0.0210613920058301
     0.02206919521273648
     0.02309723864976463
     0.02414526037436902
     0.02521299355381197
     0.02630016626171708
     0.02740650119228271
     0.02853171529539314
     0.02967551934104698
     0.03083761742541507
     0.03201770643322421
     0.03321547547206395
     0.03443060529366301
     0.03566276771541866
     0.03691162505273421
     0.03817682956930885
     0.03945802294888079
     0.04075483578822371
     0.04206688710789203
     0.04339378387449191
     0.04473512052628011
     0.04609047849282039
     0.04745942569929537
     0.04884151604673027
     0.05023628886092835
     0.05164326830486973
     0.05306196275185768
     0.05449186411927953
     0.05593244716544491
      0.0573831687542746
     0.05884346709467911
     0.06031276096277437
     0.06179044891613369
      0.0632759085093982
     0.06476849552048612
     0.06626754319579249
     0.06777236152178216
     0.06928223652905084
      0.0707964296335576
     0.07231417701841157
     0.07383468905852114
     0.07535714978950894
     0.07688071642182286
     0.07840451890090797
     0.07992765951449832
     0.08144921254875984
     0.08296822399585582
     0.08448371131659826
     0.08599466326298168
     0.08750003976653535
       0.088998771899472
     0.09048976191637403
     0.09197188338482988
     0.09344398141353093
     0.09490487298644887
      0.0963533474112547
     0.09778816688951542
     0.09920806721542311
      0.1006117586087936
      0.1019979266869322
       0.103365233579048
      0.1047123191858307
      0.1060378025858464
      0.1073402835898254
      0.1086183444432538
       0.109870551677362
      0.1110954581083631
      0.1122916049846446
      0.1134575242816214
      0.1145917411439157
      0.1156927764744425
      0.1167591496697575
      0.1177893815008184
      0.1187819971376944
      0.1197355293161067
       0.120648521642799
      0.1215195320356158
      0.1223471362929946
      0.1231299317861518
      0.1238665412659157
      0.1245556167746821
      0.1251958436527115
      0.1257859446266285
      0.1263246839670668
      0.1268108717014627
      0.1272433678672997
      0.1276210867908615
      0.1279430013762942
      0.1282081473899155
      0.1284156277249556
      0.1285646166323835
      0.1286543639042273
      0.1286841989963226
      0.1286535350784057
      0.1285618730003376
      0.1284088051641124
      0.1281940192924048
       0.127917302085347
      0.1275785427583904
      0.1271777364552253
      0.1267149875311216
      0.1261905127033874
       0.125604644067268
      0.1249578319774916
      0.1242506477974519
      0.1234837865204455
      0.1226580692696665
      0.1217744456862116
      0.1208339962171095
      0.1198379343181995
      0.1187876085893619
      0.1176845048623713
      0.1165302482640835
      0.1153266052797597
      0.1140754858430771
      0.1127789454802314
      0.1114391875357578
       0.110058565506806
      0.1086395855101845
      0.1071849089027692
      0.1056973550699531
      0.1041799043884883
      0.1026357013590031
      0.1010680578887577
     0.09948045668650272
     0.09787655470762328
     0.09626018655831353
     0.09463536773159185
     0.09300629750441122
     0.09137736127343128
     0.08975313204636159
     0.08813837073633628
     0.08653802482871494
     0.08495722490485233
     0.08340127841843026
     0.08187566003182901
     0.08038599773974302
      0.0789380539447698
     0.07753770061795502
     0.07619088769203686
     0.07490360391472524
     0.07368182955279416
     0.07253148060258777
     0.07145834454146588
     0.07046800815058001
     0.06956577854113451
     0.06875659919355612
     0.06804496352062619
      0.0674348291195532
     0.06692953639756176
     0.06653173555054097
     0.06624332586582372
     0.06606541095856033
      0.0659982728307866
     0.06604136660971428
     0.06619333657414034
     0.06645205274947281
     0.06681466609196973
     0.06727767922984967
     0.06783702898683547
     0.06848817653684638
     0.06922620102726076
      0.0700458928162084
     0.07094184301749125
     0.07190852674158241
     0.07294037817079105
     0.07403185633350187
     0.07517750109010983
     0.07637197937763862
     0.07761012216803488
      0.0788869528790094
     0.08019770814920897
      0.0815378519705713
     0.08290308418073385
     0.08428934427733226
     0.08569281144151508
     0.08710990156443849
     0.08853726196876502
     0.08997176441515793
      0.0914104968869509
     0.09285075455746317
     0.09429003026588297
     0.09572600475928848
     0.09715653690066364
     0.09857965399424772
     0.09999354234005706
      0.1013965380972137
      0.1027871185102019
      0.1041638935322521
      0.1055255978643147
      0.1068710834166774
      0.1081993121913117
      0.1095093495767749
      0.1108003580430344
      0.1120715912205268
      0.1133223883456983
      0.1145521690542776
      0.1157604285027896
      0.1169467327987824
      0.1181107147202913
      0.1192520697056048
      0.1203705520947292
      0.1214659716047878
      0.1225381900223402
      0.1235871180963515
      0.1246127126166673
      0.1256149736637129
      0.1265939420161956
      0.1275496967048088
      0.1284823527008144
      0.1293920587296745
       0.130278995200811
       0.131143372245597
      0.1319854278566306
      0.1328054261220767
      0.1336036555495274
      0.1343804274745344
      0.1351360745491502
      0.1358709493063619
      0.1365854227963948
      0.1372798832909862
        0.13795473505185
      0.1386103971595389
      0.1392473023989776
      0.1398658961979082
      0.1404666356146901
      0.1410499883718097
      0.1416164319319199
      0.1421664526131806
       0.142700544741062
      0.1432192098342144
      0.1437229558220086
       0.144212296292118
      0.1446877497664482
      0.1451498390041338
      0.1455990903306637
      0.1460360329920409
      0.1464611985332728
      0.1468751202003133
      0.1472783323645462
      0.1476713699687921
      0.1480547679937307
      0.1484290609434208
      0.1487947823484469
      0.1491524642851806
      0.1495026369094885
      0.1498458280032035
      0.1501825625318678
      0.1505133622121971
      0.1508387450879942
      0.1511592251134008
      0.1514753117427664
      0.1517875095265508
      0.1520963177129425
      0.1524022298552368
      0.1527057334251202
      0.1530073094321478
      0.1533074320497892
      0.1536065682484241
      0.1539051774356385
      0.1542037111040331
      0.1545026124865801
      0.1548023162194868
       0.155103248012341
       0.155405824324985
      0.1557104520508684
      0.1560175282060898
      0.1563274396236795
      0.1566405626526094
      0.1569572628611261
      0.1572778947441339
      0.1576028014347414
      0.1579323144199882
      0.1582667532611881
      0.1586064253194854
      0.1589516254873002
      0.1593026359264887
       0.159659725814023
      0.1600231510960176
      0.1603931542508071
      0.1607699640617035
      0.1611537953998092
      0.1615448490170453
      0.1619433113495397
       0.162349354331187
      0.1627631352169444
      0.1631847964156793
      0.1636144653319452
      0.1640522542163182
      0.1644982600239367
      0.1649525642809513
      0.1654152329587454
      0.1658863163559667
      0.1663658489885968
      0.1668538494883388
      0.1673503205097991
      0.1678552486469877
      0.1683686043596003
      0.1688903419096152
      0.1694203993086036
      0.1699586982759961
      0.1705051442083981
      0.1710596261598538
      0.1716220168328842
      0.1721921725797615
      0.1727699334135608
      0.1733551230283761
      0.1739475488279074
      0.1745470019620522
      0.1751532573707355
      0.1757660738347157
      0.1763851940330467
      0.1770103446072643
      0.1776412362323745
      0.1782775636949822
      0.1789190059791397
      0.1795652263605068
      0.1802158725095573
      0.1808705766045237
      0.1815289554549831
      0.1821906106365461
      0.1828551286375042
      0.1835220810177577
      0.1841910245805585
      0.1848615015572362
      0.1855330398053534
      0.1862051530203215
      0.1868773409607486
      0.1875490896877723
      0.1882198718188267
      0.1888891467961605
      0.1895563611708211
      0.1902209489029721
      0.1908823316794376
      0.1915399192496013
      0.1921931097810157
      0.1928412902359717
      0.1934838367704794
      0.1941201151571458
      0.1947494812331583
      0.1953712813747932
      0.1959848529995203
      0.1965895250966898
      0.1971846187877971
       0.197769447916798
      0.1983433196712695
      0.1989055352346553
       0.199455390470191
      0.1999921766366461
      0.2005151811363131
      0.2010236882956072
      0.2015169801786699
      0.2019943374345076
      0.2024550401781313
       0.202898368906497
      0.2033236054496972
      0.2037300339582651
      0.2041169419272205
      0.2044836212572498
      0.2048293693537091
      0.2051534902636213
      0.2054552958506597
       0.205734107008133
      0.2059892549094129
      0.2062200822952222
      0.2064259447968071
      0.2066062122938662
      0.2067602703058235
      0.2068875214148858
      0.2069873867190835
      0.2070593073135078
      0.2071027457976231
      0.2071171878065893
      0.2071021435643153
      0.2070571494558608
      0.2069817696167545
      0.2068755975362445
      0.2067382576718585
      0.2065694070717684
      0.2063687370015323
      0.2061359745710975
      0.2058708843579564
      0.2055732700213138
       0.205242975902077
      0.2048798886029047
      0.2044839385419126
      0.2040551014732996
      0.2035933999676956
      0.2030989048445659
      0.2025717365486989
      0.2020120664624721
      0.2014201181453341
      0.2007961684916896
      0.2001405487982031
      0.1994536457314403
      0.1987359021865229
      0.1979878180274928
      0.1972099506999389
      0.1964029157064529
      0.1955673869352887
      0.1947040968327475
      0.1938138364097348
      0.1928974550729948
      0.1919558602718366
      0.1909900169510161
      0.1900009468012335
      0.1889897272987408
      0.1879574905263429
      0.1869054217688015
      0.1858347578765105
      0.1847467853923341
      0.1836428384379368
      0.1825242963570882
       0.181392581115284
      0.1802491544565527
       0.179095514820308
      0.1779331940231901
      0.1767637537127089
      0.1755887816020158
      0.1744098874971641
       0.173228699130711
      0.1720468578177274
      0.1708660139527506
      0.1696878223686596
      0.1685139375805131
      0.1673460089401087
       0.166185675728775
      0.1650345622185112
       0.163894272733124
      0.1627663867431237
      0.1616524540294546
      0.1605539899525664
      0.1594724708641385
      0.1584093296991806
      0.1573659517864496
      0.1563436709142797
        0.15534376568801
      0.1543674562133135
      0.1534159011373194
      0.1524901950762429
      0.1515913664545631
      0.1507203757762328
      0.1498781143435311
      0.1490654034335749
      0.1482829939366266
      0.1475315664541437
      0.1468117318481056
      0.1461240322267624
      0.1454689423457144
      0.1448468713971124
      0.1442581651541879
      0.1437031084332036
      0.1431819278304587
      0.1426947946881467
      0.1422418282400388
      0.1418230988857959
        0.14143863154161
      0.1410884090145292
      0.1407723753485671
      0.1404904390921767
      0.1402424764390442
      0.1400283341974733
      0.1398478325473589
      0.1397007675485699
      0.1395869133695404
      0.1395060242106333
      0.1394578359028313
      0.1394420671686504
       0.139458420538557
      0.1395065829228026
      0.1395862258449125
      0.1396970053493222
      0.1398385616016606
      0.1400105182054816
      0.1402124812643564
      0.1404440382225231
      0.1407047565207054
       0.140994182106839
      0.1413118378432194
      0.1416572218527771
      0.1420298058476158
       0.142429033482305
      0.1428543187732687
      0.1433050446234622
      0.1437805614890502
       0.144280186221419
      0.1448032011143435
      0.1453488531820114
      0.1459163536893679
      0.1465048779517721
      0.1471135654164834
      0.1477415200340433
      0.1483878109230778
      0.1490514733281251
      0.1497315098656837
      0.1504268920504038
       0.151136562089482
      0.1518594349305385
      0.1525944005453849
      0.1533403264297017
      0.1540960602967343
      0.1548604329414576
      0.1556322612504182
      0.1564103513317847
      0.1571935017395428
      0.1579805067657227
      0.1587701597749293
       0.159561256555964
      0.1603525986662596
      0.1611429967460809
      0.1619312737807832
      0.1627162682911567
      0.1634968374335678
      0.1642718599934595
      0.1650402392577395
      0.1658009057535399
      0.1665528198427227
      0.1672949741632819
      0.1680263959106686
      0.1687461489537118
      0.1694533357811815
      0.1701470992765972
      0.1708266243200252
      0.1714911392167348
      0.1721399169537396
      0.1727722762858181
      0.1733875826537398
      0.1739852489379162
      0.1745647360514961
      0.1751255533773265
      0.1756672590539851
      0.1761894601163465
      0.1766918124968019
      0.1771740208934949
      0.1776358385122904
      0.1780770666896732
      0.1784975544036176
      0.1788971976800073
      0.1792759389018447
      0.1796337660287723
      0.1799707117340447
      0.1802868524660802
      0.1805823074414055
      0.1808572375752989
      0.1811118443563257
      0.1813463686704683
      0.1815610895800243
      0.1817563230622678
      0.1819324207122835
       0.182089768414163
       0.182228784984515
      0.1823499207917263
      0.1824536563544727
      0.1825405009226879
      0.1826109910439636
      0.1826656891182976
      0.1827051819441506
       0.182730079258213
      0.1827410122715516
      0.1827386322044346
      0.1827236088219632
      0.1826966289723999
       0.182658395129872
      0.1826096239428033
      0.1825510447892016
      0.1824833983396861
       0.182407435128632
      0.1823239141340962
       0.182233601366442
        0.18213726846593
      0.1820356913091181
       0.181929648624229
      0.1818199206155504
      0.1817072875969681
      0.1815925286351163
      0.1814764202027105
      0.1813597348427421
      0.1812432398446261
      0.1811276959333694
       0.181013855973244
      0.1809024636872189
      0.1807942523939648
      0.1806899437638222
      0.1805902465954898
      0.1804958556150254
      0.1804074502986211
      0.1803256937208706
       0.180251231429906
      0.1801846903509214
      0.1801266777195924
      0.1800777800470032
      0.1800385621176655
      0.1800095660223406
      0.1799913102276794
      0.1799842886845884
      0.1799889699776653
       0.180005796517903
      0.1800351837811123
      0.1800775195946865
      0.1801331634749859
      0.1802024460178757
      0.1802856683446941
      0.1803831016056184
      0.1804949865423125
      0.1806215331112796
      0.1807629201690505
      0.1809192952200058
      0.1810907742271449
      0.1812774414859043
      0.1814793495607666
      0.1816965192839882
      0.1819289398158584
      0.1821765687653914
      0.1824393323704308
      0.1827171257360131
      0.1830098131297298
      0.1833172283328071
      0.1836391750456429
       0.183975427346331
      0.1843257302007305
      0.1846898000226048
      0.1850673252819535
       0.185457967159798
      0.1858613602472686
      0.1862771132867641
       0.186704809952682
      0.1871440096690111
      0.1875942484610946
      0.1880550398384607
      0.1885258757059038
      0.1890062272996867
      0.1894955461460586
      0.1899932650392612
      0.1904987990363364
      0.1910115464665472
      0.1915308899530939
      0.1920561974453857
      0.1925868232601842
      0.1931221091302549
      0.1936613852593763
      0.1942039713826217
      0.1947491778310552
      0.1952963065998831
      0.1958446524191966
      0.1963935038265289
      0.1969421442400714
      0.1974898530315904
       0.198035906598075
      0.1985795794306884
      0.1991201451801219
      0.1996568777169653
      0.2001890521861233
      0.2007159460541287
      0.2012368401485254
      0.2017510196885196
      0.2022577753062914
      0.2027564040585519
      0.2032462104280789
      0.2037265073149513
      0.2041966170176178
      0.2046558722035063
      0.2051036168694352
      0.2055392072913878
      0.2059620129637917
      0.2063714175277109
      0.2067668196876193
      0.2071476341160556
      0.2075132923452658
      0.2078632436450133
      0.2081969558853807
      0.2085139163833822
      0.2088136327323274
      0.2090956336126525
      0.2093594695831967
      0.2096047138518385
      0.2098309630246675
      0.2100378378328192
       0.210224983836346
      0.2103920721045883
      0.2105387998724671
      0.2106648911721186
      0.2107700974394965
       0.210854198095058
      0.2109170010977937
      0.2109583434716413
      0.2109780918028457
      0.2109761427068001
       0.210952423262416
      0.2109068914120625
      0.2108395363244166
      0.2107503787176984
      0.2106394711402737
      0.2105068982057777
      0.2103527767792798
      0.2101772561113587
      0.2099805179166178
      0.2097627763931837
      0.2095242781797914
      0.2092653022467878
      0.2089861597175288
      0.2086871936164735
      0.2083687785402413
      0.2080313202476586
      0.2076752551649288
      0.2073010498017301
      0.2069092000740289
      0.2065002305294047
      0.2060746934707018
        0.20563316797358
      0.2051762587944465
      0.2047045951647534
      0.2042188294687834
      0.2037196358022227
      0.2032077084098951
      0.2026837600017729
      0.2021485199475299
      0.2016027323510318
       0.201047154007605
      0.2004825522480727
      0.1999097026752773
      0.1993293868000556
      0.1987423895852711
      0.1981494969079183
      0.1975514929507824
      0.1969491575366242
      0.1963432634190491
       0.195734573545698
      0.1951238383104615
      0.1945117928125447
      0.1938991541414032
      0.1932866187071977
      0.1926748596376546
      0.1920645242622957
      0.1914562317061867
       0.190850570615053
      0.1902480970341921
      0.1896493324631753
      0.1890547621081279
      0.1884648333525524
      0.1878799544665808
      0.1873004935734417
      0.1867267778898945
      0.1861590932555958
      0.1855976839639157
       0.185042752904012
      0.1844944620212959
      0.1839529331000991
      0.1834182488692796
      0.1828904544281702
      0.1823695589869037
      0.1818555379120124
      0.1813483350648177
      0.1808478654173866
      0.1803540179277582
      0.1798666586538211
      0.1793856340826869
      0.1789107746504866
      0.1784418984256974
      0.1779788149275595
      0.1775213290498865
      0.1770692450596233
      0.1766223706385498
      0.1761805209361623
      0.1757435226011643
       0.175311217759003
      0.1748834679028594
      0.1744601576656837
      0.1740411984414093
      0.1736265318240039
      0.1732161328340789
      0.1728100129036878
      0.1724082225915134
      0.1720108540020998
      0.1716180428846153
      0.1712299703887486
      0.1708468644575973
      0.1704690008396553
      0.1700967037048719
      0.1697303458522094
      0.1693703484990791
      0.1690171806459474
      0.1686713580121783
      0.1683334415424153
      0.1680040354856572
      0.1676837850523469
      0.1673733736578445
      0.1670735197638454
      0.1667849733325542
      0.1665085119116138
      0.1662449363712254
      0.1659950663182896
      0.1657597352157512
      0.1655397852389858
       0.165336061904279
      0.1651494085080792
      0.1649806604186188
      0.1648306392646381
      0.1647001470685058
      0.1645899603732394
      0.1645008244145399
      0.1644334473899848
      0.1643884948780558
      0.1643665844589824
      0.1643682805883943
      0.1643940897727367
       0.164444456092612
      0.1645197571165566
      0.1646203002437074
      0.1647463195088142
      0.1648979728777521
      0.1650753400559923
      0.1652784208263919
      0.1655071339265852
      0.1657613164700918
       0.166040723909185
         0.1663450305317
      0.1666738304783737
      0.1670266392621967
      0.1674028957664649
      0.1678019646938504
      0.1682231394352111
      0.1686656453235225
      0.1691286432357612
      0.1696112335033604
      0.1701124600905063
      0.1706313149984466
      0.1711667428537309
      0.1717176456384567
      0.1722828875212586
      0.1728612997491121
      0.1734516855616345
      0.1740528250917804
      0.1746634802193482
       0.175282399346508
        0.17590832206769
       0.176539983709498
      0.1771761197195071
      0.1778154698862704
       0.178456782376182
       0.179098817575807
         0.1797403517314
      0.1803801803798175
      0.1810171215674679
      0.1816500188560939
      0.1822777441156377
      0.1828992001060596
      0.1835133228510433
      0.1841190838073704
       0.184715491834527
      0.1853015949694059
      0.1858764820117128
      0.1864392839256762
      0.1869891750642939
      0.1875253742223621
      0.1880471455251545
      0.1885537991596678
      0.1890446919558626
      0.1895192278254675
      0.1899768580663279
       0.190417081540367
      0.1908394447333585
      0.1912435417046155
      0.1916290139345785
       0.191995550078008
       0.192342885629947
      0.1926708025110077
       0.192979128578081
      0.1932677370654733
      0.1935365459610086
       0.193785517320714
       0.194014656525046
      0.1942240114789976
      0.1944136717580345
      0.1945837677013597
      0.1947344694539976
      0.1948659859589012
      0.1949785639007937
        0.19507248660326
      0.1951480728811435
      0.1952056758504549
      0.1952456816983534
      0.1952685084159003
      0.1952746044963243
      0.1952644476017088
      0.1952385432005488
      0.1951974231785858
      0.1951416444247634
      0.1950717873936836
      0.1949884546453728
       0.194892269362794
      0.1947838738467123
      0.1946639279876124
      0.1945331077137144
      0.1943921034144276
      0.1942416183384843
      0.1940823669665772
      0.1939150733586095
      0.1937404694766209
      0.1935592934849482
       0.193372288030237
      0.1931801985045527
       0.192983771295658
      0.1927837520290543
        0.19258088380687
      0.1923759054487323
      0.1921695497400053
      0.1919625416923139
      0.1917555968211422
      0.1915494194446376
      0.1913447010073272
       0.191142118431971
      0.1909423325021564
      0.1907459862782119
      0.1905537035486868
      0.1903660873199814
      0.1901837183468657
      0.1900071537074838
      0.1898369254269127
      0.1896735391544333
      0.1895174729004873
      0.1893691758401753
      0.1892290671908486
      0.1890975351718152
      0.1889749360543156
      0.1888615933098113
      0.1887577968638926
      0.1886638024623837
       0.188579831154715
      0.1885060688982929
      0.1884426662858125
      0.1883897383958266
       0.188347364765083
      0.1883155894798387
      0.1882944213823059
      0.1882838343873511
      0.1882837679044878
      0.1882941273603334
      0.1883147848170486
      0.1883455796834218
      0.1883863195161538
      0.1884367809101194
      0.1884967104777338
      0.1885658259181549
      0.1886438171778138
      0.1887303477037907
      0.1888250557909811
      0.1889275560227971
       0.189037440803508
       0.189154281977843
      0.1892776325308028
      0.1894070283573642
      0.1895419900889012
      0.1896820249596366
      0.1898266286941621
      0.1899752873945553
      0.1901274794043774
      0.1902826771261877
      0.1904403487696738
      0.1905999600088238
       0.190760975529161
      0.1909228604490008
