                       0
   4.996626666666552e-05
   0.0001997269431941438
   0.0004490676792338737
   0.0007977646046822234
    0.001245584370893919
    0.001792284192500311
    0.002437611889637654
    0.003181305930338714
    0.004023095472790462
    0.004962700407112037
    0.005999831396259606
    0.007134189915619629
    0.008365468290808229
     0.00969334973315286
     0.01111750837229182
     0.01263760928529033
     0.01425330852163403
     0.01596425312342709
     0.01777008114008954
     0.01967042163681628
     0.02166489469603138
     0.02375311141104614
     0.02593467387109861
     0.02820917513693491
     0.03057619920606616
     0.03303532096681897
     0.03558610614027848
     0.03822811120920856
     0.04096088333302399
     0.04378396024787456
     0.04669687015089947
     0.04969913156770292
     0.05279025320209944
     0.05596973376718005
     0.05923706179675201
     0.06259171543621166
     0.06603316221191925
     0.06956085877815324
     0.07317425064073896
     0.07687277185646418
     0.08065584470740794
      0.0845228793493449
     0.08847327343339924
     0.09250641170016516
     0.09662166554553978
      0.1008183925575536
      0.1050959360235231
       0.109453624406906
      0.1138907707932788
      0.1184066723049228
      0.1230006094835566
      0.1276718456408322
      0.1324196261762649
      0.1372431778623596
      0.1421417080967636
      0.1471144041213811
      0.1521604322084563
      0.1572789368137448
      0.1624690396969962
       0.167729839010074
      0.1730604083531632
      0.1784597957996476
      0.1839270228903467
      0.1894610835979745
      0.1950609432627901
      0.2007255375006086
      0.2064537710844574
      0.2122445168013725
      0.2180966142859775
      0.2240088688326957
      0.2299800501886185
      0.2360088913292795
      0.2420940872197681
      0.2482342935638413
      0.2544281255439257
      0.2606741565550994
      0.2669709169364133
      0.2733168927031343
      0.2797105242837017
      0.2861502052655163
      0.2926342811538367
      0.2991610481483767
      0.3057287519424286
      0.3123355865495646
      0.3189796931632617
      0.3256591590550137
      0.3323720165167535
       0.339116241853625
      0.3458897544333881
      0.3526904157989721
      0.3595160288508652
      0.3663643371062426
      0.3732330240419036
      0.3801197125282578
       0.387021964361685
      0.3939372799027817
      0.4008630978279792
      0.4077967950021766
      0.4147356864799633
      0.4216770256430222
      0.4286180044812343
      0.4355557540248995
      0.4424873449353454
      0.4494097882610014
       0.456320036365756
      0.4632149840361516
      0.4700914697735641
       0.476946277277178
      0.4837761371230512
      0.4905777286440574
      0.4973476820149265
      0.5040825805459329
      0.5107789631881035
      0.5174333272520522
      0.5240421313417055
      0.5306017985033367
      0.5371087195893982
      0.5435592568355979
      0.5499497476487097
       0.556276508601526
      0.5625358396301855
      0.5687240284280271
      0.5748373550289783
      0.5808720965721843
      0.5868245322385612
      0.5926909483485873
      0.5984676436096138
      0.6041509344997029
      0.6097371607738962
      0.6152226910777331
      0.6206039286517808
      0.6258773171099096
      0.6310393462731549
      0.6360865580401751
      0.6410155522745211
      0.6458229926883189
      0.6505056127013792
      0.6550602212543839
      0.6594837085544188
      0.6637730517310286
      0.6679253203808819
      0.6719376819792886
      0.6758074071370329
      0.6795318746813949
      0.6831085765408523
      0.6865351224135439
      0.6898092442004995
      0.6929288001856091
      0.6958917789454231
      0.6986963029730708
      0.7013406320020318
      0.7038231660168563
      0.7061424479396117
       0.708297165982345
      0.7102861556576247
      0.7121084014410087
      0.7137630380810046
      0.7152493515539843
      0.7165667796632551
      0.7177149122833918
      0.7186934912526245
      0.7195024099178877
      0.7201417123387653
       0.720611592158243
      0.7209123911496333
      0.7210445974505171
      0.7210088434958672
      0.7208059036636986
      0.7204366916477275
      0.7199022575724149
      0.7192037848666167
      0.7183425869127632
      0.7173201034889993
      0.7161378970221225
      0.7147976486694433
      0.7133011542478074
      0.7116503200279894
      0.7098471584126236
      0.7078937835154998
      0.7057924066597878
      0.7035453318122629
      0.7011549509700566
      0.6986237395158821
      0.6959542515570109
      0.6931491152624127
      0.6902110282118692
      0.6871427527698981
      0.6839471114964829
      0.6806269826058237
      0.6771852954833512
      0.6736250262703639
      0.6699491935248638
       0.666160853966175
       0.662263098310209
      0.6582590472013605
      0.6541518472462295
      0.6499446671537105
      0.6456406939851189
      0.6412431295175487
      0.6367551867228723
      0.6321800863643248
      0.6275210537119994
      0.6227813153781671
      0.6179640962728115
      0.6130726166794285
      0.6081100894507541
      0.6030797173237256
      0.5979846903527847
      0.5928281834602631
      0.5876133541025057
      0.5823433400500529
      0.5770212572801603
       0.571650197979755
      0.5662332286567973
       0.560773388357896
      0.5552736869900641
       0.549737103744273
        0.54416658561854
      0.5385650460381729
      0.5329353635708186
       0.527280380733848
      0.5216029028917111
      0.5159056972407837
      0.5101914918792794
      0.5044629749597616
      0.4987227939217926
      0.4929735548023002
      0.4872178216211865
      0.4814581158397147
      0.4756969158892868
      0.4699366567681186
      0.4641797297034209
      0.4584284818766527
      0.4526852162094367
      0.4469521912077366
      0.4412316208619006
      0.4355256746001987
      0.4298364772934795
      0.4241661093086066
      0.4185166066083268
      0.4128899608952681
       0.407288119797752
      0.4017129870951792
      0.3961664229807093
      0.3906502443590444
      0.3851662251771104
      0.3797160967854926
      0.3743015483285065
      0.3689242271608293
       0.363585739288653
      0.3582876498333611
      0.3530314835157959
      0.3478187251592055
      0.3426508202090396
       0.337529175267781
      0.3324551586430851
      0.3274301009075365
      0.3224552954683936
      0.3175319991457519
      0.3126614327576188
      0.3078447817104311
      0.3030831965936466
      0.2983777937770583
      0.2937296560095766
      0.2891398330182625
      0.2846093421064717
      0.2801391687500119
      0.2757302671903167
      0.2713835610236423
      0.2670999437853996
      0.2628802795287828
      0.2587254033968886
       0.254636122187623
      0.2506132149107004
      0.2466574333361165
      0.2427695025335476
      0.2389501214021336
      0.2351999631901942
      0.2315196760044491
      0.2279098833083685
       0.224371184409328
      0.2209041549342655
       0.217509347293603
        0.21418729113321
      0.2109384937742406
      0.2077634406406922
      0.2046625956745841
      0.2016364017386715
       0.198685281006642
       0.195809635340775
      0.1930098466570543
      0.1902862772777668
      0.1876392702716232
       0.185069149781462
      0.1825762213396218
      0.1801607721710747
       0.177823071484427
      0.1755633707509118
       0.173381903971505
      0.1712788879322992
      0.1692545224482999
      0.1673089905957797
      0.1654424589333644
      0.1636550777120118
      0.1619469810740473
      0.1603182872414256
      0.1587690986933971
      0.1572995023337384
      0.1559095696477149
        0.15459935684896
      0.1533689050164123
       0.152218240221494
      0.1511473736456772
       0.150156301688601
      0.1492450060668812
      0.1484134539037719
      0.1476615978098064
      0.1469893759545628
      0.1463967121296837
      0.1458835158032656
      0.1454496821657527
      0.1450950921674375
      0.1448196125476764
      0.1446230958559345
       0.144505380464745
      0.1444662905746882
      0.1445056362114703
      0.1446232132152026
      0.1448188032219474
      0.1450921736376335
      0.1454430776044007
       0.145871253959466
      0.1463764271865949
      0.1469583073602438
      0.1476165900824695
      0.1483509564126883
      0.1491610727903708
      0.1500465909507706
      0.1510071478337891
      0.1520423654860779
      0.1531518509565027
      0.1543351961850896
       0.155591977885594
      0.1569217574218388
      0.1583240806779919
      0.1597984779229519
      0.1613444636690435
      0.1629615365252438
      0.1646491790451561
      0.1664068575700043
      0.1682340220669138
      0.1701301059627973
      0.1720945259741566
      0.1741266819331707
      0.1762259566104581
      0.1783917155349261
      0.1806233068111566
      0.1829200609348177
      0.1852812906066131
      0.1877062905453351
      0.1901943373005953
      0.1927446890658862
      0.1953565854926246
      0.1980292475059011
       0.200761877122673
      0.2035536572732087
       0.206403751626608
      0.2093113044212795
      0.2122754403012991
      0.2152952641596044
      0.2183698609890349
      0.2214982957422646
      0.2246796132017125
      0.2279128378605612
      0.2311969738160427
      0.2345310046761948
      0.2379138934813245
      0.2413445826414486
      0.2448219938909942
      0.2483450282620914
      0.2519125660778024
      0.2555234669666236
        0.25917656989966
      0.2628706932518324
      0.2666046348885144
      0.2703771722789544
      0.2741870626378801
      0.2780330430966064
      0.2819138309049974
      0.2858281236655684
      0.2897745996009905
      0.2937519178561955
      0.2977587188362402
      0.3017936245810238
      0.3058552391778456
      0.3099421492127546
      0.3140529242614838
      0.3181861174207299
      0.3223402658803453
      0.3265138915369273
       0.330705501649164
      0.3349135895350746
      0.3391366353112071
      0.3433731066736337
      0.3476214597204065
      0.3518801398149691
      0.3561475824897917
      0.3604222143893115
       0.364702454251038
      0.3689867139234353
      0.3732733994190223
      0.3775609120008321
      0.3818476493001884
       0.386132006463487
      0.3904123773254413
      0.3946871556060284
      0.3989547361281088
      0.4032135160524794
      0.4074618961268984
      0.4116982819454001
      0.4159210852140049
      0.4201287250187736
      0.4243196290919085
      0.4284922350715384
      0.4326449917506023
       0.436776360310187
      0.4408848155325404
      0.4449688469889432
      0.4490269601976014
      0.4530576777466296
      0.4570595403773635
      0.4610311080231456
      0.4649709607989293
      0.4688776999371617
      0.4727499486655253
       0.476586353022373
      0.4803855826059232
      0.4841463312535726
       0.487867317647965
      0.4915472858468797
      0.4951850057343665
      0.4987792733909278
      0.5023289113811197
      0.5058327689573447
      0.5092897221791708
      0.5126986739480384
      0.5160585539577821
      0.5193683185619886
      0.5226269505597714
      0.5258334589022091
      0.5289868783221928
      0.5320862688911656
      0.5351307155067058
      0.5381193273155386
      0.5410512370771764
      0.5439256004738033
      0.5467415953726684
      0.5494984210476094
      0.5521952973667992
      0.5548314639542692
      0.5574061793329428
      0.5599187200573452
      0.5623683798442761
      0.5647544687099666
      0.5670763121222461
      0.5693332501763405
      0.5715246368028766
      0.5736498390164845
      0.5757082362132755
      0.5776992195251928
      0.5796221912388544
      0.5814765642861702
      0.5832617618135503
      0.5849772168359191
      0.5866223719812431
      0.5881966793305977
       0.589699600358119
      0.5911306059744054
      0.5924891766762211
      0.5937748028045213
      0.5949869849119289
      0.5961252342400304
      0.5971890733059455
      0.5981780365967445
      0.5990916713694805
      0.5999295385537139
      0.6006912137526089
      0.6013762883378518
      0.6019843706329246
       0.602515087178498
       0.602968084073085
      0.6033430283814406
      0.6036396096026473
      0.6038575411893236
      0.6039965621089917
      0.6040564384382422
      0.6040369649800812
      0.6039379668946153
      0.6037593013331034
      0.6035008590653451
      0.6031625660903893
      0.6027443852206588
      0.6022463176296807
      0.6016684043539429
      0.6010107277396372
      0.6002734128253786
      0.5994566286525236
      0.5985605894950489
      0.5975855560015976
      0.5965318362427786
      0.5953997866574372
      0.5941898128923176
      0.5929023705300799
      0.5915379657014211
      0.5900971555777309
      0.5885805487413495
      0.5869888054313174
      0.5853226376631198
      0.5835828092216896
      0.5817701355275637
      0.5798854833768323
      0.5779297705560587
      0.5759039653340831
       0.573809085833129
      0.5716461992821978
      0.5694164211563404
      0.5671209142057282
      0.5647608873790212
      0.5623375946458889
      0.5598523337238805
      0.5573064447151399
      0.5547013086588222
      0.5520383460051923
      0.5493190150176417
       0.546544810108979
      0.5437172601184437
      0.5408379265359864
      0.5379084016803556
      0.5349303068375143
      0.5319052903659089
      0.5288350257749878
      0.5257212097832543
      0.5225655603620458
      0.5193698147710332
      0.5161357275912467
      0.5128650687612526
      0.5095596216218317
      0.5062211809743364
      0.5028515511575939
      0.4994525441479734
      0.4960259776869567
      0.4925736734402802
      0.4890974551924311
      0.4855991470799443
      0.4820805718667344
      0.4785435492643317
      0.4749898942996504
      0.4714214157325931
      0.4678399145255575
      0.4642471823665899
      0.4606450002477135
      0.4570351370996406
      0.4534193484838735
      0.4497993753429423
      0.4461769428092922
      0.4425537590731021
      0.4389315143091512
      0.4353118796625917
      0.4316965062933398
      0.4280870244786382
      0.4244850427731091
      0.4208921472255758
      0.4173099006516749
      0.4137398419612641
      0.4101834855394286
      0.4066423206798491
        0.40311781106916
      0.3996113943208573
      0.3961244815572714
      0.3926584570380061
      0.3892146778332265
      0.3857944735401487
      0.3823991460409941
      0.3790299693007108
      0.3756881892026893
        0.37237502342073
      0.3690916613254866
      0.3658392639236163
      0.3626189638278956
      0.3594318652565482
      0.3562790440600458
      0.3531615477737102
      0.3500803956944021
      0.3470365789796884
      0.3440310607678426
      0.3410647763171313
      0.3381386331628318
      0.3352535112905097
      0.3324102633240948
      0.3296097147273583
      0.3268526640174366
      0.3241398829891096
      0.3214721169485647
      0.3188500849554431
      0.3162744800720375
      0.3137459696185095
      0.3112651954331066
      0.3088327741363647
      0.3064492973983525
      0.3041153322080813
      0.3018314211442226
       0.299598082646339
      0.2974158112859219
      0.2952850780364994
      0.2932063305422108
      0.2911799933842488
      0.2892064683446049
       0.287286134666644
      0.2854193493120463
         0.2836064472137
      0.2818477415241982
      0.2801435238596051
      0.2784940645382006
      0.2768996128139853
      0.2753603971047228
      0.2738766252143611
      0.2724484845497066
      0.2710761423312531
      0.2697597457981104
       0.268499422407007
      0.2672952800253767
      0.2661474071185692
      0.2650558729312467
      0.2640207276630818
      0.2630420026388798
      0.2621197104732794
      0.2612538452302176
      0.2604443825773801
      0.2596912799358571
      0.2589944766252765
      0.2583538940047015
      0.2577694356095855
      0.2572409872851193
       0.256768417316332
      0.2563515765552935
      0.2559902985458165
      0.2556843996460754
      0.2554336791495431
       0.255237919404708
      0.2550968859340199
      0.2550103275525374
      0.2549779764867589
      0.2549995484941546
      0.2550747429838893
      0.2552032431392948
      0.2553847160425873
      0.2556188128024121
      0.2559051686847632
      0.2562434032478222
      0.2566331204813166
      0.2570739089509578
      0.2575653419485324
      0.2581069776482458
       0.258698359269899
      0.2593390152494703
      0.2600284594177045
      0.2607661911872576
      0.2615516957490197
      0.2623844442781255
      0.2632638941502612
      0.2641894891687745
      0.2651606598031616
       0.266176823439415
      0.2672373846427633
      0.2683417354332673
      0.2694892555747518
      0.2706793128774905
      0.2719112635150781
       0.273184452355853
      0.2744982133092204
      0.2758518696871905
      0.2772447345814151
      0.2786761112559318
      0.2801452935558125
      0.2816515663318591
      0.2831942058814151
      0.2847724804053355
      0.2863856504810757
      0.2880329695518158
      0.2897136844314531
      0.2914270358252534
      0.2931722588658425
      0.2949485836641895
      0.2967552358751157
      0.2985914372768074
       0.300456406363726
      0.3023493589522114
      0.3042695087979844
      0.3062160682246968
      0.3081882487625336
      0.3101852617958248
      0.3122063192185122
      0.3142506340961867
      0.3163174213333899
       0.318405898344695
       0.320515285728044
       0.322644807938691
      0.3247936939620192
      0.3269611779833934
      0.3291465000531381
      0.3313489067446397
      0.3335676518034542
      0.3358019967852803
       0.338051211680537
      0.3403145755232304
      0.3425913769817428
      0.3448809149291038
       0.347182498990265
      0.3494954500638716
      0.3518191008159663
      0.3541527961430641
      0.3564958936020324
       0.358847763804175
      0.3612077907709838
      0.3635753722490013
      0.3659499199813122
      0.3683308599332186
      0.3707176324697178
       0.373109692482501
      0.3755065094642787
      0.3779075675283458
       0.380312365371469
      0.3827204161782712
      0.3851312474654915
      0.3875444008646838
      0.3899594318420946
       0.392375909354671
      0.3947934154414311
      0.3972115447495968
      0.3996299039952435
      0.4020481113584033
        0.40446579581294
      0.4068825963917556
      0.4092981613882213
      0.4117121474950788
      0.4141242188823387
      0.4165340462161218
      0.4189413056206822
      0.4213456775862129
      0.4237468458254303
      0.4261444960822661
       0.428538314896347
      0.4309279883273439
      0.4333132006435477
      0.4356936329794591
      0.4380689619674343
      0.4404388583488099
      0.4428029855701858
      0.4451609983708464
      0.4475125413675781
      0.4498572476433723
      0.4521947373466694
      0.4545246163080691
      0.4568464746815092
      0.4591598856170661
      0.4614644039726262
      0.4637595650716302
      0.4660448835142672
      0.4683198520492735
      0.4705839405135268
      0.4728365948464782
      0.4750772361862571
      0.4773052600541365
      0.4795200356337513
       0.481720905151138
      0.4839071833613792
      0.4860781571471805
      0.4882330852343633
      0.4903711980286771
       0.492491697577905
      0.4945937576626728
      0.4966765240187871
      0.4987391146933265
      0.5007806205360599
      0.5028001058271173
      0.5047966090412009
      0.5067691437478763
      0.5087166996468143
       0.510638243736153
      0.5125327216114571
      0.5143990588920421
      0.5162361627707086
      0.5180429236823704
      0.5198182170862691
      0.5215609053559731
      0.5232698397706603
      0.5249438626006894
      0.5265818092799235
      0.5281825106567836
      0.5297447953155671
       0.531267491959197
      0.5327494318442433
      0.5341894512587348
       0.535586394033111
      0.5369391140744385
      0.5382464779139765
      0.5395073672580543
      0.5407206815322887
       0.541885340409209
      0.5430002863095073
      0.5440644868673044
      0.5450769373500093
      0.5460366630237734
      0.5469427214557309
      0.5477942047446781
      0.5485902416722762
      0.5493299997673121
      0.5500126872760539
      0.5506375550322511
      0.5512038982209634
      0.5517110580308645
      0.5521584231903472
       0.552545431383386
      0.5528715705416184
      0.5531363800098247
      0.5533394515825962
      0.5534804304105427
      0.5535590157750099
      0.5535749617309405
      0.5535280776179808
      0.5534182284405447
      0.5532453351181165
        0.55300937460748
      0.5527103798991809
      0.5523484398908368
      0.5519236991404383
      0.5514363575031357
      0.5508866696553307
      0.5502749445102605
      0.5496015445295466
      0.5488668849353435
       0.548071432828096
      0.5472157062149159
      0.5463002729538614
      0.5453257496194927
      0.5442928002951061
      0.5432021352971476
      0.5420545098373165
      0.5408507226278948
      0.5395916144357084
       0.538278066590213
      0.5369109994510167
       0.535491370840086
      0.5340201744437673
      0.5324984381896465
      0.5309272226030795
      0.5293076191481033
      0.5276407485572505
       0.525927759154625
      0.5241698251763709
       0.522368145092538
      0.5205239399340775
      0.5186384516285411
      0.5167129413478473
      0.5147486878712325
      0.5127469859663835
      0.5107091447914274
       0.508636486320349
      0.5065303437941551
      0.5043920601999271
      0.5022229867796962
      0.5000244815709114
      0.4977979079800638
       0.495544633390882
      0.4932660278083288
      0.4909634625394613
       0.488638308912103
      0.4862919370320584
      0.4839257145795492
      0.4815410056453274
      0.4791391696068728
      0.4767215600448925
      0.4742895237002913
      0.4718443994716421
      0.4693875174530595
      0.4669201980123612
      0.4644437509092456
      0.4619594744531501
      0.4594686547004223
      0.4569725646903061
      0.4544724637192216
      0.4519695966527597
      0.4494651932747467
       0.446960467672695
      0.4444566176589329
      0.4419548242266325
       0.439456251039974
      0.4369620439576152
      0.4344733305886347
      0.4319912198800914
      0.4295168017353434
      0.4270511466622219
      0.4245953054501807
      0.4221503088755312
      0.4197171674338457
      0.4172968710986263
      0.4148903891053544
      0.4124986697600042
      0.4101226402711307
      0.4077632066046574
      0.4054212533604734
      0.4030976436699928
      0.4007932191138128
      0.3985087996586499
      0.3962451836127254
      0.3940031475988262
      0.3917834465442327
      0.3895868136867962
       0.387413960596395
      0.3852655772110909
      0.3831423318872799
      0.3810448714631912
       0.378973821335081
      0.3769297855455111
      0.3749133468831286
      0.3729250669933875
      0.3709654864996421
      0.3690351251341343
      0.3671344818783553
      0.3652640351123236
      0.3634242427723439
      0.3616155425168208
      0.3598383518997394
      0.3580930685514437
      0.3563800703663701
      0.3546997156974367
      0.3530523435567585
       0.351438273822468
      0.3498578074513552
      0.3483112266971337
      0.3467987953341234
      0.3453207588861736
      0.3438773448606632
      0.3424687629874526
      0.3410952054626415
      0.3397568471970583
      0.3384538460693576
      0.3371863431836751
      0.3359544631317653
      0.3347583142595531
      0.3335979889380947
      0.3324735638388865
      0.3313851002134993
      0.3303326441775513
      0.3293162269989889
      0.3283358653906808
      0.3273915618073492
      0.3264833047468259
      0.3256110690556763
      0.3247748162391924
      0.3239744947757698
      0.3232100404357129
      0.3224813766044631
      0.3217884146102513
      0.3211310540562175
      0.3205091831569529
       0.319922679079463
      0.3193714082885372
      0.3188552268964712
        0.31837398101708
      0.3179275071239467
      0.3175156324127985
      0.3171381751679319
      0.3167949451325192
      0.3164857438827111
       0.316210365205314
      0.3159685954789118
      0.3157602140582082
      0.3155849936613695
      0.3154427007601392
      0.3153330959724612
      0.3152559344573114
        0.31521096631144
      0.3151979369676884
       0.315216587594514
      0.3152666554963004
      0.3153478745140778
       0.315459975426133
      0.3156026863480511
       0.315775733131659
      0.3159788397622729
      0.3162117287537088
      0.3164741215403793
      0.3167657388658588
      0.3170863011672384
      0.3174355289545476
      0.3178131431845892
      0.3182188656284096
      0.3186524192317327
       0.319113528467608
