                       0
   1.382403336699989e-05
   5.538339079407837e-05
   0.0001248437713191142
   0.0002223169982777616
     0.00034786237858614
   0.0005014889291046374
   0.0006831583911074603
   0.0008927889289596179
    0.001130259388973304
    0.001395413979186936
    0.001688067221059953
    0.002008009020159652
    0.002355009704942616
    0.002728824890553776
    0.003129200037771656
    0.003555874595160049
    0.004008585634260887
    0.004487070912211603
    0.004991071322291012
    0.005520332719318671
    0.006074607132282264
    0.006653653399847304
      0.0072572372844583
    0.007885131136721103
    0.008537113193067129
    0.009212966596032972
    0.009912478227832271
     0.01063543744452895
     0.01138163479058017
     0.01215086076255576
     0.01294290467736653
     0.01375755368534087
     0.01459459195299209
     0.01545380002528204
     0.01633495436346607
     0.01723782704290159
     0.01816218558602838
     0.01910779289938482
     0.02007440728010419
     0.02106178245672943
      0.0220696676311114
     0.02309780749219019
      0.0241459421780767
     0.02521380716947206
     0.02630113310449362
     0.02740764551185683
     0.02853306446559802
      0.0296771041697155
     0.03083947248497339
     0.03201987041249713
     0.03321799154966319
     0.03443352153323454
     0.03566613748290819
     0.03691550745568889
     0.03818128991810225
     0.03946313323955314
     0.04076067520645808
      0.0420735425534386
     0.04340135050510919
      0.0447437023200156
     0.04610018882718334
     0.04747038794555419
     0.04885386417727081
     0.05025016806720716
     0.05165883562316766
     0.05307938769359465
     0.05451132930221404
     0.05595414894160096
     0.05740731782996816
      0.0588702891374077
     0.06034249718923881
     0.06182335665496456
     0.06331226173160566
     0.06480858532989935
     0.06631167827110269
     0.06782086850103965
     0.06933546032671145
     0.07085473367939722
     0.07237794340684309
     0.07390431859600147
      0.0754330619269326
     0.07696334905798941
     0.07849432804230447
     0.08002511877587914
     0.08155481247820572
     0.08308247120726432
     0.08460712741184322
     0.08612778352533365
     0.08764341160634771
     0.08915295303260237
     0.09065531825542292
     0.09214938662288198
     0.09363400627996683
     0.09510799415424576
     0.09657013603529711
     0.09801918675570692
     0.09945387048078905
      0.1008728811134009
      0.1022748828193917
      0.1036585106784012
      0.1050223714639916
      0.1063650445564899
      0.1076850829914903
      0.1089810146467157
      0.1102513435698782
      0.1114945514502741
      0.1127090992370659
      0.1138934289074944
      0.1150459653885632
      0.1161651186359881
      0.1172492858743474
      0.1182968540023581
      0.1193062021669945
      0.1202757045097427
      0.1212037330876395
       0.122088660970881
      0.1229288655177418
      0.1237227318263485
      0.1244686563615501
      0.1251650507537835
      0.1258103457654894
        0.12640299541935
      0.1269414812814396
      0.1274243168913391
       0.127850052330383
      0.1282172789185141
      0.1285246340296909
      0.1287708060154468
      0.1289545392259954
      0.1290746391182097
      0.1291299774398416
      0.1291194974794761
      0.1290422193719103
      0.1288972454489123
      0.1286837656256463
      0.1284010628134638
      0.1280485183502884
      0.1276256174404993
      0.1271319545970994
      0.1265672390800949
      0.1259313003264815
      0.1252240933690919
      0.1244457042438829
      0.1235963553880835
      0.1226764110350555
      0.1216863826157762
       0.120626934181584
      0.1194988878682565
       0.118303229427636
      0.1170411138598796
      0.1157138711869788
      0.1143230124164389
       0.112870235752879
      0.1113574331247267
      0.1097866971030269
       0.108160328299467
      0.1064808433408026
      0.1047509835265461
      0.1029737242855354
      0.1011522855540373
     0.09929014320228645
      0.0973910416362834
     0.09545900769520312
     0.09349836594906219
     0.09151375547257785
     0.08951014812444973
     0.08749286829016663
     0.08546761394274105
     0.08344047872946711
     0.08141797459195087
     0.07940705415776915
     0.07741513179101774
     0.07545010174277846
     0.07352035129274495
     0.07163476612127145
     0.06980272441584891
     0.06803407544430867
     0.06633909760612502
     0.06472843044298564
      0.0632129749507635
     0.06180375704369583
     0.06051175046391147
     0.05934765806150823
     0.05832165432183756
     0.05744309716723851
     0.05672022292318385
     0.05615984400885723
     0.05576707315023062
      0.0555450994051583
     0.05549503904921889
     0.05561587816283421
     0.05590451434726089
     0.05635589405305156
     0.05696323167138224
     0.05771828878601853
     0.05861168803847547
     0.05963323613327529
     0.06077223390090006
      0.0620177567923813
     0.06335889534677239
     0.06478495093989303
     0.06628558679262009
      0.0678509375110008
     0.06947168238989698
     0.07113908856597741
     0.07284503015494062
     0.07458198904298269
     0.07634304226334296
     0.07812184004993147
     0.07991257783525596
     0.08170996471385153
     0.08350919025472864
     0.08530589102367189
     0.08709611776189514
     0.08887630384830607
     0.09064323543287313
     0.09239402345296188
     0.09412607761919443
     0.09583708237063836
      0.0975249747413431
     0.09918792404379029
      0.1008243132537953
      0.1024327219712901
      0.1040119108288571
      0.1055608072223856
      0.1070784922439663
      0.1085641887048304
      0.1100172501448425
      0.1114371507341412
      0.1128234759815302
      0.1141759141728795
      0.1154942484709058
      0.1167783496151562
        0.11802816916777
       0.119243733256627
      0.1204251367728225
      0.1215725379840796
      0.1226861535297697
      0.1237662537667298
      0.1248131584381002
      0.1258272326400384
      0.1268088830634569
      0.1277585544899436
      0.1286767265228294
      0.1295639105359866
      0.1304206468244455
      0.1312475019423042
       0.132045066214717
      0.1328139514119736
      0.1335547885748335
      0.1342682259813476
      0.1349549272463728
      0.1356155695458553
       0.136250841958713
      0.1368614439197787
      0.1374480837777737
      0.1380114774526671
      0.1385523471870447
      0.1390714203862867
      0.1395694285424464
      0.1400471062367616
      0.1405051902157399
      0.1409444185357641
      0.1413655297711907
      0.1417692622809774
      0.1421563535289944
      0.1425275394533513
      0.1428835538803148
      0.1432251279786843
       0.143552989750837
      0.1438678635570155
      0.1441704696698083
      0.1444615238561321
      0.1447417369843478
      0.1450118146544221
      0.1452724568492549
      0.1455243576054364
      0.1457682047017741
      0.1460046793639351
      0.1462344559835125
      0.1464582018497495
      0.1466765768920623
       0.146890233431427
      0.1470998159386343
      0.1473059607974127
      0.1475092960704626
      0.1477104412665624
      0.1479100071070847
      0.1481085952905015
      0.1483067982537497
       0.148505198929649
      0.1487043704999038
      0.1489048761435481
      0.1491072687809944
      0.1493120908141026
       0.149519873862875
      0.1497311384995136
      0.1499463939806217
      0.1501661379783207
      0.1503908563109779
      0.1506210226741234
      0.1508570983719955
      0.1510995320500044
      0.1513487594282761
      0.1516052030363388
      0.1518692719489612
      0.1521413615231551
      0.1524218531364166
      0.1527111139263882
      0.1530094965322855
      0.1533173388386156
      0.1536349637219127
      0.1539626788014046
      0.1543007761946877
      0.1546495322796054
      0.1550092074635845
      0.1553800459616811
      0.1557622755845137
      0.1561561075371268
      0.1565617362296335
      0.1569793391002621
      0.1574090764511727
      0.1578510912971591
      0.1583055092271101
      0.1587724382779016
      0.1592519688202309
      0.1597441734558051
      0.1602491069252497
      0.1607668060261206
      0.1612972895404612
      0.1618405581714443
      0.1623965944887572
      0.1629653628825029
      0.1635468095255004
      0.1641408623439344
      0.1647474309963424
       0.165366406860906
      0.1659976630309467
      0.1666410543184113
      0.1672964172649752
      0.1679635701602156
      0.1686423130661129
      0.1693324278469596
      0.1700336782035963
      0.1707458097107758
      0.1714685498563946
       0.172201608081317
      0.1729446758185774
      0.1736974265308572
      0.1744595157452947
      0.1752305810848925
      0.1760102422960109
      0.1767981012716713
      0.1775937420706201
      0.1783967309323062
      0.1792066162880915
      0.1800229287691442
      0.1808451812115382
      0.1816728686591233
      0.1825054683647258
      0.1833424397902113
      0.1841832246058965
      0.1850272466897488
      0.1858739121267867
      0.1867226092090792
      0.1875727084367822
       0.188423562520714
      0.1892745063870983
      0.1901248571852582
      0.1909739142992484
      0.1918209593646324
      0.1926652562918585
      0.1935060512979224
      0.1943425729482377
      0.1951740322108346
      0.1959996225251745
       0.196818519887992
      0.1976298829586514
      0.1984328531865373
       0.199226554962992
       0.200010095800268
      0.2007825665399062
      0.2015430415928779
      0.2022905792137609
      0.2030242218111717
      0.2037429962966449
      0.2044459144741593
      0.2051319734725476
      0.2058001562230996
      0.2064494319847712
      0.2070787569195343
      0.2076870747205352
      0.2082733172958629
      0.2088364055108441
      0.2093752499918766
      0.2098887519948644
      0.2103758043413332
      0.2108352924252645
      0.2112660952936044
      0.2116670868032673
      0.2120371368572866
      0.2123751127225559
      0.2126798804313859
      0.2129503062688626
      0.2131852583477649
      0.2133836082725766
      0.2135442328939287
      0.2136660161546323
      0.2137478510283104
      0.2137886415515157
      0.2137873049501171
      0.2137427738606462
      0.2136539986472187
      0.2135199498145502
      0.2133396205174958
      0.2131120291674201
      0.2128362221355611
      0.2125112765533818
      0.2121363032097021
      0.2117104495441835
      0.2112329027364983
      0.2107028928902738
      0.2101196963106635
      0.2094826388741818
      0.2087910994892575
      0.2080445136458297
      0.2072423770522394
      0.2063842493576659
      0.2054697579584377
      0.2044986018866981
      0.2034705557801423
      0.2023854739318511
      0.2012432944196196
      0.2000440433146101
      0.1987878389696336
      0.1974748963878661
      0.1961055316733228
       0.194680166564926
      0.1931993330564974
      0.1916636781054599
      0.1900739684334291
      0.1884310954221873
      0.1867360801087335
      0.1849900782831504
      0.1831943856928823
      0.1813504433566111
      0.1794598429901724
      0.1775243325457709
      0.1755458218640064
      0.1735263884357572
      0.1714682832675852
      0.1693739368398153
      0.1672459651405039
      0.1650871757508575
      0.1629005739479018
        0.16068936877794
      0.1584569790391082
       0.156207039092643
      0.1539434043998146
      0.1516701566543088
      0.1493916083477049
      0.1471123065681749
      0.1448370357893799
      0.1425708193577679
      0.1403189193324419
      0.1380868342733563
      0.1358802945124009
      0.1337052543804443
       0.131567880805246
      0.1294745376452862
      0.1274317650894606
      0.1254462534402775
      0.1235248106181566
      0.1216743227872362
      0.1199017076196759
      0.1182138598959765
      0.1166175893911272
      0.1151195513238678
      0.1137261700457969
      0.1124435571064012
      0.1112774253266515
      0.1102330010137901
      0.1093149369093247
      0.1085272288301818
      0.1078731391870694
      0.1073551305978473
      0.1069748126245247
      0.1067329042393022
      0.1066292139831925
      0.1066626389631151
      0.1068311829067272
      0.1071319925410293
      0.1075614106676173
      0.1081150435529845
      0.1087878396963648
      0.1095741767142686
      0.1104679529959245
      0.1114626809173124
      0.1125515787136534
      0.1137276585497214
        0.11498380883941
      0.1163128693995656
      0.1177076985358059
      0.1191612316187755
      0.1206665310987036
      0.1222168282155436
      0.1238055568912885
      0.1254263804463398
       0.127073211872914
      0.1287402284370416
       0.130421881378636
      0.1321129014474555
      0.1338083009612216
      0.1355033730086561
      0.1371936883510113
      0.1388750905054621
      0.1405436894257768
      0.1421958541321582
      0.1438282045843031
      0.1454376030401725
      0.1470211450978209
      0.1485761505787021
      0.1501001543777433
       0.151590897377638
       0.153046317501681
      0.1544645409604683
       0.155843873732361
      0.1571827933052307
       0.158479940697198
       0.159734112766421
      0.1609442548141066
      0.1621094534804832
      0.1632289299302129
      0.1643020333213812
      0.1653282345505968
       0.166307120265681
      0.1672383871367958
      0.1681218363765328
      0.1689573684993752
      0.1697449783109864
      0.1704847501179121
      0.1711768531484827
      0.1718215371759348
      0.1724191283350296
      0.1729700251237154
       0.173474694581671
      0.1739336686378602
      0.1743475406195436
      0.1747169619155205
      0.1750426387867136
      0.1753253293175576
      0.1755658405020119
      0.1757650254583586
      0.1759237807672896
      0.1760430439280852
      0.1761237909279636
      0.1761670339198986
      0.1761738190043695
      0.1761452241106134
      0.1760823569729908
      0.1759863531980574
      0.1758583744178618
      0.1756996065248708
      0.1755112579837735
      0.1752945582152449
      0.1750507560465808
      0.1747811182239515
      0.1744869279808879
      0.1741694836575125
      0.1738300973649697
       0.173470093689496
       0.173090808430603
      0.1726935873679222
      0.1722797850513596
       0.171850763609346
      0.1714078915701026
      0.1709525426909911
      0.1704860947911496
      0.1700099285827434
      0.1695254264962599
      0.1690339714953753
      0.1685369458769962
      0.1680357300521661
      0.1675317013036207
      0.1670262325159023
       0.166520690874118
      0.1660164365276639
      0.1655148212155568
       0.165017186850425
      0.1645248640587236
      0.1640391706753567
       0.163561410191605
       0.163092870156073
      0.1626348205292568
      0.1621885119932912
      0.1617551742194254
      0.1613360140967886
      0.1609322139270116
      0.1605449295902459
        0.16017528868905
      0.1598243886774739
      0.1594932949834584
       0.159183039133363
      0.1588946168880465
      0.1586289864004343
      0.1583870664049364
      0.1581697344494049
      0.1579778251805698
      0.1578121286940374
      0.1576733889599973
      0.1575623023357421
      0.1574795161759541
      0.1574256275514415
      0.1574011820866099
      0.1574066729254007
      0.1574425398347343
      0.1575091684536206
      0.1576068896950748
      0.1577359793067791
      0.1578966575950866
      0.1580890893154898
      0.1583133837310971
      0.1585695948390098
      0.1588577217628146
      0.1591777093077363
      0.1595294486733807
      0.1599127783174815
        0.16032748496268
      0.1607733047371479
      0.1612499244388334
      0.1617569829122873
      0.1622940725264084
      0.1628607407410388
      0.1634564917501258
      0.1640807881891316
      0.1647330528944884
       0.165412670703149
       0.166118990280637
      0.1668513259664378
      0.1676089596260739
      0.1683911424997504
      0.1691970970380407
       0.170026018715686
      0.1708770778152194
        0.17174942117278
      0.1726421738791696
      0.1735544409299199
      0.1744853088188848
      0.1754338470706492
      0.1763991097078522
      0.1773801366503467
      0.1783759550439493
      0.1793855805173648
      0.1804080183666752
      0.1814422646675508
      0.1824873073160518
      0.1835421269995289
      0.1846056980996814
      0.1856769895302945
      0.1867549655125348
      0.1878385862909474
      0.1889268087934691
      0.1900185872388659
      0.1911128736950225
       0.192208618591492
      0.1933047711896549
      0.1944002800137662
      0.1954940932461028
      0.1965851590893671
      0.1976724260994736
      0.1987548434918431
       0.199831361424354
      0.2009009312601482
      0.2019625058135554
       0.203015039582467
       0.204057488970552
      0.2050888125027547
      0.2061079710375203
      0.2071139279791741
      0.2081056494938089
       0.209082104731919
      0.2100422660608628
      0.2109851093100433
      0.2119096140314702
      0.2128147637781361
      0.2136995464023965
      0.2145629543763185
      0.2154039851357596
      0.2162216414497647
      0.2170149318167432
      0.2177828708887967
       0.218524479925527
      0.2192387872786427
      0.2199248289087093
      0.2205816489354255
      0.2212083002228593
      0.2218038450011166
      0.2223673555259434
       0.222897914777754
       0.223394617201543
        0.22385656948906
      0.2242828914045069
      0.2246727166548708
      0.2250251938058224
      0.2253394872439137
      0.2256147781856073
      0.2258502657334741
      0.2260451679797178
      0.2261987231570407
      0.2263101908367568
      0.2263788531739949
      0.2264040161998128
      0.2263850111600692
      0.2263211959009578
      0.2262119563011948
      0.2260567077509533
      0.2258548966777434
      0.2256060021195357
      0.2253095373454989
      0.2249650515247734
      0.2245721314437111
      0.2241304032719864
      0.2236395343779189
      0.2230992351932533
      0.2225092611275174
      0.2218694145319494
      0.2211795467128418
       0.220439559994026
      0.2196494098281069
      0.2188091069559823
      0.2179187196141278
      0.2169783757891217
      0.2159882655188987
      0.2149486432402656
      0.2138598301822664
      0.2127222168050316
      0.2115362652837719
      0.2103025120375568
      0.2090215703024281
      0.2076941327482205
        0.20632097413817
      0.2049029540299684
      0.2034410195163435
      0.2019362080025092
      0.2003896500168939
      0.1988025720504342
      0.1971762994183753
      0.1955122591369343
      0.1938119828053455
      0.1920771094816687
      0.1903093885382865
      0.1885106824801799
      0.1866829697058167
      0.1848283471867402
      0.1829490330376414
      0.1810473689437574
       0.179125822406797
      0.1771869887641478
      0.1752335929288372
      0.1732684907895152
      0.1712946702005931
      0.1693152514826081
      0.1673334873419417
      0.1653527621073188
      0.1633765901682449
      0.1614086134879913
      0.1594525980513111
      0.1575124290952979
      0.1555921049613636
      0.1536957293980507
      0.1518275021393261
      0.1499917075822867
       0.148192701393177
      0.1464348948826932
      0.1447227370122131
      0.1430606939232787
      0.1414532259246473
      0.1399047619254732
      0.1384196713701581
      0.1370022338098722
      0.1356566063365854
      0.1343867892054568
      0.1331965900772187
      0.1320895874191304
      0.1310690937053982
      0.1301381191489613
      0.1292993367690445
      0.1285550496456973
      0.1279071612272402
      0.1273571495341136
      0.1269060460402275
      0.1265544199103929
      0.1263023681327039
      0.1261495119138113
      0.1260949995116201
      0.1261375154748616
      0.1262752960541835
      0.1265061503568589
      0.1268274866478807
      0.1272363430629696
      0.1277294219000557
      0.1283031265981325
      0.1289536004959159
      0.1296767664845602
      0.1304683667235802
      0.1313240016703754
      0.1322391677738221
      0.1332092932937063
      0.1342297718232514
      0.1352959932055456
       0.136403371641415
      0.1375473708826581
      0.1387235264882719
      0.1399274651912438
      0.1411549214794874
      0.1424017515371496
      0.1436639447229162
      0.1449376327815461
      0.1462190969952527
      0.1475047734843888
      0.1487912568637276
      0.1500753024529228
      0.1513538272287532
      0.1526239096936006
      0.1538827888201825
      0.1551278622176024
      0.1563566836488507
      0.1575669600154275
      0.1587565479110614
      0.1599234498337802
      0.1610658101339573
      0.1621819107654705
      0.1632701668977647
      0.1643291224383591
      0.1653574455081149
      0.1663539239052945
      0.1673174605889804
      0.1682470692077002
      0.1691418696949939
      0.1700010839500798
      0.1708240316186387
       0.171610125985955
      0.1723588699921864
      0.1730698523773155
      0.1737427439613517
      0.1743772940635614
      0.1749733270629163
      0.1755307391005368
      0.1760494949236975
      0.1765296248699224
      0.1769712219888613
      0.1773744392989768
      0.1777394871755844
       0.178066630866465
      0.1783561881310759
      0.1786085269993062
      0.1788240636457227
      0.1790032603752919
      0.1791466237166227
       0.179254702618805
      0.1793280867479144
      0.1793674048791769
      0.1793733233806385
      0.1793465447839586
      0.1792878064376506
      0.1791978792377408
      0.1790775664304323
      0.1789277024809754
      0.1787491520025749
      0.1785428087388541
      0.1783095945931556
      0.1780504586978147
      0.1777663765165066
      0.1774583489728356
      0.1771274015985076
      0.1767745836946805
      0.1764009675003995
      0.1760076473623693
       0.175595738900653
      0.1751663781651948
      0.1747207207783024
      0.1742599410583814
      0.1737852311202714
       0.173297799947483
      0.1727988724314996
      0.1722896883730911
      0.1717715014403289
      0.1712455780777303
      0.1707131963607258
      0.1701756447894996
      0.1696342210162178
      0.1690902304997889
      0.1685449850826058
      0.1679998014842191
      0.1674559997075939
      0.1669149013544826
      0.1663778278474922
      0.1658460985575957
      0.1653210288370949
      0.1648039279593367
      0.1642960969677839
      0.1637988264382868
      0.1633133941595881
      0.1628410627381695
      0.1623830771345402
      0.1619406621389486
      0.1615150197953101
      0.1611073267828974
      0.1607187317660714
      0.1603503527230727
      0.1600032742656693
      0.1596785449622934
      0.1593771746781919
      0.1591001319470638
       0.158848341389631
      0.1586226811955396
      0.1584239806858665
      0.1582530179742304
      0.1581105177450134
       0.157997149167407
      0.1579135239638381
      0.1578601946507676
      0.1578376529688284
      0.1578463285178116
      0.1578865876100992
      0.1579587323538592
      0.1580629999747162
      0.1581995623817849
      0.1583685259810155
      0.1585699317358491
      0.1588037554723396
      0.1590699084232508
      0.1593682380032761
      0.1596985288055031
      0.1600605038075847
      0.1604538257747958
      0.1608780988462157
      0.1613328702896409
      0.1618176324104459
      0.1623318245993921
      0.1628748355042808
      0.1634460053102809
      0.1640446281137027
      0.1646699543738936
      0.1653211934278049
      0.1659975160516308
      0.1666980570537855
      0.1674219178834218
      0.1681681692387513
      0.1689358536596786
      0.1697239880897543
      0.1705315663932368
      0.1713575618141397
      0.1722009293655511
      0.1730606081391895
      0.1739355235270779
      0.1748245893492839
      0.1757267098838019
      0.1766407817967363
      0.1775656959728807
      0.1785003392484759
      0.1794435960492886
      0.1803943499381188
      0.1813514850763978
      0.1823138876046625
      0.1832804469464438
      0.1842500570395273
      0.1852216174977439
      0.1861940347055159
      0.1871662228464576
      0.1881371048665025
      0.1891056133714253
      0.1900706914583242
      0.1910312934806729
      0.1919863857469921
      0.1929349471539747
      0.1938759697560116
      0.1948084592743971
      0.1957314355509432
      0.1966439329521647
      0.1975450007314765
      0.1984337033578371
      0.1993091208198462
      0.2001703489143808
      0.2010164995283623
      0.2018467009211677
      0.2026600980135642
      0.2034558526869184
      0.2042331440939323
      0.2049911689794183
      0.2057291420068338
      0.2064462960836229
      0.2071418826760465
      0.2078151721022994
      0.2084654537914542
      0.2090920364952475
      0.2096942484399998
      0.2102714374070508
      0.2108229707319525
      0.2113482352152135
