                       0
   4.996626666665564e-05
   0.0001997269431941636
   0.0004490676792338595
   0.0007977646046823102
    0.001245584370894048
    0.001792284192500402
    0.002437611889637849
    0.003181305930338974
    0.004023095472791049
    0.004962700407113154
    0.005999831396261185
    0.007134189915621327
    0.008365468290810385
    0.009693349733153772
     0.01111750837229216
     0.01263760928529083
     0.01425330852163487
     0.01596425312343083
     0.01777008114009674
     0.01967042163682332
     0.02166489469604264
     0.02375311141106211
     0.02593467387112555
     0.02820917513697939
     0.03057619920614142
     0.03303532096694432
     0.03558610614048193
     0.03822811120954335
     0.04096088333356505
     0.04378396024873304
      0.0466968701522437
     0.04969913156977639
     0.05279025320525508
     0.05596973377192183
      0.0592370618037942
     0.06259171544656042
     0.06603316222696583
     0.06956085879980346
     0.07317425067159536
     0.07687277190002686
     0.08065584476838042
     0.08452287943397048
     0.08847327354991207
     0.09250641185935977
     0.09662166576148166
      0.1008183928484267
      0.1050959364127323
      0.1094536249243714
      0.1138907714770571
      0.1184066732031303
      0.1230006106567804
       0.127671847164943
      0.1324196281458334
       0.137243180394704
      0.1421417113368393
      0.1471144082475119
         0.1521604374391
      0.1572789434154988
       0.162469047993917
       0.167729849394592
      0.1730604212988848
      0.1784598118760617
      0.1839270427799859
      0.1894611081160697
       0.195060973380045
      0.2007255743691676
      0.2064538160677236
      0.2122445715079273
      0.2180966806081917
      0.2240089489904736
      0.2299801467789731
      0.2360090073821631
      0.2420942262608882
      0.2482344596852294
      0.2544283234827605
      0.2606743917818695
      0.2669711957530507
      0.2733172223517669
       0.279710913067489
      0.2861506626818801
      0.2926348180414069
       0.299161676848572
      0.3057294864763929
      0.3123364428118428
      0.3189806891329888
      0.3256603150256621
       0.332373355345211
      0.3391177892296639
      0.3458915391705119
       0.352692470147056
      0.3595183888314415
      0.3663670428710009
      0.3732361202548514
      0.3801232487714667
      0.3870259955651625
      0.3939418667975532
      0.4008683074227517
      0.4078027010821396
      0.4147423701269377
       0.421684575775453
      0.4286265184121295
       0.435565338035493
      0.4424981148617003
       0.449421870090185
      0.4563335668379297
      0.4632301112478365
      0.4701083537776125
      0.4769650906734342
      0.4837970656334927
       0.490600971665651
      0.4973734531423217
      0.5041111080559564
      0.5108104904770739
      0.5174681132161119
      0.5240804506903438
      0.5306439419951443
      0.5371549941783561
      0.5436099857166766
      0.5500052701906267
      0.5563371801535386
      0.5626020311908014
      0.5687961261631622
      0.5749157596259401
      0.5809572224183495
      0.5869168064115102
      0.5927908094073097
      0.5985755401752187
      0.6042673236162525
       0.609862506040999
      0.6153574605476414
      0.6207485924851674
      0.6260323449868399
      0.6312052045577053
      0.6362637066990158
      0.6412044415527066
      0.6460240595478264
      0.6507192770311835
      0.6552868818632192
      0.6597237389612259
      0.6640267957704907
      0.6681930876452217
       0.672219743120391
      0.6761039890563593
      0.6798431556388128
      0.6834346812150612
      0.6868761169511949
      0.6901651312930879
      0.6932995142155581
      0.6962771812445114
      0.6990961772391109
      0.7017546799196775
      0.7042510031307249
      0.7065835998262896
      0.7087510647693428
      0.7107521369363892
      0.7125857016188015
      0.7142507922157684
      0.7157465917129578
      0.7170724338441106
      0.7182278039318347
      0.7192123394074443
      0.7200258300091115
      0.7206682176602464
      0.7211395960294665
      0.7214402097767835
      0.7215704534903687
       0.721530870319558
      0.7213221503115644
      0.7209451284590234
      0.7204007824680269
      0.7196902302564085
      0.7188147271926311
      0.7177756630869134
      0.7165745589473876
       0.715213063513409
      0.7136929495800198
       0.712016110127995
      0.7101845542732937
      0.7082004030515712
      0.7060658850526371
      0.7037833319204349
      0.7013551737348255
       0.698783934290662
      0.6960722262891499
      0.6932227464595072
      0.6902382706244384
      0.6871216487257233
      0.6838757998263625
      0.6805037071024708
      0.6770084128403201
      0.6733930134533384
      0.6696606545312084
      0.6658145259358206
      0.6618578569553718
      0.6577939115290138
      0.6536259835535113
      0.6493573922811534
      0.6449914778206292
      0.6405315967478415
      0.6359811178363104
      0.6313434179135383
      0.6266218778508377
      0.6218198786915066
      0.6169407979232254
      0.6119880058982565
      0.6069648624049321
      0.6018747133939522
      0.5967208878601106
      0.5915066948822958
      0.5862354208206376
      0.5809103266725931
      0.5755346455861957
      0.5701115805293647
      0.5646443021137267
      0.5591359465716453
      0.5535896138818706
      0.5480083660427829
      0.5423952254885062
      0.5367531736450526
      0.5310851496213024
      0.5253940490323508
      0.5196827229489673
      0.5139539769697781
      0.5082105704105796
      0.5024552156064594
      0.4966905773219072
      0.4909192722631363
      0.4851438686880879
      0.4793668861098468
      0.4735907950867689
      0.4678180170961471
      0.4620509244855005
       0.456291840497087
      0.4505430393609268
       0.444806746451737
      0.4390851385054287
      0.4333803438907243
      0.4276944429319097
      0.4220294682783587
      0.4163874053174018
      0.4107701926263016
      0.4051797224604272
      0.3996178412733386
      0.3940863502663398
      0.3885870059637825
      0.3831215208115283
      0.3776915637955982
      0.3722987610783968
      0.3669446966498844
      0.3616309129914188
      0.3563589117501645
      0.3511301544216571
       0.345946063038876
      0.3408080208655736
      0.3357173730925747
      0.3306754275351559
      0.3256834553300851
      0.3207426916309387
      0.3158543363003633
      0.3110195545980396
       0.306239477863495
      0.3015152041923727
      0.2968477991055318
      0.2922382962099433
      0.2876876978506993
      0.2831969757533417
       0.278767071656184
      0.2743988979313948
      0.2700933381950323
      0.2658512479052896
      0.2616734549483397
        0.25756076021193
      0.2535139381458554
      0.2495337373094828
      0.2456208809061225
      0.2417760673036164
       0.237999970541577
      0.2342932408248216
      0.2306565050030625
      0.2270903670368901
      0.2235954084497769
       0.220172188766507
       0.216821245937724
      0.2135430967508857
      0.2103382372275816
       0.207207143007453
      0.2041502697187163
        0.20116805333546
       0.198260910521976
      0.1954292389640643
      0.1926734176877909
      0.1899938073655915
      0.1873907506100845
      0.1848645722558292
      0.1824155796291288
      0.1800440628061111
      0.1777502948593947
      0.1755345320934739
      0.1733970142690573
      0.1713379648167432
      0.1693575910398762
      0.1674560843072651
      0.1656336202356835
       0.163890358862425
      0.1622264448082418
      0.1606420074308178
      0.1591371609688313
      0.1577120046770263
      0.1563666229525382
      0.1551010854522502
      0.1539154472019454
      0.1528097486969692
      0.1517840159948054
      0.1508382607996346
      0.1499724805391892
       0.149186658433776
      0.1484807635579184
      0.1478547508945583
       0.147308561381925
      0.1468421219534656
      0.1464553455705193
      0.1461481312482058
      0.1459203640745359
       0.145771915222651
      0.1457026419565643
      0.1457123876302338
      0.1458009816802727
      0.1459682396120689
      0.1462139629797417
      0.1465379393595958
      0.1469399423175049
      0.1474197313701092
      0.1479770519396645
      0.1486116353030425
      0.1493231985345845
      0.1501114444429339
       0.150976061501981
      0.1519167237758879
      0.1529330908381943
      0.1540248076852664
      0.1551915046438715
      0.1564327972731702
       0.157748286261033
      0.1591375573148983
      0.1606001810470338
      0.1621357128545924
      0.1637436927943442
      0.1654236454521155
       0.167175079807395
      0.1689974890928653
      0.1708903506493007
      0.1728531257756166
      0.1748852595747352
      0.1769861807950997
      0.1791553016680804
      0.1813920177415454
      0.1836957077099059
      0.1860657332407353
      0.1885014387984038
      0.1910021514647365
      0.1935671807574692
      0.1961958184462741
      0.1988873383671513
      0.2016409962352239
      0.2044560294566862
      0.2073316569398912
      0.2102670789062998
      0.2132614767016356
      0.2163140126076073
      0.2194238296548935
      0.2225900514377038
      0.2258117819304767
      0.2290881053072993
      0.2324180857644182
      0.2358007673466501
      0.2392351737781057
      0.2427203082978492
      0.2462551535009598
      0.2498386711859169
      0.2534698022086172
      0.2571474663436063
      0.2608705621536629
      0.2646379668677189
       0.268448536268225
      0.2723011045882122
      0.2761944844192292
      0.2801274666301544
      0.2840988202982356
      0.2881072926524171
      0.2921516090299754
      0.2962304728468654
      0.3003425655827613
      0.3044865467812754
      0.3086610540658425
       0.312864703172415
      0.3170960879990889
      0.3213537806740701
      0.3256363316417968
      0.3299422697687358
       0.334270102469359
      0.3386183158524945
      0.3429853748898612
      0.3473697236067851
      0.3517697852961184
      0.3561839627565233
      0.3606106385556393
      0.3650481753194131
      0.3694949160484044
      0.3739491844619621
      0.3784092853720463
      0.3828735050869066
      0.3873401118466781
      0.3918073562916768
      0.3962734719649927
      0.4007366758508549
      0.4051951689499332
      0.4096471368934532
      0.4140907505977452
      0.4185241669607299
        0.42294552960216
      0.4273529696495917
      0.4317446065712798
      0.4361185490589137
      0.4404728959609255
      0.4448057372690176
      0.4491151551592256
      0.4533992250897858
      0.4576560169573878
      0.4618835963127831
      0.4660800256388658
      0.4702433656906338
       0.474371676900009
      0.4784630208457902
      0.4825154617890842
      0.4865270682755723
      0.4904959148045948
      0.4944200835646507
      0.4982976662349412
      0.5021267658525637
      0.5059054987433638
      0.5096319965144989
      0.5133044081076135
      0.5169209019083629
      0.5204796679096929
      0.5239789199246008
      0.5274168978439898
      0.5307918699343267
      0.5341021351693661
       0.537346025589752
      0.5405219086827775
      0.5436281897761481
      0.5466633144356785
      0.5496257708598428
       0.552514092261735
      0.5553268592276925
      0.5580627020440927
      0.5607203029804642
      0.5632983985190249
      0.5657957815201766
      0.5682113033110398
      0.5705438756881215
      0.5727924728214446
      0.5749561330499851
      0.5770339605566486
      0.5790251269135578
      0.5809288724868719
       0.582744507691177
      0.5844714140853547
      0.5861090453010692
      0.5876569277960834
      0.5891146614265843
       0.590481919832535
      0.5917584506304839
      0.5929440754116387
      0.5940386895419367
      0.5950422617630724
       0.595954833594043
      0.5967765185356109
      0.5975075010790021
      0.5981480355227758
      0.5986984446037596
      0.5991591179474776
      0.5995305103455648
      0.5998131398695061
      0.6000075858296189
      0.6001144865904221
      0.6001345372538728
      0.6000684872233458
        0.59991713766111
      0.5996813388539277
      0.5993619875004138
      0.5989600239355319
      0.5984764293072674
      0.5979122227211747
       0.597268458367274
      0.5965462226455033
       0.595746631304264
      0.5948708266069438
      0.5939199745409053
      0.5928952620823769
      0.5917978945306575
      0.5906290929232277
      0.5893900915445649
      0.5880821355380328
      0.5867064786305054
      0.5852643809794956
      0.5837571071482498
      0.5821859242170001
      0.5805521000339515
       0.578856901610999
       0.577101593667138
      0.5752874373197694
      0.5734156889263065
      0.5714875990744148
      0.5695044117190035
      0.5674673634645746
      0.5653776829880167
      0.5632365905982372
      0.5610452979266143
      0.5588050077431223
      0.5565169138901032
      0.5541822013279479
      0.5518020462834968
      0.5493776164935062
      0.5469100715351323
      0.5444005632330415
      0.5418502361359795
      0.5392602280528783
      0.5366316706389241
       0.533965690023131
      0.5312634074691102
      0.5285259400589845
      0.5257544013930598
      0.5229499022968157
      0.5201135515271966
      0.5172464564714612
      0.5143497238309248
      0.5114244602837049
      0.5084717731205433
      0.5054927708478189
      0.5024885637529489
      0.4994602644284888
      0.4964089882502988
      0.4933358538066894
       0.490241983276134
      0.4871285027507398
       0.483996542504733
       0.480847237205635
      0.4776817260679141
       0.474501152948912
      0.4713066663870803
      0.4680994195830409
      0.4648805703240714
      0.4616512808541048
      0.4584127176898431
      0.4551660513854542
      0.4519124562476718
      0.4486531100039259
      0.4453891934256121
      0.4421218899097077
      0.4388523850208533
      0.4355818659975217
      0.4323115212249979
      0.4290425396781533
      0.4257761103371104
      0.4225134215793794
      0.4192556605507011
      0.4160040125185555
      0.4127596602109723
      0.4095237831432279
      0.4062975569363603
      0.4030821526289782
      0.3998787359863779
      0.3966884668084472
      0.3935124982397131
      0.3903519760831838
      0.3872080381206991
      0.3840818134418475
      0.3809744217829114
      0.3778869728781804
      0.3748205658252962
      0.3717762884655316
      0.3687552167813003
      0.3657584143113394
       0.362786931585274
      0.3598418055780538
      0.3569240591854273
      0.3540347007211999
      0.3511747234365674
      0.3483451050621403
      0.3455468073734535
      0.3427807757793178
      0.3400479389342317
      0.3373492083739031
      0.3346854781747378
      0.3320576246365466
      0.3294665059887593
      0.3269129621193982
      0.3243978143269079
      0.3219218650942813
       0.319485897885127
      0.3170906769609502
      0.3147369472193436
      0.3124254340526496
      0.3101568432258259
      0.3079318607737753
      0.3057511529166503
      0.3036153659929676
      0.3015251264097142
        0.29948104060842
      0.2974836950467543
      0.2955336561951213
      0.2936314705466149
      0.2917776646407786
       0.289972745099498
      0.2882171986744522
      0.2865114923059178
      0.2848560731915299
      0.2832513688645015
      0.2816977872808821
      0.2801957169146139
      0.2787455268599945
      0.2773475669411598
      0.2760021678272681
      0.2747096411533124
      0.2734702796456586
      0.2722843572517903
      0.2711521292736476
      0.2700738325040412
      0.2690496853655679
      0.2680798880513744
      0.2671646226675413
      0.2663040533763757
      0.2654983265402466
      0.2647475708653367
      0.2640518975452081
      0.2634114004035241
      0.2628261560355698
      0.2622962239482948
      0.2618216466985337
      0.2614024500287727
       0.261038643000638
      0.2607302181255238
      0.2604771514919098
      0.2602794028894667
      0.2601369159295525
      0.2600496181616327
      0.2600174211858791
      0.2600402207612683
      0.2601178969092077
      0.2602503140124732
      0.2604373209094464
      0.2606787509830669
      0.2609744222449775
      0.2613241374138552
      0.2617276839889047
      0.2621848343175117
      0.2626953456571391
      0.2632589602318632
      0.2638754052828032
      0.2645443931126901
      0.2652656211247208
      0.2660387718552543
      0.2668635130003717
      0.2677394974365875
      0.2686663632352213
      0.2696437336711375
      0.2706712172246286
      0.2717484075780006
      0.2728748836055028
      0.2740502093576673
      0.2752739340392719
      0.2765455919817124
      0.2778647026093458
      0.2792307704002757
      0.2806432848413106
      0.2821017203777392
        0.28360553635747
      0.2851541769701924
      0.2867470711816498
      0.2883836326631936
      0.2900632597167049
      0.2917853351954867
      0.2935492264214185
      0.2953542850982845
       0.297199847222236
      0.2990852329893636
      0.3010097467010995
      0.3029726766676742
      0.3049732951105154
      0.3070108580636651
      0.3090846052754188
      0.3111937601103159
      0.3133375294525383
      0.3155151036113968
      0.3177256562295022
      0.3199683441947391
      0.3222423075570734
      0.3245466694506507
      0.3268805360228731
      0.3292429963710234
      0.3316331224876176
      0.3340499692163355
      0.3364925742187928
      0.3389599579542943
      0.3414511236735229
      0.3439650574277063
      0.3465007280946952
      0.3490570874237302
      0.3516330701002484
      0.3542275938321587
      0.3568395594600254
      0.3594678510920701
      0.3621113362662214
      0.3647688661409993
      0.3674392757168604
      0.3701213840900936
      0.3728139947411517
      0.3755158958589901
      0.3782258607037575
      0.3809426480096187
      0.3836650024291374
      0.3863916550219357
       0.389121323788667
      0.3918527142526319
      0.3945845200905039
      0.3973154238138061
       0.400044097502941
      0.4027692035951276
      0.4054893957274965
      0.4082033196370803
      0.4109096141180483
      0.4136069120378439
      0.4162938414127718
      0.4189690265434107
      0.4216310892102882
      0.4242786499304252
       0.426910329273811
      0.4295247492402834
      0.4321205346952866
      0.4346963148644412
      0.4372507248847423
      0.4397824074112397
      0.4422900142771467
      0.4447722082046277
      0.4472276645641989
      0.4496550731786322
      0.4520531401681711
      0.4544205898333692
      0.4567561665704991
      0.4590586368148378
       0.461326791006664
      0.4635594455735792
      0.4657554449239028
      0.4679136634435117
      0.4700330074898615
      0.4721124173751526
      0.4741508693311575
      0.4761473774478295
      0.4781009955767287
      0.4800108191904715
      0.4818759871903399
      0.4836956836516099
      0.4854691394980943
      0.4871956340964568
      0.4888744967602653
       0.490505108156287
      0.4920869016013737
      0.4936193642426858
      0.4951020381119214
      0.4965345210447755
      0.4979164674582542
       0.499247588977635
      0.5005276549059093
      0.5017564925300751
      0.5029339872577019
      0.5040600825796021
      0.5051347798531576
      0.5061581379043344
      0.5071302724457615
      0.5080513553090723
      0.5089216134915771
      0.5097413280178198
      0.5105108326183543
      0.5112305122287005
        0.51190080131204
      0.5125221820115253
      0.5130951821386007
      0.5136203730048968
      0.5140983671059356
      0.5145298156664991
      0.5149154060591002
      0.5152558591056094
      0.5155519262760405
      0.5158043867964962
      0.5160140446811067
       0.516181725702172
      0.5163082743132686
      0.5163945505410089
      0.5164414268612953
      0.5164497850758389
      0.5164205132045347
      0.5163545024100823
      0.5162526439699537
      0.5161158263116381
      0.5159449321252588
      0.5157408355687824
      0.5155043995789258
      0.5152364733011644
      0.5149378896504617
      0.5146094630139919
      0.5142519871071644
      0.5138662329899765
      0.5134529472532824
      0.5130128503815001
      0.5125466352969833
       0.512054966090544
      0.5115384769411907
      0.5109977712275277
      0.5104334208301661
      0.5098459656258778
      0.5092359131713862
      0.5086037385727229
       0.507949884537782
       0.507274761606278
      0.5065787485505259
       0.505862192940743
      0.5051254118675492
      0.5043686928117892
      0.5035922946535537
      0.5027964488108085
      0.5019813604962632
      0.5011472100835772
       0.500294154570053
      0.4994223291265675
      0.4985318487224594
      0.4976228098142154
      0.4966952920872788
      0.4957493602397115
      0.4947850657960399
      0.4938024489425757
      0.4928015403715209
      0.4917823631262195
      0.4907449344370233
      0.4896892675384413
      0.4886153734598855
      0.4875232627820318
      0.4864129473511544
      0.4852844419442109
      0.4841377658800555
      0.4829729445695999
       0.481790011000646
      0.4805890071531485
      0.4793699853412936
      0.4781330094785156
      0.4768781562636741
      0.4756055162859331
      0.4743151950469613
      0.4730073138992668
      0.4716820109006524
      0.4703394415839194
      0.4689797796429112
      0.4676032175353043
      0.4662099670029573
      0.4648002595121972
      0.4633743466141709
      0.4619325002289302
      0.4604750128543105
      0.4590021977024238
      0.4575143887662953
      0.4560119408193444
       0.454495229350577
      0.4529646504384423
      0.4514206205663056
      0.4498635763825882
      0.4482939744090013
      0.4467122906992674
      0.4451190204524536
       0.443514677582815
      0.4418997942503521
      0.4402749203540945
       0.438640622992014
      0.4369974858897052
      0.4353461088007268
      0.4336871068820897
      0.4320211100464856
      0.4303487622943805
      0.4286707210286888
      0.4269876563536317
      0.4253002503606893
      0.4236091964036332
      0.4219151983645322
      0.4202189699129097
      0.4185212337598972
      0.4168227209089306
      0.4151241699050824
      0.4134263260841592
      0.4117299408233708
       0.410035770794882
      0.4083445772236768
      0.4066571251506264
      0.4049741827024058
       0.403296520369097
      0.4016249102903192
      0.3999601255510574
      0.3983029394881996
      0.3966541250080079
      0.3950144539158114
      0.3933846962583747
      0.3917656196793797
      0.3901579887889138
      0.3885625645470435
      0.3869801036622318
      0.3854113580047738
      0.3838570740357807
      0.3823179922515744
      0.3807948466443289
      0.3792883641784029
      0.3777992642833707
      0.3763282583630143
      0.3748760493209768
      0.3734433311025575
       0.372030788253032
      0.3706390954924245
      0.3692689173063397
      0.3679209075527144
      0.3665957090849172
      0.3652939533901631
      0.3640162602436069
      0.3627632373776731
      0.3615354801661088
      0.3603335713227979
      0.3591580806146753
      0.3580095645886209
      0.3568885663118466
      0.3557956151249618
      0.3547312264082337
      0.3536959013594199
      0.3526901267837289
      0.3517143748947232
      0.3507691031260337
      0.3498547539531772
      0.3489717547252237
      0.3481205175053813
      0.3473014389205729
      0.3465149000186996
      0.3457612661337957
      0.3450408867579996
      0.3443540954199298
      0.3437012095694484
       0.343082530467285
      0.3424983430797705
      0.3419489159781917
       0.341434501241587
      0.3409553343631825
      0.3405116341598284
      0.3401036026836163
       0.339731425135977
      0.3393952697830043
      0.3390952878723231
      0.3388316135510282
      0.3386043637839725
      0.3384136382724759
       0.338259519373564
      0.3381420720184922
      0.3380613436314808
      0.3380173640480236
      0.3380101454325232
      0.3380396821954322
      0.3381059509100117
      0.3382089102283958
      0.3383485007974517
      0.3385246451738974
      0.3387372477399645
      0.3389861946183429
      0.3392713535882424
      0.3395925740017022
      0.3399496867010537
      0.3403425039381328
      0.3407708192953346
      0.3412344076091451
      0.3417330248971084
      0.3422664082885064
      0.3428342759594769
      0.3434363270732455
      0.3440722417269187
      0.3447416809043602
       0.345444286437387
      0.3461796809752964
       0.346947467963639
      0.3477472316339243
      0.3485785370040784
      0.3494409298917143
      0.3503339369404971
      0.3512570656606703
      0.3522098044854494
      0.3531916228430352
      0.3542019712467332
      0.3552402814030189
      0.3563059663393466
