                       0
   4.996626666679432e-05
   0.0001997269431938013
   0.0004490676792340718
   0.0007977646046807899
    0.001245584370891708
     0.00179228419249882
    0.002437611889634607
    0.003181305930334472
    0.004023095472782292
    0.004962700407095906
    0.005999831396237102
    0.007134189915596901
    0.008365468290777285
     0.00969334973314416
     0.01111750837229107
     0.01263760928528743
     0.01425330852162977
     0.01596425312338188
     0.01777008114000244
     0.01967042163675797
     0.02166489469595753
     0.02375311141099316
     0.02593467387103798
      0.0282091751368926
     0.03057619920603537
      0.0330353209668234
     0.03558610614039679
     0.03822811120942626
     0.04096088333339769
     0.04378396024853728
     0.04669687015199026
     0.04969913156948359
     0.05279025320492543
     0.05596973377158634
     0.05923706180347812
     0.06259171544622288
     0.06603316222656086
      0.0695608587993687
     0.07317425067104201
     0.07687277189943836
     0.08065584476768183
     0.08452287943314218
     0.08847327354902625
     0.09250641185852426
     0.09662166576058316
      0.1008183928475803
      0.1050959364118367
       0.109453624923439
      0.1138907714759446
      0.1184066732020867
      0.1230006106556005
      0.1276718471635827
      0.1324196281441473
      0.1372431803929753
       0.142141711335025
      0.1471144082454461
      0.1521604374367833
      0.1572789434125265
      0.1624690479901419
      0.1677298493903534
      0.1730604212937046
      0.1784598118698308
      0.1839270427719856
      0.1894611081061441
      0.1950609733673612
      0.2007255743530953
      0.2064538160469332
       0.212244571480822
      0.2180966805727451
      0.2240089489446341
      0.2299801467195795
      0.2360090073052255
      0.2420942261617933
      0.2482344595574978
      0.2544283233192882
      0.2606743915734448
       0.266971195487154
      0.2733172220147912
       0.279710912641619
      0.2861506621455207
      0.2926348173683367
      0.2991616760057439
      0.3057294854250663
      0.3123364415053389
      0.3189806875149822
      0.3256603130274576
       0.332373352884893
      0.3391177862107166
      0.3458915354768047
      0.3526924656406977
      0.3595183833499413
      0.3663670362232134
      0.3732361122151124
      0.3801232390764853
      0.3870259839055525
      0.3939418528155081
      0.4008682907012853
      0.4078026811387879
      0.4147423464048864
      0.4216845476340635
      0.4286264851171757
      0.4355652987478587
      0.4424980686248332
      0.4494218158174021
      0.4563335032976399
      0.4632300370518649
      0.4701082673640787
      0.4769649902909621
      0.4837969493260561
      0.4906008372549455
      0.4973732982129769
      0.5041109299395438
      0.5108102862357822
      0.5174678796312493
      0.5240801842477858
      0.5306436388733783
      0.5371546502435298
      0.5436095965189952
      0.5500048309598449
      0.5563366858069609
      0.5626014763454946
      0.5687955051485307
      0.5749150665152944
      0.5809564510581765
      0.5869159504702716
       0.592789862426369
      0.5985744956391924
      0.6042661750364657
      0.6098612470510952
       0.615356085014323
       0.620747094638203
      0.6260307195666441
      0.6312034469792853
      0.6362618132368574
        0.64120240954403
      0.6460218876166195
      0.6507169653308508
      0.6552844323401852
      0.6597211556329282
      0.6640240850227579
      0.6681902585445694
      0.6722168077402381
      0.6761009628160526
      0.6798400576427264
      0.6834315346042237
      0.6868729492527075
      0.6901619747637685
      0.6932964061758518
      0.6962741644038623
      0.6990932999959588
      0.7017519966409315
      0.7042485743888245
      0.7065814926081913
      0.7087493526401123
      0.7107509001451509
      0.7125850271524631
      0.7142507737869785
      0.7157473296820366
      0.7170740350605507
      0.7182303815023657
       0.719216012378141
      0.7200307229638455
      0.7206744602249661
      0.7211473222931856
      0.7214495576212119
      0.7215815638296366
      0.7215438862555094
      0.7213372162025091
      0.7209623889145915
      0.7204203812720114
      0.7197123092228301
      0.7188394249662241
      0.7178031139008921
      0.7166048913392314
      0.7152463990202461
      0.7137294014227642
      0.7120557818938008
      0.7102275386128115
      0.7082467804037402
      0.7061157224111034
      0.7038366816581774
      0.7014120724944455
      0.6988444019515033
      0.6961362650384287
      0.6932903399578878
      0.6903093832893972
      0.6871962251476531
       0.683953764306407
      0.6805849633335811
      0.6770928437360907
      0.6734804811179858
      0.6697510003870898
      0.6659075709963103
       0.661953402249842
      0.6578917386742067
      0.6537258554638714
      0.6494590540244646
      0.6450946575955521
      0.6406360069889792
      0.6360864564276236
      0.6314493695080806
      0.6267281152773457
      0.6219260644436474
      0.6170465857114692
      0.6120930422565324
      0.6070687883411783
      0.6019771660615953
      0.5968215022497981
       0.591605105507239
      0.5863312633987642
      0.5810032397785312
      0.5756242722673373
      0.5701975698773242
       0.564726310783076
      0.5592136402226349
      0.5536626685582461
      0.5480764694610192
      0.5424580782425628
      0.5368104903104566
      0.5311366597702308
      0.5254394981365272
      0.5197218731832746
      0.5139866079048143
      0.5082364796021592
      0.5024742190775749
      0.4967025099335948
      0.4909239879837775
      0.4851412407652119
      0.4793568071324786
      0.4735731769619883
      0.4677927909298398
      0.4620180403776444
      0.4562512672557799
       0.450494764140353
      0.4447507743200331
      0.4390214919473432
      0.4333090622518346
      0.4276155818082595
      0.4219430988619699
      0.4162936136981704
      0.4106690790622658
      0.4050714006140223
      0.3995024374275395
       0.393964002520245
      0.3884578634160109
      0.3829857427351029
      0.3775493188087783
      0.3721502263155136
      0.3667900569380961
      0.3614703600366904
      0.3561926433334647
       0.350958373611749
      0.3457689774209857
       0.340625841793582
      0.3355303149629121
      0.3304837070858325
      0.3254872909661591
      0.3205423027783734
       0.315649942789132
      0.3108113760765081
      0.3060277332423041
       0.301300111120463
      0.2966295734780418
       0.292017151707911
       0.287463845512846
      0.2829706235804235
      0.2785384242434354
      0.2741681561350903
      0.2698606988283876
      0.2656169034619291
      0.2614375933571317
      0.2573235646166297
       0.253275586713724
      0.2492944030653405
      0.2453807315888398
      0.2415352652486984
      0.2377586725847233
      0.2340515982272129
      0.2304146633969969
      0.2268484663889314
      0.2233535830435467
      0.2199305672002697
      0.2165799511383737
      0.2133022460017543
       0.210097942209959
      0.2069675098538189
      0.2039113990767868
      0.2009300404430998
      0.1980238452898287
      0.1951932060678119
      0.1924384966660679
       0.189760072725041
      0.1871582719361563
      0.1846334143277026
      0.1821858025382589
      0.1798157220786731
      0.1775234415808507
      0.1753092130350842
      0.1731732720162689
      0.1711158378962385
      0.1691371140492114
       0.167237288042994
      0.1654165318205806
      0.1636750018725885
      0.1620128393976799
      0.1604301704534787
      0.1589271060998338
      0.1575037425311556
      0.1561601611980829
      0.1548964289244651
      0.1537125980110778
       0.152608706333535
      0.1515847774313315
      0.1506408205888191
       0.149776830907042
      0.1489927893698432
       0.148288662900656
      0.1476644044122131
      0.1471199528502722
      0.1466552332271217
      0.1462701566517655
      0.1459646203505961
      0.1457385076812439
      0.1455916881415061
      0.1455240173695666
      0.1455353371392829
      0.1456254753470804
      0.1457942459950113
      0.1460414491646402
      0.1463668709875847
      0.1467702836074759
      0.1472514451352387
      0.1478100996021136
      0.1484459769024174
       0.149158792731991
      0.1499482485210458
      0.1508140313602091
      0.1517558139208043
      0.1527732543708703
      0.1538659962823455
       0.155033668535653
      0.1562758852163525
      0.1575922455077592
      0.1589823335763652
      0.1604457184544333
      0.1619819539142337
      0.1635905783384561
      0.1652711145869414
      0.1670230698555913
        0.16884593553258
      0.1707391870478573
      0.1727022837220081
      0.1747346686063148
       0.176835768320494
      0.1790049928872185
      0.1812417355630326
      0.1835453726647928
      0.1859152633940936
       0.188350749657716
      0.1908511558884697
      0.1934157888597099
      0.1960439375025649
      0.1987348727192723
      0.2014878471982386
      0.2043020952253405
      0.2071768324988704
      0.2101112559437252
       0.213104543526951
      0.2161558540769527
      0.2192643271030088
      0.2224290826196016
      0.2256492209745561
      0.2289238226810169
      0.2322519482572192
      0.2356326380701732
      0.2390649121872045
      0.2425477702351271
      0.2460801912701587
      0.2496611336542715
      0.2532895349440853
      0.2569643117933559
      0.2606843598625951
      0.2644485537465679
      0.2682557469135317
      0.2721047716631389
      0.2759944390962748
      0.2799235391073585
      0.2838908403893157
      0.2878950904625819
      0.2919350157215626
      0.2960093215051747
      0.3001166921872416
      0.3042557912897594
      0.3084252616236486
      0.3126237254506737
      0.3168497846754495
       0.321102021058232
      0.3253789964622792
      0.3296792531249193
      0.3340013139560071
      0.3383436828733383
      0.3427048451598974
      0.3470832678553911
      0.3514774001803724
      0.3558856739878026
      0.3603065042495269
      0.3647382895717445
      0.3691794127427418
      0.3736282413159928
      0.3780831282165861
      0.3825424123871246
      0.3870044194586425
      0.3914674624545327
      0.3959298425228802
      0.4003898496958158
      0.4048457636800454
       0.409295854672877
      0.4137383842019162
      0.4181716059913418
       0.422593766850518
      0.4270031075817671
      0.4313978639147359
      0.4357762674495106
      0.4401365466238679
      0.4444769276906813
       0.448795635711901
      0.4530908955600401
      0.4573609329261341
      0.4616039753454111
      0.4658182532118343
      0.4700020008114304
      0.4741534573456225
      0.4782708679539235
      0.4823524847420333
      0.4863965678002412
      0.4904013862132933
      0.4943652190679675
      0.4982863564519079
      0.5021631004374782
      0.5059937660587845
      0.5097766822831108
      0.5135101929589171
      0.5171926577611466
      0.5208224531223621
      0.5243979731541163
      0.5279176305551964
      0.5313798575135728
      0.5347831065968196
      0.5381258516351295
      0.5414065886056253
      0.5446238364990741
      0.5477761382032408
      0.5508620613756824
      0.5538801993161268
       0.556829171855844
      0.5597076262442934
      0.5625142380537504
      0.5652477120967243
      0.5679067833464847
      0.5704902178955678
      0.5729968139167494
      0.5754254026536989
      0.5777748494295475
      0.5800440546901466
      0.5822319550615855
      0.5843375244353022
      0.5863597750844468
      0.5882977587989954
      0.5901505680459064
      0.5919173371565603
      0.5935972435288763
      0.5951895088407932
       0.596693400291161
      0.5981082318383929
      0.5994333654467945
      0.6006682123303848
      0.6018122341984969
      0.6028649444728257
      0.6038259094946425
      0.6046947497061577
       0.605471140789349
      0.6061548147643113
      0.6067455610410828
      0.6072432274034639
      0.6076477209303069
      0.6079590088392841
       0.608177119246418
      0.6083021418302647
      0.6083342283999075
      0.6082735933471153
      0.6081205139915484
      0.6078753308024322
      0.6075384474941232
      0.6071103309815502
      0.6065915112118391
      0.6059825808472923
      0.6052841948086344
       0.604497069676378
      0.6036219829421423
       0.602659772120251
      0.6016113337110388
      0.6004776220330409
      0.5992596479048269
      0.5979584771990585
      0.5965752292738774
      0.5951110752657451
      0.5935672362842107
      0.5919449814824287
      0.5902456260408667
      0.5884705290531407
      0.5866210913228322
       0.584698753105609
      0.5827049917736886
      0.5806413194341427
      0.5785092805144008
       0.576310449305894
      0.5740464274977585
       0.571718841697153
      0.5693293409596571
      0.5668795943233367
      0.5643712883795079
      0.5618061248631406
      0.5591858182941348
      0.5565120936706617
      0.5537866842122836
      0.5510113291851657
      0.5481877717904383
      0.5453177571298874
      0.5424030302677246
      0.5394453343800512
       0.536446408988508
      0.5334079883025391
       0.530331799656938
      0.5272195620484538
       0.524072984780766
      0.5208937662045405
      0.5176835925675812
      0.5144441369613144
      0.5111770583662365
      0.5078840007968454
      0.5045665925462776
      0.5012264455126687
      0.4978651546197078
      0.4944842973238445
      0.4910854331966614
      0.4876701035910807
      0.4842398313668115
      0.4807961206925515
      0.4773404569081207
      0.4738743064417911
      0.4703991167792878
      0.4669163164796999
      0.4634273152380859
      0.4599335039774489
       0.456436254979843
      0.4529369220435399
       0.449436840664478
      0.4459373282354364
      0.4424396842639991
      0.4389451905975148
      0.4354551116627356
      0.4319706947073373
      0.4284931700422431
      0.4250237512850322
      0.4215636356027695
      0.4181140039424232
      0.4146760212630483
      0.4112508367511882
      0.4078395840277127
      0.4044433813476031
      0.4010633317772188
      0.3977005233681455
      0.3943560293072796
      0.3910309080592005
      0.3877262034869969
       0.384442944963131
      0.3811821474617428
      0.3779448116334763
      0.3747319238702015
      0.3715444563531504
      0.3683833670825704
      0.3652495999017843
      0.3621440845000694
      0.3590677364087482
      0.3560214569814578
      0.3530061333670436
      0.3500226384707968
      0.3470718309044419
      0.3441545549305312
       0.341271640400393
      0.3384239026784993
       0.335612142570305
      0.3328371462355446
      0.3300996851058295
      0.3274005157920431
      0.3247403799927016
      0.3221200043969327
      0.3195401005905352
      0.3170013649577966
      0.3145044785846478
      0.3120501071606384
        0.30963890088401
      0.3072714943678176
      0.3049485065441795
       0.302670540578432
      0.3004381837776824
      0.2982520075090933
       0.296112567117379
      0.2940204018459816
      0.2919760347643684
      0.2899799726990653
      0.2880327061633333
      0.2861347093010044
      0.2842864398243686
      0.2824883389621213
      0.2807408314134194
      0.2790443252996074
      0.2773992121250408
      0.2758058667431145
      0.2742646473211319
      0.2727758953149785
      0.2713399354471241
      0.2699570756837542
      0.2686276072214213
      0.2673518044741746
      0.2661299250653568
      0.2649622098225665
      0.2638488827764465
      0.2627901511613261
       0.261786205419252
      0.2608372192086167
      0.2599433494128855
      0.2591047361527192
      0.2583215028002493
      0.2575937559971064
      0.2569215856725901
      0.2563050650641158
      0.2557442507404626
       0.255239182625747
      0.2547898840240396
      0.2543963616491735
      0.2540586056520746
      0.2537765896495587
      0.2535502707578303
      0.2533795896244188
      0.2532644704606125
      0.2532048210789362
      0.2532005329265735
      0.2532514811237173
      0.2533575245024165
      0.2535185056471237
      0.2537342509333176
      0.2540045705725422
      0.2543292586528403
      0.2547080931894211
      0.2551408361674801
      0.2556272335919551
      0.2561670155408124
      0.2567598962152432
      0.2574055739966448
        0.25810373150566
      0.2588540356606152
      0.2596561377411609
       0.260509673457006
      0.2614142630165623
      0.2623695112026846
      0.2633750074451161
      0.2644303259098609
      0.2655350255788613
      0.2666886503447425
      0.2678907291036828
      0.2691407758590491
      0.2704382898262408
      0.2717827555459584
      0.2731736430007478
      0.2746104077415372
       0.276092491015623
      0.2776193199069446
      0.2791903074800418
      0.2808048529310568
       0.282462341746089
      0.2841621458691861
      0.2859036238772502
      0.2876861211587018
      0.2895089701068566
      0.2913714903157861
      0.2932729887868353
      0.2952127601412096
      0.2971900868437815
      0.2992042394303437
      0.3012544767479304
      0.3033400461978755
      0.3054601839896973
      0.3076141154008616
      0.3098010550426851
      0.3120202071362786
      0.3142707657929869
      0.3165519152986133
      0.3188628304084045
       0.321202676641512
      0.3235706105842027
       0.325965780198701
      0.3283873251286391
      0.3308343770150042
      0.3333060598105044
       0.335801490095895
      0.3383197773986062
      0.3408600245120457
      0.3434213278114399
      0.3460027775692082
      0.3486034582732365
      0.3512224489343479
      0.3538588233957629
      0.3565116506363605
      0.3591799950671549
      0.3618629168241052
      0.3645594720521342
      0.3672687131798306
      0.3699896891898196
      0.3727214458760819
      0.3754630260894621
       0.378213469979435
      0.3809718152158357
       0.383737097203543
      0.3865083492816369
      0.3892846029091999
      0.3920648878393822
      0.3948482322766884
       0.397633663018926
      0.4004202055877643
      0.4032068843374945
      0.4059927225550571
      0.4087767425404371
      0.4115579656709081
      0.4143354124516359
      0.4171081025536689
      0.4198750548309533
      0.4226352873289544
      0.4253878172754996
      0.4281316610637749
      0.4308658342170962
      0.4335893513493177
      0.4363012261126919
      0.4390004711380441
      0.4416860979721018
      0.4443571170027693
      0.4470125373895981
      0.4496513669937287
      0.4522726123054161
      0.4548752783794674
      0.4574583687782747
      0.4600208855235992
      0.4625618290675689
      0.4650801982732681
      0.4675749904220909
      0.4700452012406496
      0.4724898249593834
      0.4749078544038634
      0.4772982811155201
      0.4796600955172008
       0.481992287128193
      0.4842938448140794
      0.4865637570986597
      0.4888010125288152
       0.491004600097019
      0.4931735097382624
      0.4953067328737023
      0.4974032630425806
      0.4994620966009139
      0.5014822334935514
      0.5034626781083236
      0.5054024402047834
      0.5073005359242794
      0.5091559888878909
      0.5109678313667012
       0.512735105537952
       0.514456864812471
      0.5161321752518176
      0.5177601170536265
      0.5193397861015373
       0.520870295589188
      0.5223507777030325
      0.5237803853648743
      0.5251582940174186
      0.5264837034504732
      0.5277558396667502
      0.5289739567697024
      0.5301373388660225
      0.5312453019710739
      0.5322971959142501
      0.5332924062291535
      0.5342303560066131
      0.5351105077217256
      0.5359323650005655
      0.5366954743324029
      0.5373994267039385
      0.5380438591459741
      0.5386284561892798
       0.539152951211375
       0.539617127663663
      0.5400208201701511
      0.5403639154925994
      0.5406463533470229
      0.5408681270705438
      0.5410292841241061
      0.5411299264376714
      0.5411702105787304
      0.5411503477530097
       0.541070603625169
      0.5409312979689104
      0.5407328041435946
      0.5404755483820679
      0.5401600089253168
      0.5397867149818749
      0.5393562455222296
      0.5388692279197401
      0.5383263364427072
      0.5377282906081243
      0.5370758533956115
      0.5363698293512358
      0.5356110625732887
      0.5348004345937177
      0.5339388621863416
      0.5330272950879934
      0.5320667136564903
      0.5310581264858177
      0.5300025679834328
      0.5289010959130934
      0.5277547889378565
      0.5265647441614961
      0.5253320746755101
      0.5240579071436112
      0.5227433794071451
      0.5213896381550016
      0.5199978366361671
      0.5185691324442978
      0.5171046853795807
      0.5156056553905061
      0.5140732006013196
      0.5125084754496319
      0.5109126289057917
      0.5092868028200103
      0.5076321303622974
      0.5059497345781249
       0.504240727065991
      0.5025062067672954
      0.5007472588670308
      0.4989649538141264
      0.4971603464641231
      0.4953344753201948
      0.4934883618942036
      0.4916230101778076
      0.4897394062144923
      0.4878385177696482
      0.4859212941054202
      0.4839886658429192
      0.4820415449126582
      0.4800808245884949
      0.4781073796004993
      0.4761220663148957
      0.4741257229881989
       0.472119170076777
      0.4701032106034584
      0.4680786305788154
       0.466046199456339
      0.4640066706427931
      0.4619607820291108
      0.4599092565568486
      0.4578528028081987
      0.4557921156147672
      0.4537278766819351
      0.4516607552234946
       0.449591408602654
      0.4475204829760128
      0.4454486139377081
      0.4433764271545906
      0.4413045390007918
      0.4392335571724899
      0.4371640812997187
      0.4350967035331743
      0.4330320091211853
      0.4309705769587762
      0.4289129801190379
      0.4268597863643458
      0.4248115586236272
      0.4227688554515397
       0.420732231459569
      0.4187022377138399
      0.4166794221108038
      0.4146643297207215
      0.4126575031013382
       0.410659482583296
      0.4086708065250242
      0.4066920115370755
      0.4047236326788096
      0.4027662036229639
      0.4008202567937276
      0.3988863234750807
      0.3969649338910963
      0.3950566172572046
      0.3931619018079324
      0.3912813147955893
      0.3894153824634985
      0.3875646299963672
      0.3857295814475106
      0.3839107596385031
      0.3821086860432431
      0.3803238806469784
      0.3785568617861417
      0.3768081459710189
      0.3750782476873809
      0.3733676791843044
      0.3716769502449004
      0.3700065679420103
      0.3683570363795152
      0.3667288564235986
      0.3651225254192054
      0.3635385369010263
      0.3619773802878353
      0.3604395405755595
      0.3589254980173744
      0.3574357278023234
       0.355970699726776
      0.3545308778588662
       0.353116720202946
      0.3517286783638954
       0.350367197203947
      0.3490327145047543
      0.3477256606270782
      0.3464464581713368
      0.3451955216440046
       0.343973257122807
      0.3427800619297883
      0.3416163243056665
      0.3404824230899677
      0.3393787274129321
      0.3383055963847595
      0.3372633788017909
      0.3362524128538217
      0.3352730258447695
      0.3343255339200197
      0.3334102418066199
      0.3325274425606734
      0.3316774173298022
      0.3308604351213988
      0.3300767525892479
      0.3293266138276422
      0.3286102501811531
      0.3279278800688308
      0.3272797088146262
      0.3266659285004782
      0.3260867178299806
      0.3255422420024947
      0.3250326526083248
      0.3245580875345928
      0.3241186708850949
      0.3237145129198694
      0.3233457100022479
      0.3230123445695841
      0.3227144851131897
      0.3224521861732395
      0.3222254883524991
      0.3220344183448232
      0.3218789889717556
       0.321759199244898
      0.3216750344341677
      0.3216264661528459
      0.3216134524587557
      0.3216359379691126
      0.3216938539869766
      0.3217871186431187
      0.3219156370478333
      0.3220793014619183
      0.3222779914687672
      0.3225115741716139
       0.322779904389421
      0.3230828248706417
      0.3234201665163418
      0.3237917486084673
      0.3241973790500535
      0.3246368546148629
      0.3251099611995893
      0.3256164740844876
      0.3261561582003443
      0.3267287684024843
      0.3273340497399898
       0.327971737739617
       0.328641558681995
      0.3293432298821665
      0.3300764599734994
      0.3308409491831101
      0.3316363896131484
      0.3324624655125759
      0.3333188535474858
      0.3342052230682047
      0.3351212363624599
      0.3360665489116939
      0.3370408096281529
      0.3380436610901266
      0.3390747397618701
