                       0
   1.382403336699982e-05
   5.538339079406215e-05
   0.0001248437713186787
   0.0002223169982733557
   0.0003478623785597231
   0.0005014889289906109
   0.0006831583907150043
   0.0008927889278151625
    0.001130259386032919
    0.001395413972351195
    0.001688067206404461
    0.002008008990773274
    0.002355009649242651
    0.002728824789923192
    0.003129199863338217
    0.003555874303510875
    0.004008585161858845
    0.004487070168252109
    0.004991070179709145
    0.005520331003627513
    0.006074604607893288
    0.006653649753493703
    0.007257232105310994
     0.00788512389275621
    0.008537103203212095
    0.009212952997587183
    0.009912459938626271
      0.0106354131192557
     0.01138160277070124
     0.01215081901915609
     0.01294285074630333
     0.01375748459400622
     0.01459450413798415
     0.01545368924025839
     0.01633481557643289
     0.01723765432217685
     0.01816197197410312
     0.01910753027389812
     0.02007408620114042
     0.02106139199964525
      0.0220691952041022
     0.02309723863781293
     0.02414526035795861
      0.0252129935314533
     0.02630016623147726
     0.02740650115167185
     0.02853171524122236
     0.02967551926925666
     0.03083761733086504
     0.03201770630944382
     0.03321547531095005
     0.03443060508511996
     0.03566276744693247
     0.03691162470886327
     0.03817682913109365
     0.03945802239314573
     0.04075483508676294
     0.04206688622652915
     0.04339378277199065
     0.04473511915308902
     0.04609047678964082
     0.04745942359544246
      0.0488415134582872
     0.05023628568864591
     0.05164326443181731
     0.05306195804080001
     0.05449185840976017
     0.05593244027055319
     0.05738316045711447
     0.05884345714449336
     0.06031274907076693
     0.06179043475095034
     0.06327589169232788
     0.06476847562037623
     0.06626751972374265
     0.06777233392566694
     0.06928220418794709
     0.07079639185218117
     0.07231413302171047
      0.0738346379865666
     0.07535709069289047
     0.07688064825780511
     0.07840444053061735
     0.07992756970150255
     0.08144910995943717
      0.0829681072020351
     0.08448357880101184
     0.08599451342816614
     0.08749987094790748
     0.08899858238338602
      0.0904895499641145
     0.09197164726353438
      0.0934437194352517
     0.09490458355661147
      0.0963530290879296
     0.09778781845507792
     0.09920768776228144
      0.1006113476409951
       0.101997484239673
      0.1033647603581678
      0.1047118167294932
      0.1060372734508002
      0.1073397315646678
      0.1086177747912391
      0.1098699714113392
      0.1110948763004363
      0.1122910331131751
      0.1134569766181125
      0.1145912351822046
      0.1156923334044603
      0.1167587948979333
       0.117789145218823
      0.1187819149408773
      0.1197356428725007
      0.1206488794129739
      0.1215201900430077
      0.1223481589435042
      0.1231313927349375
      0.1238685243282371
       0.124558216876531
      0.1251991678156305
      0.1257901129797856
      0.1263298307780494
      0.1268171464156071
      0.1272509361436887
      0.1276301315211867
      0.1279537236708747
      0.1282207675131377
      0.1284303859603752
      0.1285817740556933
      0.1286742030401308
       0.128707024333455
      0.1286796734144584
      0.1285916735877034
      0.1284426396247545
      0.1282322812691306
      0.1279604065954789
      0.1276269252148702
      0.1272318513196228
      0.1267753065627333
       0.126257522768848
      0.1256788444757677
      0.1250397313077641
      0.1243407601845196
       0.123582627372268
      0.1227661503867061
       0.121892269760448
      0.1209620506911319
      0.1199766845897286
      0.1189374905520509
      0.1178459167798297
      0.1167035419808952
      0.1155120767808699
      0.1142733651811822
      0.1129893861000235
      0.1116622550338888
      0.1102942258774014
      0.1088876929379902
      0.1074451931793962
      0.1059694087236402
      0.1044631696346387
      0.1029294569976371
      0.1013714062965685
     0.09979231107570123
     0.09819562685180919
     0.09658497521777203
     0.09496414804707033
     0.09333711167013165
     0.09170801084690479
     0.09008117230453679
     0.08846110754388181
     0.08685251454359091
      0.0852602779061187
     0.08368946689768787
     0.08214533073705231
     0.08063329039082823
     0.07915892604378841
     0.07772795934144332
     0.07634622946344095
     0.07501966209706272
     0.07375423046027614
     0.07255590769442544
     0.07143061022710831
     0.07038413211008074
     0.06942207086870204
     0.06854974604615262
     0.06777211235432269
     0.06709367009722907
     0.06651837623296962
      0.0660495599916153
     0.06568984727071134
     0.06544109800287104
     0.06530436028007379
     0.06527984422490934
     0.06536691747603295
     0.06556412281369886
     0.06586921704010844
     0.06627922891024003
     0.06679053282807584
      0.0673989342863711
     0.06809976268539325
     0.06888796720919482
     0.06975821180981705
     0.07070496596108626
     0.07172258859266933
     0.07280540340513399
     0.07394776451867388
     0.07514411206633945
     0.07638901787583709
     0.07767722178219168
     0.07900365938269889
     0.08036348220171054
     0.08175207129709457
     0.08316504533503602
     0.08459826410604525
     0.08604782837047838
     0.08751007682082988
     0.08898158084125864
      0.0904591376397738
     0.09193976223014991
     0.09342067865177282
     0.09489931073758039
     0.09637327267327188
     0.09784035953461354
      0.0992985379430731
      0.1007459369421274
      0.1021808391662417
      0.1036016723505825
      0.1050070012109672
      0.1063955197093625
      0.1077660437096373
       0.109117504020478
      0.1104489398168092
      0.1117594924271953
      0.1130483994721529
      0.1143149893367012
      0.1155586759596134
       0.116778953921479
      0.1179753938136942
      0.1191476378708007
      0.1202953958490613
      0.1214184411348053
       0.122516607066803
       0.123589783457778
      0.1246379133010613
      0.1256609896493645
       0.126659052653657
      0.1276321867511646
      0.1285805179925518
      0.1295042114993635
      0.1304034690437899
      0.1312785267437235
      0.1321296528669053
      0.1329571457386764
      0.1337613317484516
      0.1345425634505036
      0.1353012177550026
      0.1360376942054899
      0.1367524133390958
      0.1374458151258719
      0.1381183574836014
       0.138770514864413
      0.1394027769094996
      0.1400156471682064
      0.1406096418777798
      0.1411852888001425
      0.1417431261121735
      0.1422837013461757
      0.1428075703774449
      0.1433152964561303
      0.1438074492808908
      0.1442846041121437
       0.144747340922999
      0.1451962435862303
      0.1456318990958203
      0.1460548968217707
      0.1464658277969294
      0.1468652840345873
      0.1472538578755451
      0.1476321413632405
      0.1480007256453864
      0.1483602004004347
      0.1487111532870265
      0.1490541694145037
      0.1493898308324798
       0.149718716037485
      0.1500413994947498
      0.1503584511733433
      0.1506704360930653
       0.150977913881743
      0.1512814383418546
      0.1515815570257002
      0.1518788108186255
      0.1521737335300564
      0.1524668514923238
      0.1527586831674157
      0.1530497387618825
      0.1533405198501506
      0.1536315190064577
       0.153923219445543
      0.1542160946720854
      0.1545106081387435
      0.1548072129125019
      0.1551063513488978
      0.1554084547736063
      0.1557139431708219
      0.1560232248778821
      0.1563366962856515
      0.1566547415443071
      0.1569777322743429
      0.1573060272828057
      0.1576399722849986
      0.1579798996321001
      0.1583261280453305
       0.158678962357453
      0.1590386932624866
      0.1594055970745534
      0.1597799354967435
       0.160161955400803
      0.1605518886183077
      0.1609499517438078
       0.161356345950246
      0.1617712568167313
      0.1621948541685861
      0.1626272919294364
      0.1630687079849903
      0.1635192240581262
      0.1639789455948945
      0.1644479616611086
      0.1649263448493013
       0.165414151195957
      0.1659114201090931
      0.1664181743064064
      0.1669344197643484
      0.1674601456785984
      0.1679953244364552
      0.1685399116016993
      0.1690938459124145
      0.1696570492921757
      0.1702294268748781
      0.1708108670433104
      0.1714012414814035
       0.172000405239902
      0.1726081968150605
      0.1732244382398327
       0.173848935186954
      0.1744814770832963
      0.1751218372349002
      0.1757697729621943
      0.1764250257450355
      0.1770873213773838
      0.1777563701316173
       0.178431866932692
       0.179113491542544
      0.1798009087552864
      0.1804937686038875
      0.1811917065790927
      0.1818943438613898
      0.1826012875667861
      0.1833121310071351
      0.1840264539656211
      0.1847438229879419
      0.1854637916895722
      0.1861859010794113
      0.1869096799000072
      0.1876346449845013
      0.1883603016304139
      0.1890861439904019
      0.1898116554801774
      0.1905363092038633
      0.1912595683971637
      0.1919808868888456
      0.1926997095811295
      0.1934154729496898
      0.1941276055640079
      0.1948355286288397
      0.1955386565475275
      0.1962363975077742
      0.1969281540903723
      0.1976133239011683
      0.1982913002263114
      0.1989614727105678
       0.199623228058195
      0.2002759507555919
      0.2009190238146463
      0.2015518295354642
      0.2021737502869129
      0.2027841693032306
      0.2033824714947754
      0.2039680442708638
      0.2045402783725214
      0.2050985687128872
      0.2056423152229078
      0.2061709236998635
      0.2066838066561493
      0.2071803841655981
      0.2076600847044482
      0.2081223459838807
      0.2085666157707895
       0.208992352693214
      0.2093990270265896
      0.2097861214566947
      0.2101531318149204
      0.2104995677812671
      0.2108249535502695
      0.2111288284549456
      0.2114107475437942
      0.2116702821058833
      0.2119070201391932
      0.2121205667575368
      0.2123105445316725
      0.2124765937605616
      0.2126183726691322
      0.2127355575293967
      0.2128278427022866
      0.2128949405981498
      0.2129365815544446
      0.2129525136298127
      0.2129425023143685
      0.2129063301567399
      0.2128437963091011
      0.2127547159922107
      0.2126389198832573
      0.2124962534301437
      0.2123265760967483
      0.2121297605446335
      0.2119056917576683
       0.211654266117076
      0.2113753904355004
       0.211068980959789
       0.210734962353317
      0.2103732666697813
      0.2099838323314696
      0.2095666031260317
      0.2091215272367016
      0.2086485563217607
      0.2081476446597037
        0.20761874837713
      0.2070618247767406
      0.2064768317830279
      0.2058637275232529
      0.2052224700611307
      0.2045530173002894
      0.2038553270740391
      0.2031293574372846
      0.2023750671755699
      0.2015924165452457
      0.2007813682576296
      0.1999418887187814
      0.1990739495351848
      0.1981775292941493
      0.1972526156262379
      0.1962992075553685
      0.1953173181405476
      0.1943069774113838
      0.1932682355976716
      0.1922011666513921
       0.191105872057469
      0.1899824849275444
      0.1888311743689308
      0.1876521501187164
      0.1864456674308145
      0.1852120322015011
      0.1839516063167554
       0.182664813202418
      0.1813521435559028
      0.1800141612358343
      0.1786515092835994
      0.1772649160482942
      0.1758552013839282
      0.1744232828849313
      0.1729701821229514
      0.1714970308445428
       0.170005077085561
      0.1684956911538071
      0.1669703714265904
      0.1654307499043738
      0.1638785974553763
      0.1623158286789175
      0.1607445063073442
      0.1591668450575389
      0.1575852148333237
      0.1560021431696154
      0.1544203167980811
      0.1528425822025463
      0.1512719450208182
      0.1497115681383724
      0.1481647683090706
      0.1466350111294822
      0.1451259041873467
      0.1436411882023075
      0.1421847259794752
      0.1407604890049997
      0.1393725415290649
      0.1380250220070316
       0.136722121805202
      0.1354680611250192
      0.1342670621592085
      0.1331233195656349
      0.1320409684289174
      0.1310240499746105
       0.130076475403433
      0.1292019883197567
      0.1284041263344197
      0.1276861825208448
      0.1270511674886621
      0.1265017729034982
      0.1260403373185198
       0.125668815186898
      0.1253887498904628
      0.1252012515465928
      0.1251069802437405
      0.1251061352098262
       0.125198450243729
      0.1253831955474397
      0.1256591858959075
      0.1260247948847288
      0.1264779748138314
       0.127016281608035
      0.1276369040505444
       0.128336696518036
      0.1291122143580244
      0.1299597510398147
       0.130875376236156
      0.1318549740484629
      0.1328942806676007
      0.1339889208576947
      0.1351344427552174
      0.1363263505833606
      0.1375601349869585
      0.1388313007917219
      0.1401353920801892
      0.1414680145536667
      0.1428248552136603
      0.1442016994477721
      0.1455944456444326
      0.1469991174891177
      0.1484118741132563
      0.1498290182772915
      0.1512470027728037
        0.15266243522666
      0.1540720814841079
      0.1554728677387159
      0.1568618815660813
      0.1582363720060538
      0.1595937488255126
      0.1609315810810082
      0.1622475950881843
       0.163539671893099
      0.1648058443295648
      0.1660442937364762
       0.167253346399886
      0.1684314697762929
      0.1695772685461829
      0.1706894805402852
      0.1717669725751905
      0.1728087362298467
      0.1738138835899445
      0.1747816429832422
      0.1757113547254109
      0.1766024668929243
      0.1774545311368468
      0.1782671985490343
      0.1790402155902073
      0.1797734200876005
      0.1804667373083343
      0.1811201761133623
      0.1817338251957255
      0.1823078494059199
      0.1828424861664177
      0.1833380419767581
      0.1837948890101239
        0.18421346180192
      0.1845942540305492
      0.1849378153903101
      0.1852447485561225
      0.1855157062395593
      0.1857513883354748
      0.1859525391582791
      0.1861199447666863
      0.1862544303755037
      0.1863568578527452
      0.1864281233000826
      0.1864691547143301
      0.1864809097273837
      0.1864643734217588
      0.1864205562186307
      0.1863504918350727
      0.1862552353070395
      0.1861358610745301
      0.1859934611253329
      0.1858291431937463
      0.1856440290107237
       0.185439252601991
      0.1852159586307894
        0.18497530078203
      0.1847184401847944
      0.1844465438702265
      0.1841607832619799
      0.1838623326964764
      0.1835523679702916
      0.1832320649120382
      0.1829025979761455
      0.1825651388559625
      0.1822208551136523
      0.1818709088244116
      0.1815164552326257
      0.1811586414177377
      0.1807986049677936
         0.1804374726589
      0.1800763591391657
      0.1797163656160782
      0.1793585785467444
      0.1790040683308936
      0.1786538880070838
      0.1783090719530813
      0.1779706345919252
      0.1776395691056857
      0.1773168461594077
      0.1770034126381529
      0.1767001904004038
      0.1764080750514145
      0.1761279347403165
      0.1758606089849705
      0.1756069075287035
      0.1753676092331452
      0.1751434610114472
      0.1749351768062246
      0.1747434366165809
      0.1745688855786093
       0.174412133103788
      0.1742737520797074
      0.1741542781375486
      0.1740542089907287
      0.1739740038490404
      0.1739140829125043
      0.1738748269489646
      0.1738565769591747
      0.1738596339327868
      0.1738842586981888
      0.1739306718686043
      0.1739990538862505
      0.1740895451656563
      0.1742022463365008
      0.1743372185855668
      0.1744944840966232
      0.1746740265862993
      0.1748757919332945
      0.1750996888976181
      0.1753455899259763
      0.1756133320389374
      0.1759027177951059
      0.1762135163272335
      0.1765454644449649
      0.1768982677987664
      0.1772716020994858
      0.1776651143879352
      0.1780784243488663
      0.1785111256636857
      0.1789627873962487
      0.1794329554060664
      0.1799211537832336
      0.1804268862993833
      0.1809496378689614
      0.1814888760151333
      0.1820440523346707
      0.1826146039562533
      0.1831999549867543
      0.1837995179402662
      0.1844126951448866
      0.1850388801225808
      0.1856774589378289
      0.1863278115111601
      0.1869893128941266
      0.1876613345027288
      0.1883432453067501
      0.1890344129728957
      0.1897342049600161
      0.1904419895650291
      0.1911571369184465
      0.1918790199286031
      0.1926070151738547
      0.1933405037420781
      0.1940788720168642
      0.1948215124097907
      0.1955678240381513
      0.1963172133474899
      0.1970690946782993
      0.1978228907762415
      0.1985780332453092
      0.1993339629434295
      0.2000901303201412
      0.2008459956961341
      0.2016010294846305
      0.2023547123547878
      0.2031065353375135
      0.2038559998742721
       0.204602617809651
      0.2053459113285757
      0.2060854128391887
      0.2068206648024447
      0.2075512195095202
      0.2082766388080997
      0.2089964937785773
      0.2097103643611587
      0.2104178389348016
      0.2111185138489109
      0.2118119929086998
      0.2124978868151901
      0.2131758125609236
      0.2138453927826183
      0.2145062550722281
      0.2151580312481435
      0.2158003565885917
      0.2164328690296514
      0.2170552083306874
      0.2176670152103818
      0.2182679304569222
      0.2188575940162622
      0.2194356440626867
       0.220001716056192
      0.2205554417914398
      0.2210964484432258
      0.2216243576135716
      0.2221387843856781
      0.2226393363900902
      0.2231256128885314
      0.2235972038809657
      0.2240536892415902
      0.2244946378895848
      0.2249196070006227
      0.2253281412653315
      0.2257197722011015
      0.2260940175238497
      0.2264503805865485
      0.2267883498915333
      0.2271073986837099
      0.2274069846319278
      0.2276865496057742
      0.2279455195550189
      0.2281833044987669
      0.2283992986312177
      0.2285928805505212
      0.2287634136169331
      0.2289102464459211
      0.2290327135414144
      0.2291301360737959
      0.2292018228066771
      0.2292470711758791
      0.2292651685234828
      0.2292553934892163
       0.229217017560904
      0.2291493067851902
      0.2290515236392056
      0.2289229290634061
      0.2287627846552828
      0.2285703550232026
      0.2283449102990976
      0.2280857288082435
      0.2277920998937772
      0.2274633268930356
      0.2270987302621666
      0.2266976508447814
      0.2262594532797389
      0.2257835295424321
      0.2252693026132108
       0.224716230265874
      0.2241238089684642
      0.2234915778879264
      0.2228191229896033
      0.2221060812219471
      0.2213521447763634
      0.2205570654116153
      0.2197206588318432
      0.2188428091068655
      0.2179234731230774
      0.2169626850528973
      0.2159605608303086
      0.2149173026195976
      0.2138332032638282
      0.2127086506989527
      0.2115441323186633
      0.2103402392741407
       0.209097670691748
      0.2078172377903935
      0.2064998678788045
       0.205146608211211
      0.2037586296780178
      0.2023372303058539
      0.2008838385389894
      0.1994000162714162
      0.1978874615959501
      0.1963480112334756
      0.1947836426018738
      0.1931964754803393
      0.1915887732205487
      0.1899629434516082
      0.1883215382208459
      0.1866672535073737
      0.1850029280399801
      0.1833315413454684
      0.1816562109481299
      0.1799801886358984
      0.1783068557040794
       0.176639717083774
      0.1749823942596089
      0.1733386168805852
      0.1717122129693943
      0.1701070976399207
      0.1685272602405874
      0.1669767498532893
      0.1654596590945685
      0.1639801061879656
      0.1625422153045511
      0.1611500952027871
      0.1598078162390378
      0.1585193858659315
      0.1572887227866194
      0.1561196299875893
      0.1550157669294223
      0.1539806212315573
       0.153017480241175
      0.1521294029248049
      0.1513191925610541
      0.1505893707408442
      0.1499421531947754
      0.1493794279633588
      0.1489027364031206
      0.1485132574793488
      0.1482117957348805
      0.1479987732455321
      0.1478742257793106
      0.1478378032723807
      0.1478887746245214
       0.148026036705715
      0.1482481273588163
      0.1485532420859109
      0.1489392540223204
      0.1494037367355608
      0.1499439893391085
      0.1505570633835116
      0.1512397909799349
      0.1519888136222706
      0.1528006112012635
       0.153671530744816
      0.1545978144695407
      0.1555756267863903
      0.1566010799646409
      0.1576702582207337
      0.1587792400590368
      0.1599241187485038
      0.1611010208710094
       0.162306122922901
      0.1635356659904437
      0.1647859685522785
      0.1660534374878666
      0.1673345773905614
      0.1686259982980031
      0.1699244219615768
      0.1712266867814247
      0.1725297515346523
      0.1738306980225702
      0.1751267327587177
      0.1764151878135695
      0.1776935209247441
      0.1789593149736502
      0.1802102769211833
      0.1814442362866363
      0.1826591432456419
      0.1838530664149253
      0.1850241903840306
      0.1861708130471103
      0.1872913427813553
      0.1883842955127557
      0.1894482917045553
      0.1904820532990393
      0.1914844006390599
      0.1924542493919599
      0.1933906074951997
      0.1942925721400178
       0.195159326806747
      0.1959901383629759
      0.1967843542335005
      0.1975413996489936
      0.1982607749784186
      0.1989420531485234
      0.1995848771521987
      0.2001889576461135
      0.2007540706368589
      0.2012800552538313
      0.2017668116063027
      0.2022142987215414
      0.2026225325604651
      0.2029915841071214
      0.2033215775282642
      0.2036126883994297
      0.2038651419941303
      0.2040792116330921
      0.2042552170907785
      0.2043935230567576
      0.2044945376497326
      0.2045587109822449
      0.2045865337741395
      0.2045785360128954
      0.2045352856587761
      0.2044573873925911
      0.2043454814035671
      0.2042002422145418
      0.2040223775413821
      0.2038126271832781
      0.2035717619403471
      0.2033005825548875
      0.2029999186726419
      0.2026706278205318
      0.2023135943976132
      0.2019297286763177
      0.2015199658114959
      0.2010852648552379
      0.2006266077759264
      0.2001449984803834
      0.1996414618383568
      0.1991170427087834
      0.1985728049673873
      0.1980098305350793
      0.1974292184064245
       0.196832083677062
      0.1962195565685011
      0.1955927814481685
      0.1949529158419975
      0.1943011294363328
      0.1936386030654304
      0.1929665276805242
      0.1922861032962384
      0.1915985379101577
      0.1909050463915699
      0.1902068493358089
      0.1895051718811792
      0.1888012424861499
      0.1880962916652455
      0.1873915506828531
      0.1866882502048816
      0.1859876189088457
      0.1852908820534138
      0.1845992600087927
      0.1839139667494175
      0.1832362083103836
      0.1825671812088522
      0.1819080708313806
       0.181260049787801
      0.1806242762320056
      0.1800018921498427
      0.1793940216143641
      0.1788017690089554
      0.1782262172194551
      0.1776684257972496
      0.1771294290964824
      0.1766102343899412
      0.1761118199697454
       0.175635133240628
      0.1751810888152332
      0.1747505666223296
      0.1743444100400889
      0.1739634240674491
      0.1736083735470447
      0.1732799814531867
      0.1729789272578758
      0.1727058453869252
      0.1724613237769617
      0.1722459025425018
      0.1720600727605821
      0.1719042753786881
      0.1717789002501116
      0.1716842852995037
      0.1716207158203768
      0.1715884239056989
      0.1715875880125296
      0.1716183326618767
      0.1716807282754751
      0.1717747911519302
      0.1719004835854783
      0.1720577141312747
      0.1722463380215455
      0.1724661577368869
      0.1727169237363822
      0.1729983353489495
      0.1733100418263838
      0.1736516435559435
      0.1740226934271704
      0.1744226983440633
      0.1748511208699301
      0.1753073809884996
      0.1757908579613972
      0.1763008922591568
       0.176836787540774
      0.1773978126555947
      0.1779832036412255
      0.1785921656921913
      0.1792238750762638
      0.1798774809786391
      0.1805521072583091
