0 0 0 
1 4.99663e-05 1.3824e-05 
2 0.000199727 5.53834e-05 
3 0.000449068 0.000124844 
4 0.000797765 0.000222317 
5 0.00124558 0.000347862 
6 0.00179228 0.000501489 
7 0.00243761 0.000683158 
8 0.00318131 0.000892789 
9 0.0040231 0.00113026 
10 0.0049627 0.00139541 
11 0.00599983 0.00168807 
12 0.00713419 0.00200801 
13 0.00836547 0.00235501 
14 0.00969335 0.00272882 
15 0.0111175 0.0031292 
16 0.0126376 0.00355587 
17 0.0142533 0.00400859 
18 0.0159643 0.00448707 
19 0.0177701 0.00499107 
20 0.0196704 0.00552033 
21 0.0216649 0.00607461 
22 0.0237531 0.00665365 
23 0.0259347 0.00725724 
24 0.0282092 0.00788513 
25 0.0305762 0.00853711 
26 0.0330353 0.00921296 
27 0.0355861 0.00991247 
28 0.0382281 0.0106354 
29 0.0409609 0.0113816 
30 0.043784 0.0121508 
31 0.0466969 0.0129429 
32 0.0496991 0.0137575 
33 0.0527903 0.0145946 
34 0.0559697 0.0154538 
35 0.0592371 0.0163349 
36 0.0625917 0.0172378 
37 0.0660332 0.0181621 
38 0.0695609 0.0191077 
39 0.0731743 0.0200743 
40 0.0768728 0.0210617 
41 0.0806558 0.0220695 
42 0.0845229 0.0230976 
43 0.0884733 0.0241457 
44 0.0925064 0.0252136 
45 0.0966217 0.0263008 
46 0.100818 0.0274073 
47 0.105096 0.0285326 
48 0.109454 0.0296766 
49 0.113891 0.0308389 
50 0.118407 0.0320192 
51 0.123001 0.0332172 
52 0.127672 0.0344326 
53 0.13242 0.0356651 
54 0.137243 0.0369143 
55 0.142142 0.0381799 
56 0.147114 0.0394616 
57 0.15216 0.0407589 
58 0.157279 0.0420715 
59 0.162469 0.043399 
60 0.16773 0.0447411 
61 0.17306 0.0460972 
62 0.17846 0.047467 
63 0.183927 0.0488501 
64 0.189461 0.0502459 
65 0.195061 0.051654 
66 0.200726 0.053074 
67 0.206454 0.0545053 
68 0.212245 0.0559475 
69 0.218097 0.0573999 
70 0.224009 0.058862 
71 0.22998 0.0603333 
72 0.236009 0.0618132 
73 0.242094 0.063301 
74 0.248234 0.0647962 
75 0.254428 0.0662981 
76 0.260674 0.0678059 
77 0.266971 0.069319 
78 0.273317 0.0708367 
79 0.279711 0.0723582 
80 0.28615 0.0738828 
81 0.292634 0.0754096 
82 0.299161 0.0769377 
83 0.305729 0.0784665 
84 0.312336 0.0799949 
85 0.31898 0.081522 
86 0.32566 0.0830469 
87 0.332372 0.0845686 
88 0.339117 0.0860862 
89 0.34589 0.0875986 
90 0.352691 0.0891046 
91 0.359517 0.0906033 
92 0.366365 0.0920935 
93 0.373234 0.0935741 
94 0.380121 0.0950437 
95 0.387023 0.0965014 
96 0.393939 0.0979457 
97 0.400865 0.0993754 
98 0.407799 0.100789 
99 0.414738 0.102186 
100 0.421679 0.103564 
101 0.428621 0.104922 
102 0.435559 0.106258 
103 0.442491 0.107572 
104 0.449413 0.108862 
105 0.456324 0.110125 
106 0.46322 0.111362 
107 0.470097 0.112569 
108 0.476952 0.113746 
109 0.483782 0.114891 
110 0.490585 0.116003 
111 0.497355 0.117079 
112 0.504091 0.118119 
113 0.510788 0.11912 
114 0.517444 0.120082 
115 0.524054 0.121002 
116 0.530615 0.121879 
117 0.537123 0.122711 
118 0.543575 0.123497 
119 0.549966 0.124236 
120 0.556295 0.124924 
121 0.562556 0.125562 
122 0.568746 0.126148 
123 0.574861 0.126679 
124 0.580898 0.127156 
125 0.586852 0.127575 
126 0.592721 0.127937 
127 0.5985 0.128239 
128 0.604186 0.128481 
129 0.609775 0.128661 
130 0.615263 0.128778 
131 0.620647 0.12883 
132 0.625924 0.128818 
133 0.631089 0.12874 
134 0.636139 0.128596 
135 0.641072 0.128384 
136 0.645883 0.128103 
137 0.650569 0.127754 
138 0.655128 0.127336 
139 0.659555 0.126849 
140 0.663849 0.126292 
141 0.668005 0.125665 
142 0.672022 0.124968 
143 0.675896 0.124202 
144 0.679624 0.123367 
145 0.683205 0.122462 
146 0.686636 0.121489 
147 0.689915 0.120449 
148 0.693039 0.119341 
149 0.696006 0.118168 
150 0.698815 0.11693 
151 0.701463 0.115629 
152 0.70395 0.114266 
153 0.706273 0.112843 
154 0.708431 0.111362 
155 0.710424 0.109824 
156 0.712249 0.108233 
157 0.713907 0.10659 
158 0.715396 0.104898 
159 0.716716 0.10316 
160 0.717866 0.10138 
161 0.718846 0.0995595 
162 0.719656 0.0977035 
163 0.720296 0.0958154 
164 0.720766 0.0938994 
165 0.721067 0.0919599 
166 0.721198 0.0900016 
167 0.721161 0.0880296 
168 0.720956 0.0860491 
169 0.720584 0.0840661 
170 0.720047 0.0820866 
171 0.719345 0.0801171 
172 0.718479 0.0781646 
173 0.717451 0.0762364 
174 0.716263 0.0743405 
175 0.714916 0.072485 
176 0.713412 0.0706788 
177 0.711754 0.068931 
178 0.709942 0.0672511 
179 0.707979 0.0656491 
180 0.705867 0.0641352 
181 0.703609 0.0627197 
182 0.701207 0.061413 
183 0.698664 0.0602251 
184 0.695981 0.059166 
185 0.693163 0.0582447 
186 0.69021 0.0574695 
187 0.687127 0.0568474 
188 0.683916 0.0563839 
189 0.68058 0.0560831 
190 0.677121 0.055947 
191 0.673544 0.0559758 
192 0.669851 0.0561676 
193 0.666044 0.0565189 
194 0.662128 0.0570244 
195 0.658106 0.057677 
196 0.653979 0.0584688 
197 0.649753 0.0593908 
198 0.645429 0.0604332 
199 0.641012 0.061586 
200 0.636504 0.062839 
201 0.631909 0.064182 
202 0.62723 0.065605 
203 0.622471 0.0670985 
204 0.617634 0.0686533 
205 0.612722 0.0702608 
206 0.60774 0.0719129 
207 0.60269 0.0736019 
208 0.597576 0.075321 
209 0.5924 0.0770636 
210 0.587166 0.0788238 
211 0.581877 0.0805962 
212 0.576537 0.0823757 
213 0.571148 0.0841579 
214 0.565714 0.0859385 
215 0.560237 0.087714 
216 0.55472 0.0894808 
217 0.549168 0.0912359 
218 0.543581 0.0929766 
219 0.537965 0.0947003 
220 0.53232 0.0964047 
221 0.526651 0.098088 
222 0.52096 0.0997483 
223 0.51525 0.101384 
224 0.509523 0.102994 
225 0.503783 0.104576 
226 0.498031 0.10613 
227 0.492272 0.107655 
228 0.486506 0.10915 
229 0.480736 0.110614 
230 0.474966 0.112047 
231 0.469198 0.113448 
232 0.463433 0.114817 
233 0.457674 0.116153 
234 0.451925 0.117457 
235 0.446185 0.118729 
236 0.440459 0.119967 
237 0.434748 0.121173 
238 0.429055 0.122347 
239 0.42338 0.123487 
240 0.417727 0.124596 
241 0.412097 0.125672 
242 0.406493 0.126717 
243 0.400916 0.127731 
244 0.395367 0.128713 
245 0.38985 0.129665 
246 0.384365 0.130586 
247 0.378914 0.131478 
248 0.3735 0.132341 
249 0.368123 0.133174 
250 0.362785 0.13398 
251 0.357487 0.134758 
252 0.352232 0.135509 
253 0.347021 0.136234 
254 0.341855 0.136932 
255 0.336735 0.137606 
256 0.331663 0.138255 
257 0.32664 0.13888 
258 0.321668 0.139481 
259 0.316748 0.14006 
260 0.31188 0.140617 
261 0.307066 0.141153 
262 0.302308 0.141668 
263 0.297606 0.142163 
264 0.292961 0.142639 
265 0.288375 0.143096 
266 0.283848 0.143535 
267 0.279382 0.143957 
268 0.274977 0.144362 
269 0.270634 0.144752 
270 0.266354 0.145126 
271 0.262139 0.145486 
272 0.257988 0.145832 
273 0.253902 0.146165 
274 0.249884 0.146486 
275 0.245932 0.146794 
276 0.242048 0.147092 
277 0.238233 0.147378 
278 0.234487 0.147656 
279 0.23081 0.147923 
280 0.227205 0.148183 
281 0.22367 0.148434 
282 0.220207 0.148678 
283 0.216816 0.148916 
284 0.213498 0.149147 
285 0.210253 0.149373 
286 0.207082 0.149595 
287 0.203985 0.149812 
288 0.200962 0.150025 
289 0.198015 0.150236 
290 0.195143 0.150443 
291 0.192347 0.15065 
292 0.189627 0.150854 
293 0.186983 0.151058 
294 0.184416 0.151262 
295 0.181927 0.151466 
296 0.179515 0.151671 
297 0.177181 0.151877 
298 0.174924 0.152085 
299 0.172746 0.152295 
300 0.170646 0.152509 
301 0.168625 0.152725 
302 0.166683 0.152945 
303 0.164819 0.15317 
304 0.163035 0.153399 
305 0.16133 0.153633 
306 0.159704 0.153873 
307 0.158158 0.154119 
308 0.156692 0.154371 
309 0.155305 0.15463 
310 0.153998 0.154895 
311 0.15277 0.155169 
312 0.151623 0.155449 
313 0.150555 0.155738 
314 0.149567 0.156036 
315 0.148659 0.156342 
316 0.14783 0.156657 
317 0.147082 0.156982 
318 0.146413 0.157315 
319 0.145823 0.157659 
320 0.145314 0.158013 
321 0.144883 0.158377 
322 0.144532 0.158751 
323 0.14426 0.159136 
324 0.144067 0.159531 
325 0.143953 0.159938 
326 0.143918 0.160355 
327 0.143962 0.160784 
328 0.144083 0.161223 
329 0.144283 0.161674 
330 0.144561 0.162137 
331 0.144916 0.162611 
332 0.145349 0.163096 
333 0.14586 0.163593 
334 0.146447 0.164101 
335 0.14711 0.16462 
336 0.14785 0.165151 
337 0.148666 0.165694 
338 0.149558 0.166247 
339 0.150525 0.166812 
340 0.151567 0.167388 
341 0.152683 0.167975 
342 0.153874 0.168572 
343 0.155138 0.169181 
344 0.156476 0.169799 
345 0.157887 0.170428 
346 0.15937 0.171067 
347 0.160925 0.171716 
348 0.162552 0.172375 
349 0.16425 0.173042 
350 0.166018 0.173719 
351 0.167856 0.174405 
352 0.169764 0.175099 
353 0.17174 0.175801 
354 0.173785 0.176511 
355 0.175898 0.177228 
356 0.178077 0.177952 
357 0.180324 0.178683 
358 0.182636 0.17942 
359 0.185013 0.180163 
360 0.187454 0.180911 
361 0.18996 0.181665 
362 0.192529 0.182422 
363 0.19516 0.183184 
364 0.197852 0.183949 
365 0.200606 0.184716 
366 0.203419 0.185487 
367 0.206292 0.186259 
368 0.209223 0.187032 
369 0.212212 0.187806 
370 0.215257 0.18858 
371 0.218359 0.189353 
372 0.221515 0.190125 
373 0.224726 0.190895 
374 0.227989 0.191663 
375 0.231305 0.192428 
376 0.234671 0.193189 
377 0.238088 0.193945 
378 0.241554 0.194696 
379 0.245069 0.195441 
380 0.24863 0.19618 
381 0.252237 0.196911 
382 0.255889 0.197633 
383 0.259584 0.198347 
384 0.263322 0.199051 
385 0.267102 0.199744 
386 0.270921 0.200426 
387 0.27478 0.201095 
388 0.278676 0.201751 
389 0.282609 0.202393 
390 0.286577 0.203021 
391 0.290579 0.203633 
392 0.294614 0.204228 
393 0.298679 0.204805 
394 0.302775 0.205365 
395 0.306899 0.205905 
396 0.31105 0.206424 
397 0.315226 0.206923 
398 0.319427 0.2074 
399 0.323651 0.207853 
400 0.327896 0.208283 
401 0.33216 0.208688 
402 0.336443 0.209067 
403 0.340743 0.209419 
404 0.345057 0.209744 
405 0.349385 0.21004 
406 0.353725 0.210306 
407 0.358076 0.210542 
408 0.362435 0.210747 
409 0.366801 0.210919 
410 0.371173 0.211058 
411 0.375548 0.211163 
412 0.379925 0.211233 
413 0.384303 0.211267 
414 0.38868 0.211264 
415 0.393053 0.211224 
416 0.397422 0.211145 
417 0.401785 0.211027 
418 0.406139 0.210869 
419 0.410483 0.21067 
420 0.414816 0.210429 
421 0.419135 0.210146 
422 0.42344 0.20982 
423 0.427727 0.209451 
424 0.431996 0.209037 
425 0.436244 0.208578 
426 0.440471 0.208074 
427 0.444673 0.207524 
428 0.44885 0.206928 
429 0.453 0.206285 
430 0.457121 0.205595 
431 0.461211 0.204857 
432 0.465269 0.204072 
433 0.469292 0.203239 
434 0.47328 0.202358 
435 0.477231 0.201428 
436 0.481143 0.200451 
437 0.485014 0.199426 
438 0.488843 0.198352 
439 0.492628 0.197231 
440 0.496368 0.196062 
441 0.500061 0.194846 
442 0.503706 0.193584 
443 0.507301 0.192275 
444 0.510844 0.190921 
445 0.514335 0.189522 
446 0.517772 0.188079 
447 0.521153 0.186593 
448 0.524478 0.185065 
449 0.527744 0.183496 
450 0.530951 0.181887 
451 0.534098 0.18024 
452 0.537182 0.178556 
453 0.540204 0.176836 
454 0.543161 0.175083 
455 0.546053 0.173298 
456 0.548879 0.171483 
457 0.551637 0.16964 
458 0.554327 0.167772 
459 0.556948 0.165881 
460 0.559499 0.163969 
461 0.561978 0.162039 
462 0.564385 0.160094 
463 0.56672 0.158137 
464 0.568981 0.15617 
465 0.571168 0.154198 
466 0.57328 0.152224 
467 0.575316 0.150251 
468 0.577277 0.148284 
469 0.57916 0.146325 
470 0.580966 0.14438 
471 0.582694 0.142451 
472 0.584344 0.140545 
473 0.585915 0.138665 
474 0.587407 0.136816 
475 0.58882 0.135003 
476 0.590152 0.133231 
477 0.591405 0.131504 
478 0.592577 0.129828 
479 0.593669 0.128207 
480 0.59468 0.126647 
481 0.59561 0.125154 
482 0.596459 0.123731 
483 0.597228 0.122384 
484 0.597915 0.121117 
485 0.598521 0.119936 
486 0.599045 0.118843 
487 0.599489 0.117845 
488 0.599852 0.116944 
489 0.600134 0.116143 
490 0.600335 0.115446 
491 0.600456 0.114854 
492 0.600496 0.114371 
493 0.600457 0.113996 
494 0.600337 0.113732 
495 0.600138 0.113578 
496 0.59986 0.113534 
497 0.599503 0.113598 
498 0.599067 0.113771 
499 0.598553 0.114048 
500 0.597962 0.114429 
501 0.597293 0.114909 
502 0.596548 0.115485 
503 0.595726 0.116154 
504 0.594829 0.116911 
505 0.593857 0.117752 
506 0.592811 0.118672 
507 0.591691 0.119665 
508 0.590497 0.120727 
509 0.589231 0.121853 
510 0.587894 0.123038 
511 0.586485 0.124275 
512 0.585006 0.12556 
513 0.583458 0.126888 
514 0.581841 0.128254 
515 0.580157 0.129653 
516 0.578405 0.131079 
517 0.576588 0.132529 
518 0.574706 0.133997 
519 0.572759 0.13548 
520 0.57075 0.136972 
521 0.568678 0.138471 
522 0.566546 0.139972 
523 0.564354 0.141472 
524 0.562103 0.142967 
525 0.559794 0.144453 
526 0.557429 0.145928 
527 0.555008 0.14739 
528 0.552533 0.148834 
529 0.550006 0.150259 
530 0.547426 0.151662 
531 0.544796 0.15304 
532 0.542117 0.154393 
533 0.53939 0.155717 
534 0.536617 0.157012 
535 0.533798 0.158275 
536 0.530936 0.159504 
537 0.528031 0.1607 
538 0.525085 0.161859 
539 0.5221 0.162982 
540 0.519076 0.164067 
541 0.516016 0.165113 
542 0.51292 0.16612 
543 0.509791 0.167086 
544 0.506629 0.168012 
545 0.503437 0.168897 
546 0.500215 0.16974 
547 0.496966 0.170542 
548 0.49369 0.171301 
549 0.49039 0.172018 
550 0.487066 0.172693 
551 0.483721 0.173326 
552 0.480356 0.173916 
553 0.476973 0.174465 
554 0.473572 0.174972 
555 0.470156 0.175438 
556 0.466726 0.175863 
557 0.463284 0.176248 
558 0.459831 0.176592 
559 0.456369 0.176897 
560 0.4529 0.177164 
561 0.449424 0.177391 
562 0.445944 0.177582 
563 0.44246 0.177735 
564 0.438975 0.177852 
565 0.43549 0.177934 
566 0.432007 0.177982 
567 0.428526 0.177996 
568 0.42505 0.177977 
569 0.421579 0.177927 
570 0.418116 0.177845 
571 0.414662 0.177734 
572 0.411217 0.177594 
573 0.407785 0.177427 
574 0.404365 0.177232 
575 0.400959 0.177012 
576 0.397569 0.176768 
577 0.394196 0.1765 
578 0.390842 0.17621 
579 0.387507 0.175899 
580 0.384192 0.175567 
581 0.3809 0.175217 
582 0.377631 0.174849 
583 0.374386 0.174465 
584 0.371168 0.174066 
585 0.367976 0.173653 
586 0.364812 0.173227 
587 0.361677 0.172789 
588 0.358572 0.172341 
589 0.355499 0.171884 
590 0.352458 0.171419 
591 0.34945 0.170947 
592 0.346477 0.17047 
593 0.343539 0.169989 
594 0.340638 0.169505 
595 0.337774 0.169019 
596 0.334948 0.168532 
597 0.33216 0.168047 
598 0.329413 0.167563 
599 0.326707 0.167082 
600 0.324042 0.166606 
601 0.32142 0.166134 
602 0.318841 0.16567 
603 0.316305 0.165213 
604 0.313814 0.164766 
605 0.311369 0.164328 
606 0.30897 0.163901 
607 0.306617 0.163487 
608 0.304311 0.163086 
609 0.302054 0.162699 
610 0.299845 0.162327 
611 0.297685 0.161972 
612 0.295574 0.161634 
613 0.293514 0.161314 
614 0.291504 0.161013 
615 0.289546 0.160731 
616 0.287639 0.160471 
617 0.285784 0.160232 
618 0.283981 0.160016 
619 0.282231 0.159822 
620 0.280534 0.159652 
621 0.278891 0.159507 
622 0.277302 0.159386 
623 0.275767 0.159291 
624 0.274286 0.159222 
625 0.27286 0.15918 
626 0.271489 0.159164 
627 0.270173 0.159176 
628 0.268913 0.159215 
629 0.267708 0.159283 
630 0.266559 0.159378 
631 0.265466 0.159502 
632 0.264429 0.159654 
633 0.263449 0.159835 
634 0.262524 0.160045 
635 0.261656 0.160283 
636 0.260845 0.16055 
637 0.26009 0.160846 
638 0.259392 0.16117 
639 0.25875 0.161522 
640 0.258165 0.161902 
641 0.257636 0.16231 
642 0.257164 0.162745 
643 0.256748 0.163207 
644 0.256389 0.163696 
645 0.256085 0.164212 
646 0.255839 0.164753 
647 0.255648 0.165319 
648 0.255513 0.165911 
649 0.255434 0.166526 
650 0.25541 0.167166 
651 0.255442 0.167828 
652 0.255529 0.168512 
653 0.255671 0.169219 
654 0.255868 0.169946 
655 0.256119 0.170693 
656 0.256425 0.171461 
657 0.256784 0.172246 
658 0.257197 0.17305 
659 0.257664 0.173871 
660 0.258183 0.174708 
661 0.258756 0.175561 
662 0.25938 0.176429 
663 0.260056 0.17731 
664 0.260784 0.178204 
665 0.261563 0.17911 
666 0.262393 0.180028 
667 0.263273 0.180955 
668 0.264203 0.181892 
669 0.265182 0.182838 
670 0.26621 0.183791 
671 0.267287 0.18475 
672 0.268411 0.185715 
673 0.269582 0.186685 
674 0.270801 0.187659 
675 0.272065 0.188635 
676 0.273375 0.189614 
677 0.27473 0.190593 
678 0.27613 0.191573 
679 0.277573 0.192552 
680 0.27906 0.193528 
681 0.280589 0.194502 
682 0.28216 0.195473 
683 0.283772 0.196439 
684 0.285425 0.197399 
685 0.287117 0.198352 
686 0.288849 0.199299 
687 0.290619 0.200237 
688 0.292426 0.201165 
689 0.29427 0.202084 
690 0.296151 0.202991 
691 0.298067 0.203887 
692 0.300017 0.20477 
693 0.302001 0.205638 
694 0.304018 0.206493 
695 0.306066 0.207331 
696 0.308146 0.208154 
697 0.310257 0.208959 
698 0.312397 0.209745 
699 0.314565 0.210513 
700 0.316761 0.211261 
701 0.318984 0.211989 
702 0.321233 0.212694 
703 0.323507 0.213378 
704 0.325805 0.214038 
705 0.328126 0.214674 
706 0.330469 0.215286 
707 0.332833 0.215872 
708 0.335218 0.216431 
709 0.337622 0.216964 
710 0.340044 0.217468 
711 0.342484 0.217944 
712 0.34494 0.218391 
713 0.347411 0.218808 
714 0.349897 0.219194 
715 0.352396 0.219549 
716 0.354908 0.219871 
717 0.357431 0.220161 
718 0.359964 0.220417 
719 0.362507 0.22064 
720 0.365058 0.220828 
721 0.367616 0.220981 
722 0.370181 0.221098 
723 0.372751 0.221179 
724 0.375325 0.221223 
725 0.377903 0.22123 
726 0.380483 0.2212 
727 0.383065 0.221131 
728 0.385646 0.221024 
729 0.388227 0.220878 
730 0.390807 0.220693 
731 0.393384 0.220468 
732 0.395957 0.220203 
733 0.398525 0.219898 
734 0.401088 0.219553 
735 0.403645 0.219168 
736 0.406194 0.218741 
737 0.408735 0.218274 
738 0.411266 0.217766 
739 0.413788 0.217217 
740 0.416298 0.216627 
741 0.418796 0.215996 
742 0.421281 0.215324 
743 0.423753 0.214612 
744 0.426209 0.213859 
745 0.428651 0.213065 
746 0.431076 0.212232 
747 0.433484 0.211359 
748 0.435874 0.210446 
749 0.438245 0.209495 
750 0.440597 0.208504 
751 0.442929 0.207476 
752 0.445239 0.20641 
753 0.447528 0.205308 
754 0.449795 0.204169 
755 0.452038 0.202995 
756 0.454257 0.201787 
757 0.456453 0.200545 
758 0.458623 0.19927 
759 0.460767 0.197963 
760 0.462885 0.196625 
761 0.464976 0.195258 
762 0.46704 0.193863 
763 0.469075 0.19244 
764 0.471082 0.190992 
765 0.47306 0.18952 
766 0.475008 0.188024 
767 0.476926 0.186508 
768 0.478813 0.184972 
769 0.480669 0.183418 
770 0.482494 0.181848 
771 0.484287 0.180263 
772 0.486047 0.178667 
773 0.487774 0.17706 
774 0.489469 0.175445 
775 0.49113 0.173825 
776 0.492757 0.1722 
777 0.49435 0.170575 
778 0.495908 0.168951 
779 0.497431 0.16733 
780 0.498919 0.165715 
781 0.500372 0.16411 
782 0.501789 0.162516 
783 0.50317 0.160937 
784 0.504514 0.159374 
785 0.505822 0.157832 
786 0.507093 0.156313 
787 0.508328 0.15482 
788 0.509525 0.153356 
789 0.510684 0.151924 
790 0.511806 0.150528 
791 0.512891 0.149169 
792 0.513937 0.147852 
793 0.514945 0.146578 
794 0.515914 0.145352 
795 0.516846 0.144176 
796 0.517738 0.143053 
797 0.518592 0.141985 
798 0.519407 0.140976 
799 0.520182 0.140028 
800 0.520919 0.139142 
801 0.521616 0.138322 
802 0.522274 0.13757 
803 0.522892 0.136887 
804 0.52347 0.136274 
805 0.524009 0.135734 
806 0.524508 0.135268 
807 0.524967 0.134875 
808 0.525386 0.134558 
809 0.525764 0.134316 
810 0.526103 0.13415 
811 0.526401 0.134059 
812 0.526659 0.134042 
813 0.526877 0.1341 
814 0.527054 0.134231 
815 0.527191 0.134433 
816 0.527287 0.134706 
817 0.527343 0.135048 
818 0.527358 0.135456 
819 0.527332 0.135929 
820 0.527266 0.136464 
821 0.52716 0.137059 
822 0.527013 0.13771 
823 0.526825 0.138416 
824 0.526597 0.139173 
825 0.526328 0.139978 
826 0.526019 0.140829 
827 0.525669 0.141722 
828 0.52528 0.142653 
829 0.52485 0.143621 
830 0.52438 0.144621 
831 0.52387 0.14565 
832 0.52332 0.146706 
833 0.52273 0.147785 
834 0.522101 0.148884 
835 0.521432 0.15 
836 0.520724 0.151129 
837 0.519977 0.15227 
838 0.519191 0.15342 
839 0.518366 0.154574 
840 0.517503 0.155732 
841 0.516603 0.15689 
842 0.515664 0.158045 
843 0.514687 0.159196 
844 0.513674 0.16034 
845 0.512623 0.161475 
846 0.511536 0.162598 
847 0.510413 0.163708 
848 0.509254 0.164802 
849 0.50806 0.165879 
850 0.506831 0.166938 
851 0.505567 0.167975 
852 0.50427 0.168991 
853 0.502939 0.169982 
854 0.501575 0.170949 
855 0.500178 0.171889 
856 0.498749 0.172802 
857 0.497289 0.173686 
858 0.495799 0.17454 
859 0.494278 0.175364 
860 0.492728 0.176156 
861 0.491148 0.176915 
862 0.489541 0.177642 
863 0.487906 0.178335 
864 0.486244 0.178993 
865 0.484556 0.179617 
866 0.482843 0.180205 
867 0.481105 0.180758 
868 0.479343 0.181274 
869 0.477558 0.181755 
870 0.475751 0.182199 
871 0.473922 0.182607 
872 0.472073 0.182979 
873 0.470203 0.183314 
874 0.468315 0.183613 
875 0.466409 0.183875 
876 0.464486 0.184102 
877 0.462546 0.184292 
878 0.460591 0.184448 
879 0.458622 0.184568 
880 0.456638 0.184653 
881 0.454643 0.184704 
882 0.452635 0.184721 
883 0.450617 0.184705 
884 0.448589 0.184657 
885 0.446552 0.184576 
886 0.444507 0.184463 
887 0.442455 0.18432 
888 0.440397 0.184147 
889 0.438335 0.183945 
890 0.436268 0.183714 
891 0.434198 0.183455 
892 0.432126 0.183169 
893 0.430052 0.182858 
894 0.427979 0.182522 
895 0.425906 0.182161 
896 0.423835 0.181778 
897 0.421767 0.181372 
898 0.419702 0.180946 
899 0.417642 0.180499 
900 0.415587 0.180034 
901 0.413539 0.179551 
902 0.411499 0.179051 
903 0.409466 0.178535 
904 0.407443 0.178005 
905 0.40543 0.177462 
906 0.403427 0.176907 
907 0.401437 0.176341 
908 0.39946 0.175765 
909 0.397496 0.175181 
910 0.395546 0.174589 
911 0.393612 0.173992 
912 0.391694 0.173389 
913 0.389793 0.172784 
914 0.38791 0.172176 
915 0.386045 0.171567 
916 0.384199 0.170958 
917 0.382374 0.170351 
918 0.380569 0.169747 
919 0.378786 0.169147 
920 0.377025 0.168552 
921 0.375287 0.167963 
922 0.373573 0.167382 
923 0.371883 0.16681 
924 0.370217 0.166249 
925 0.368578 0.165698 
926 0.366964 0.165161 
927 0.365378 0.164636 
928 0.363819 0.164127 
929 0.362287 0.163633 
930 0.360784 0.163157 
931 0.35931 0.162698 
932 0.357866 0.162259 
933 0.356452 0.16184 
934 0.355068 0.161441 
935 0.353715 0.161065 
936 0.352394 0.160711 
937 0.351104 0.160381 
938 0.349847 0.160075 
939 0.348622 0.159794 
940 0.34743 0.15954 
941 0.346272 0.159312 
942 0.345147 0.159111 
943 0.344057 0.158937 
944 0.343 0.158792 
945 0.341979 0.158676 
946 0.340992 0.158589 
947 0.34004 0.158531 
948 0.339124 0.158503 
949 0.338244 0.158505 
950 0.337399 0.158537 
951 0.33659 0.158599 
952 0.335817 0.158691 
953 0.335081 0.158814 
954 0.334381 0.158967 
955 0.333718 0.15915 
956 0.333091 0.159363 
957 0.332501 0.159605 
958 0.331948 0.159878 
959 0.331432 0.160179 
960 0.330952 0.160509 
961 0.33051 0.160868 
962 0.330104 0.161254 
963 0.329736 0.161668 
964 0.329404 0.162109 
965 0.329109 0.162575 
966 0.328851 0.163068 
967 0.328629 0.163585 
968 0.328444 0.164127 
969 0.328296 0.164692 
970 0.328184 0.165279 
971 0.328108 0.165889 
972 0.328068 0.166519 
973 0.328065 0.16717 
974 0.328097 0.16784 
975 0.328164 0.168528 
976 0.328267 0.169234 
977 0.328405 0.169956 
978 0.328578 0.170694 
979 0.328786 0.171446 
980 0.329028 0.172212 
981 0.329304 0.172991 
982 0.329614 0.173781 
983 0.329958 0.174582 
984 0.330335 0.175392 
985 0.330744 0.176211 
986 0.331187 0.177038 
987 0.331661 0.177871 
988 0.332168 0.17871 
989 0.332706 0.179554 
990 0.333275 0.180401 
991 0.333874 0.18125 
992 0.334504 0.182101 
993 0.335164 0.182953 
994 0.335854 0.183804 
995 0.336572 0.184653 
996 0.33732 0.185501 
997 0.338095 0.186345 
998 0.338898 0.187184 
999 0.339728 0.188019 
1000 0.340585 0.188847 
