                       0
   2.799860557012467e-05
   0.0001121600034180492
    0.000252775754450387
   0.0004499870225450692
   0.0007037931851483959
     0.00101406483349281
     0.00138056028850558
     0.00180294455458366
    0.002280809520153709
    0.002813694195181612
    0.003401103851005536
    0.004042527088076745
    0.004737450085697818
    0.005485367561731002
     0.00628579026266884
    0.007138249087480392
    0.008042296196289633
    0.008997503646049324
     0.01000346021588475
     0.01105976712910275
     0.01216603335010928
     0.01332187104360243
      0.0145268916473349
     0.01578070284886297
     0.01708290659209402
     0.01843309809022413
     0.01983086570281599
     0.02127579145576248
     0.02276745194707209
     0.02430541938633787
     0.02588926255413994
     0.02751854752890494
     0.02919283810081203
     0.03091169586335676
     0.03267468003313798
      0.0344813470902391
     0.03633125035171234
     0.03822393958922898
      0.0401589607821741
     0.04213585606489129
     0.04415416388818628
     0.04621341937742636
     0.04831315483851468
     0.05045290034283414
     0.05263218431494433
     0.05485053405213566
     0.05710747612072199
     0.05940253659659727
     0.06173524114282385
     0.06410511494062612
     0.06651168250861805
     0.06895446745606287
     0.07143299221855597
     0.07394677781928043
     0.07649534368764878
     0.07907820755226432
     0.08169488540956275
     0.08434489155589514
      0.0870277386612531
     0.08974293785848109
     0.09248999882285042
     0.09526842982251581
     0.09807773772916235
      0.1009174279881854
      0.1037870045570945
      0.1066859698278441
      0.1096138245523549
      0.1125700677902005
       0.115554196893571
      0.1185657075381052
      0.1216040938003011
      0.1246688482744262
      0.1277594622155134
      0.1308754256911387
      0.1340162277237753
      0.1371813564075784
      0.1403702989879625
      0.1435825418983723
      0.1468175707551365
      0.1500748703171108
      0.1533539244210538
      0.1566542159057731
      0.1599752265378349
      0.1633164369493181
      0.1666773265942748
      0.1700573737260445
      0.1734560553932126
      0.1768728474485764
      0.1803072245635229
      0.1837586602399763
      0.1872266268134564
      0.1907105954434142
      0.1942100360903162
       0.197724417482237
      0.2012532070763851
      0.2047958710225184
      0.2083518741353756
       0.211920679882039
      0.2155017503878299
      0.2190945464613662
      0.2226985276363168
      0.2263131522247498
      0.2299378773752095
      0.2335721591280764
      0.2372154524613987
      0.2408672113221106
      0.2445268886399883
      0.2481939363244518
        0.25186780524686
       0.255547945212901
      0.2592338049307263
      0.2629248319805143
      0.2666204727902303
      0.2703201726207247
      0.2740233755612984
      0.2777295245348841
      0.2814380613103749
      0.2851484265186917
      0.2888600596690103
      0.2925723991622007
      0.2962848822997523
      0.2999969452880539
      0.3037080232394948
       0.307417550173174
      0.3111249590187708
      0.3148296816272272
      0.3185311487912715
      0.3222287902776472
      0.3259220348713601
      0.3296103104306588
      0.3332930439500678
      0.3369696616278626
      0.3406395889340578
      0.3443022506753232
      0.3479570710541542
       0.351603473720958
      0.3552408818191981
      0.3588687180251408
      0.3624864045848082
      0.3660933633513139
      0.3696890158257581
       0.373272783204344
      0.3768440864334171
      0.3804023462730145
      0.3839469833683464
      0.3874774183277337
      0.3909930718049864
      0.3944933645841399
      0.3979777176648366
      0.4014455523474136
      0.4048962903176747
      0.4083293537323051
      0.4117441653066584
      0.4151401484070889
       0.418516727150038
      0.4218733265096873
      0.4252093724352434
      0.4285242919779671
       0.431817513427056
      0.4350884664526409
      0.4383365822535839
       0.441561293707601
      0.4447620355214619
      0.4479382443796291
      0.4510893590905513
       0.454214820730778
      0.4573140727879449
      0.4603865613043354
      0.4634317350230626
        0.46644904553887
      0.4694379474551704
      0.4723978985482951
      0.4753283599391452
      0.4782287962716794
      0.4810986758970744
      0.4839374710620526
      0.4867446580998554
      0.4895197176226238
      0.4922621347144886
      0.4949713991253208
      0.4976470054657683
      0.5002884534047191
      0.5028952478706338
       0.505466899258185
       0.508002923641341
      0.5105028429934979
      0.5129661854145843
      0.5153924853643552
      0.5177812839005075
      0.5201321289198705
      0.5224445754008256
      0.5247181856453077
      0.5269525295192007
      0.5291471846905614
      0.5313017368657953
      0.5334157800245285
      0.5354889166543798
      0.5375207579870246
      0.5395109242368921
      0.5414590448435054
      0.5433647587179579
      0.5452277144934434
      0.5470475707791657
      0.5488239964165368
      0.5505566707363192
      0.5522452838153996
      0.5538895367321257
      0.5554891418195607
      0.5570438229165453
      0.5585533156169613
      0.5600173675180076
      0.5614357384684974
      0.5628082008181889
      0.5641345396689025
      0.5654145531277596
      0.5666480525623354
      0.5678348628569877
       0.568974822669162
      0.5700677846842205
      0.5711136158672804
      0.5721121977107354
       0.573063426476532
      0.5739672134327626
      0.5748234850847125
      0.5756321834009638
      0.5763932660355131
      0.5771067065469709
      0.5777724946158467
      0.5783906362605954
      0.5789611540526773
        0.57948408733038
      0.5799594924106657
      0.5803874427979788
      0.5807680293887708
       0.581101360670524
      0.5813875629143374
      0.5816267803604727
      0.5818191753967596
      0.5819649287301857
        0.58206423955233
      0.5821173256994937
      0.5821244238083411
      0.5820857894676378
      0.5820016973663187
      0.5818724414376264
      0.5816983349986309
        0.58147971088405
      0.5812169215730828
      0.5809103393079569
       0.580560356203058
      0.5801673843438861
      0.5797318558755011
      0.5792542230806319
      0.5787349584479935
      0.5781745547316425
      0.5775735250022586
      0.5769324026911175
      0.5762517416272094
      0.5755321160675149
      0.5747741207199931
      0.5739783707583817
       0.573145501827608
       0.572276170038462
      0.5713710519502398
      0.5704308445402965
      0.5694562651598142
      0.5684480514755184
      0.5674069613974657
      0.5663337729933346
      0.5652292843897719
      0.5640943136612963
      0.5629296987070274
      0.5617362971151182
      0.5605149860143245
      0.5592666619117146
      0.5579922405151526
      0.5566926565390135
      0.5553688634915777
      0.5540218334427238
      0.5526525567708929
      0.5512620418886922
      0.5498513149469642
      0.5484214195174629
      0.5469734162545199
      0.5455083825360593
      0.5440274120841931
      0.5425316145652318
      0.5410221151685484
      0.5395000541632211
      0.5379665864309973
      0.5364228809738238
      0.5348701203941001
      0.5333095003459252
      0.5317422289558836
      0.5301695262123461
      0.5285926233227221
      0.5270127620385414
      0.5254311939485842
      0.5238491797404351
      0.5222679884308352
      0.5206888965650158
       0.519113187384891
      0.5175421499656311
      0.5159770783198057
      0.5144192704680777
      0.5128700274753977
      0.5113306524517908
      0.5098024495172102
      0.5082867227304232
      0.5067847749824951
      0.5052979068560228
      0.5038274154517706
      0.5023745931847234
      0.5009407265517081
      0.4995270948727343
      0.4981349690080121
      0.4967656100523346
      0.4954202680082624
      0.4941001804393507
      0.4928065711046412
      0.4915406485758071
      0.4903036048387225
      0.4890966138817649
      0.4879208302738308
      0.4867773877357133
      0.4856673977091145
       0.484591947928033
      0.4835521009975384
      0.4825488929850151
      0.4815833320288038
      0.4806563969689153
      0.4797690360041347
      0.4789221653795346
      0.4781166681081851
      0.4773533927307878
      0.4766331521170634
      0.4759567223129611
      0.4753248414381137
      0.4747382086383061
       0.474197483098019
      0.4737032831182303
       0.473256185264572
      0.4728567235906233
      0.4725053889405635
      0.4722026283347001
      0.4719488444405676
      0.4717443951314839
      0.4715895931337236
      0.4714847057628912
      0.4714299547497003
      0.4714255161551643
      0.4714715203751587
      0.4715680522343513
      0.4717151511695231
      0.4719128115022475
      0.4721609828006861
       0.472459570329878
      0.4728084355893121
      0.4732073969358643
      0.4736562302893834
      0.4741546699174373
      0.4747024092950431
      0.4752991020346964
      0.4759443628817198
       0.476637768769876
      0.4773788599322951
      0.4781671410630252
      0.4790020825247935
      0.4798831215988383
      0.4808096637728173
      0.4817810840628159
      0.4827967283653196
      0.4838559148347261
       0.484957935281623
      0.4861020565866753
      0.4872875221246974
      0.4885135531933488
      0.4897793504409614
      0.4910840952882933
      0.4924269513394732
      0.4938070657780173
      0.4952235707444705
      0.4966755846928722
      0.4981622137238041
      0.4996825528921675
      0.5012356874880507
      0.5028206942890943
      0.5044366427826744
      0.5060825963560718
      0.5077576134526538
      0.5094607486920446
      0.5111910539523253
      0.5129475794125552
      0.5147293745542848
      0.5165354891212495
      0.5183649740369723
      0.5202168822805625
      0.5220902697214236
      0.5239841959138869
      0.5258977248529135
       0.527829925691928
      0.5297798734236775
      0.5317466495247001
      0.5337293425637017
      0.5357270487739053
      0.5377388725892992
        0.53976392714477
      0.5418013347402676
      0.5438502272694897
      0.5459097466139775
      0.5479790450039222
       0.550057285347353
      0.5521436415296272
      0.5542372986852322
      0.5563374534438364
       0.558443314152319
      0.5605541010741755
      0.5626690465673494
      0.5647873952411969
      0.5669084040930608
      0.5690313426247975
      0.5711554929396587
      0.5732801498200614
      0.5754046207870739
      0.5775282261427251
      0.5796502989965249
      0.5817701852777838
       0.583887243735369
      0.5860008459264814
      0.5881103761957829
      0.5902152316459195
      0.5923148221000837
      0.5944085700569179
      0.5964959106377651
      0.5985762915261108
        0.60064917289903
       0.602714027350585
       0.604770339807338
      0.6068176074364594
      0.6088553395472057
      0.6108830574868044
      0.6129002945319187
      0.6149065957768973
      0.6169015180198755
      0.6188846296475615
      0.6208555105192345
       0.622813751850138
      0.6247589560941679
      0.6266907368255601
       0.628608718619185
      0.6305125369291432
      0.6324018379654988
      0.6342762785692521
      0.6361355260859386
      0.6379792582384669
      0.6398071629999982
      0.6416189384677052
      0.6434142927381775
      0.6451929437850383
      0.6469546193390664
      0.6486990567707905
      0.6504260029752451
       0.652135214258341
       0.653826456224216
       0.655499503662937
      0.6571541404380886
      0.6587901593740143
      0.6604073621427772
       0.662005559151185
      0.6635845694284594
      0.6651442205152492
      0.6666843483546908
       0.668204797186104
      0.6697054194416775
      0.6711860756462328
      0.6726466343198583
      0.6740869718829748
      0.6755069725632366
      0.6769065283036386
      0.6782855386713014
      0.6796439107665717
      0.6809815591323518
      0.6822984056638268
      0.6835943795189945
      0.6848694170305585
      0.6861234616197711
      0.6873564637127447
      0.6885683806595588
      0.6897591766562308
      0.6909288226693451
      0.6920772963628783
      0.6932045820265804
      0.6943106705052127
       0.695395559127979
      0.6964592516376736
      0.6975017581192868
      0.6985230949281102
      0.6995232846176377
      0.7005023558677581
      0.7014603434138355
      0.7023972879772536
      0.7033132361978686
      0.7042082405685847
      0.7050823593720141
      0.7059356566189054
      0.7067682019878192
      0.7075800707654121
      0.7083713437866808
      0.7091421073746328
      0.7098924532790385
       0.710622478614194
      0.7113322857958552
      0.7120219824777551
      0.7126916814882059
      0.7133415007673559
       0.713971563305532
      0.7145819970829442
      0.7151729350107656
      0.7157445148733287
      0.7162968792709719
      0.7168301755629002
      0.7173445558093973
      0.7178401767127814
      0.7183171995567074
      0.7187757901436174
      0.7192161187304587
      0.7196383599630051
      0.7200426928092959
      0.7204293004927894
      0.7207983704257803
      0.7211500941434597
      0.7214846672387953
      0.7218022892981243
      0.7221031638370938
      0.7223874982364117
      0.7226555036767648
      0.7229073950722718
      0.7231433910019859
       0.723363713639171
      0.7235685886783223
      0.7237582452601755
      0.7239329158951461
      0.7240928363857465
      0.7242382457485488
      0.7243693861361307
      0.7244865027592671
      0.7245898438093461
      0.7246796603807817
      0.7247562063929173
      0.7248197385108512
      0.7248705160645561
      0.7249088009657705
      0.7249348576223553
      0.7249489528500174
      0.7249513557816192
      0.7249423377744951
      0.7249221723163557
      0.7248911349304163
      0.7248495030802995
      0.7247975560750992
      0.7247355749747463
      0.7246638424955398
      0.7245826429154691
      0.7244922619787664
      0.7243929867990834
      0.7242851057606898
      0.7241689084172959
      0.7240446853882884
      0.7239127282524771
      0.7237733294396779
      0.7236267821206738
      0.7234733800961667
      0.7233134176853511
      0.7231471896145722
      0.7229749909063417
      0.7227971167687143
      0.7226138624847864
      0.7224255233018538
      0.7222323943196901
      0.7220347703773868
      0.7218329459383412
      0.7216272149731611
      0.7214178708405642
      0.7212052061665675
      0.7209895127225312
      0.7207710813027151
      0.7205502016020526
      0.7203271620947268
      0.7201022499139392
      0.7198757507330015
      0.7196479486475965
       0.719419126058806
      0.7191895635563634
      0.7189595398015264
      0.7187293314090385
      0.7184992128278498
      0.7182694562204881
      0.7180403313412923
      0.7178121054139478
      0.7175850430089483
      0.7173594059217017
      0.7171354530519322
      0.7169134402848801
       0.716693620374568
      0.7164762428291254
      0.7162615537979071
       0.716049795959953
      0.7158412084132444
      0.7156360265642564
      0.7154344820174295
      0.7152368024644512
      0.7150432115734734
      0.7148539288787018
      0.7146691696709633
      0.7144891448899872
      0.7143140610191192
      0.7141441199830291
      0.7139795190487715
      0.7138204507302539
      0.7136671026958697
      0.7135196576788468
      0.7133782933896762
      0.7132431824300162
      0.7131144922075149
      0.7129923848512614
      0.7128770171278097
      0.7127685403580227
      0.7126671003352554
       0.712572837245524
      0.7124858855903836
      0.7124063741131543
      0.7123344257289337
      0.7122701574585807
      0.7122136803665763
      0.7121650995023863
      0.7121245138447967
      0.7120920162486144
       0.712067693393185
      0.7120516257323733
      0.7120438874458777
      0.7120445463920668
       0.712053664062778
       0.712071295540709
      0.7120974894601214
      0.7121322879715148
      0.7121757267107666
      0.7122278347729708
       0.712288634690899
      0.7123581424177201
      0.7124363673133803
      0.7125233121339397
      0.7126189730231642
      0.7127233395058187
       0.712836394482344
      0.7129581142249127
      0.7130884683751386
      0.7132274199439923
      0.7133749253145888
      0.7135309342485525
      0.7136953898965485
      0.7138682288133541
      0.7140493809775551
      0.7142387698156517
      0.7144363122301258
      0.7146419186308388
      0.7148554929691104
      0.7150769327739225
      0.7153061291899017
      0.7155429670170036
      0.7157873247521509
      0.7160390746333144
      0.7162980826867149
       0.716564208777884
      0.7168373066672188
      0.7171172240704903
      0.7174038027244495
      0.7176968784573902
      0.7179962812641979
      0.7183018353852484
      0.7186133593883995
      0.7189306662533808
      0.7192535634580712
      0.7195818530664237
      0.7199153318181064
      0.7202537912202654
      0.7205970176420157
      0.7209447924124072
       0.721296891922605
      0.7216530877328551
      0.7220131466845746
      0.7223768310175885
      0.7227438984922326
      0.7231141025157907
      0.7234871922726085
      0.7238629128572076
      0.7242410054098548
      0.7246212072542856
       0.725003252037576
      0.7253868698724734
      0.7257717874827418
      0.7261577283522419
      0.7265444128784769
      0.7269315585312174
      0.7273188800165791
      0.7277060894466074
      0.7280928965140936
      0.7284790086720531
      0.7288641313170987
      0.7292479679758841
      0.7296302204938691
       0.730010589225876
      0.7303887732281874
       0.730764470452296
      0.7311373779406924
      0.7315071920253058
      0.7318736085292988
      0.7322363229728557
       0.732595030783424
      0.7329494275105636
      0.7332992090452222
      0.7336440718429613
      0.7339837131503668
      0.7343178312338055
      0.7346461256096655
      0.7349682972754155
      0.7352840489410499
      0.7355930852608359
      0.7358951130655709
      0.7361898415958179
      0.7364769827367161
      0.7367562512549296
      0.7370273650381614
       0.737290045337356
      0.7375440170113977
      0.7377890087737182
      0.7380247534399849
      0.7382509881758206
      0.7384674547434938
      0.7386738997466319
      0.7388700748722541
       0.739055737129752
      0.7392306490868062
      0.7393945791025086
      0.7395473015581933
      0.7396885970865172
       0.739818252799243
      0.7399360625139464
       0.740041826979552
      0.7401353541002212
      0.7402164591568137
      0.7402849650248872
      0.7403407023881302
      0.7403835099461554
      0.7404132346158168
      0.7404297317255055
      0.7404328652022475
      0.7404225077517643
      0.7403985410319098
      0.7403608558200178
      0.7403093521746527
      0.7402439395920662
      0.7401645371573604
      0.7400710736899666
       0.739963487882734
      0.7398417284335852
      0.7397057541686051
      0.7395555341553826
       0.739391047805657
      0.7392122849665873
      0.7390192460003726
      0.7388119418523276
      0.7385903941078678
       0.738354635039036
      0.7381047076412871
      0.7378406656610803
      0.7375625736145981
      0.7372705067975358
      0.7369645512855298
      0.7366448039244676
      0.7363113723097033
      0.7359643747531639
      0.7356039402374354
      0.7352302083562128
       0.734843329240872
      0.7344434634733413
      0.7340307819858438
       0.733605465948347
      0.7331677066446795
      0.7327177053382209
       0.732255673127828
      0.7317818307943346
      0.7312964086375542
      0.7307996463033375
      0.7302917925999685
      0.7297731053030725
      0.7292438509482587
       0.728704304610988
      0.7281547496735253
      0.7275954775792934
      0.7270267875754043
      0.7264489864444794
       0.725862388227101
      0.7252673139362303
      0.7246640912647813
        0.72405305428718
      0.7234345431553639
      0.7228089037892033
      0.7221764875610114
      0.7215376509735894
      0.7208927553312293
      0.7202421664032835
      0.7195862540802619
      0.7189253920228696
      0.7182599573048738
      0.7175903300511146
      0.7169168930722496
      0.7162400314979055
      0.7155601324097892
      0.7148775844760089
      0.7141927775874038
      0.7135061024962153
       0.712817950456986
      0.7121287128692784
      0.7114387809216708
      0.7107485452366159
      0.7100583955160201
      0.7093687201878563
      0.7086799060546513
       0.707992337945121
       0.707306398370614
      0.7066224671881745
      0.7059409212719447
      0.7052621341943772
       0.704586475918224
      0.7039143124997652
      0.7032460058031698
      0.7025819132254691
      0.7019223874313821
      0.7012677760972049
      0.7006184216632152
      0.6999746610944312
       0.699336825650091
      0.6987052406627368
      0.6980802253282052
      0.6974620925080871
      0.6968511485461939
      0.6962476931003519
      0.6956520189903684
      0.6950644120624411
      0.6944851510696555
      0.6939145075676783
      0.6933527458244003
      0.6928001227421527
      0.6922568877912688
      0.6917232829541368
      0.6911995426794161
      0.6906858938466721
      0.6901825557422069
      0.6896897400472101
       0.689207650839458
      0.6887364846096234
      0.6882764302928239
      0.6878276693154426
      0.6873903756565508
       0.686964715922642
      0.6865508494338839
      0.6861489283198848
      0.6857590976230071
      0.6853814954076157
      0.6850162528741959
      0.6846634944779258
      0.6843233380519584
      0.6839958949361356
      0.6836812701121442
      0.6833795623460703
       0.683090864338964
       0.682815262885477
      0.6825528390398921
      0.6823036682881832
      0.6820678207241365
      0.6818453612272535
      0.6816363496401054
      0.6814408409431341
      0.6812588854254468
      0.6810905288509056
      0.6809358126195857
      0.6807947739253307
      0.6806674459105877
      0.6805538578197742
      0.6804540351522368
      0.6803679998152856
      0.6802957702770795
      0.6802373617183123
      0.6801927861809552
      0.6801620527118275
       0.680145167498614
       0.680142133996183
      0.6801529530416128
      0.6801776229571385
      0.6802161396411439
      0.6802684966481719
      0.6803346852595374
      0.6804146945464443
      0.6805085114273898
      0.6806161207211844
      0.6807375051961597
      0.6808726456152409
      0.6810215207757107
      0.6811841075418288
      0.6813603808681569
       0.681550313811535
      0.6817538775301536
      0.6819710412690022
      0.6822017723319687
      0.6824460360418994
      0.6827037956907255
       0.682975012482255
      0.6832596454702705
       0.683557651494155
      0.6838689851134903
      0.6841935985420432
      0.6845314415804927
      0.6848824615463454
      0.6852466031989286
       0.685623808657241
      0.6860140173088283
      0.6864171657086809
      0.6868331874682465
      0.6872620131358658
      0.6877035700710005
      0.6881577823153556
      0.6886245704642432
      0.6891038515412483
      0.6895955388784673
      0.6900995420034408
      0.6906157665326034
      0.6911441140698734
      0.6916844821081213
      0.6922367639308724
      0.6928008485118183
      0.6933766204104611
       0.693963959663444
      0.6945627416725083
      0.6951728370914081
       0.695794111715154
      0.6964264263754816
      0.6970696368463251
      0.6977235937622991
      0.6983881425518937
      0.6990631233854875
      0.6997483711366622
      0.7004437153539916
      0.7011489802396719
      0.7018639846313315
      0.7025885419840083
      0.7033224603506248
      0.7040655423610248
       0.704817585201463
       0.705578380598026
       0.706347714808468
      0.7071253686271716
      0.7079111174073054
      0.7087047311028091
      0.7095059743308587
      0.7103146064532618
      0.7111303816732372
      0.7119530491426089
      0.7127823530739109
      0.7136180328523699
      0.7144598231442102
      0.7153074539999306
      0.7161606509537974
      0.7170191351233011
      0.7178826233142139
       0.718750828137815
      0.7196234581465315
      0.7205002179926785
      0.7213808086123482
      0.7222649274332263
      0.7231522686017775
      0.7240425232224489
      0.7249353795998539
      0.7258305234747618
      0.7267276382462533
      0.7276264051755362
      0.7285265035711577
      0.7294276109600702
      0.7303294032534225
      0.7312315549190851
      0.7321337391741924
      0.7330356282098085
      0.7339368934560706
      0.7348372058901022
       0.735736236381241
      0.7366336560596158
      0.7375291366859991
       0.738422350994319
      0.7393129729742722
      0.7402006780608952
      0.7410851432010391
