                       0
   2.799860557012465e-05
   0.0001121600034180466
   0.0002527757544503142
   0.0004499870225443363
   0.0007037931851440033
    0.001014064833473871
    0.001380560288440469
    0.001802944554394059
    0.002280809519667366
    0.002813694194052962
    0.003401103848590256
    0.004042527083243119
    0.004737450076554085
    0.005485367545244328
    0.006285790234147334
    0.007138249039885644
    0.008042296119342762
    0.008997503525088907
     0.01000346003043041
     0.01105976685107318
     0.01216603294163858
     0.01332187045439341
       0.014526890811483
     0.01578070168107926
     0.01708290498325076
     0.01843309590214089
     0.01983086276220009
     0.02127578754721192
     0.02276744680504427
     0.02430541268598385
     0.02588925390089653
     0.02751853644673541
     0.02919282401897931
     0.03091167810160932
      0.0326746577851839
     0.03448131940538064
     0.03633121611450712
     0.03822389749704266
     0.04015890932048485
     0.04213579348020324
     0.04415408815840659
     0.04621332817955857
     0.04831304551351739
     0.05045276985749382
     0.05263202922060688
     0.05485035044014234
     0.05710725957438997
     0.05940228213958777
      0.0617349431837358
     0.06410476721365498
     0.06651127801011929
     0.06895399837685541
     0.07143244987180784
     0.07394615256381656
       0.076494624846522
     0.07907738332643525
     0.08169394278653565
     0.08434381621315891
     0.08702651486438133
     0.08974154835374712
      0.0924884247242182
     0.09526665049286737
     0.09807573065563134
      0.1009151686514652
      0.1037844662946023
      0.1066831236906158
      0.1096106391555642
      0.1125665091571958
      0.1155502282933312
      0.1185612893160274
      0.1215991832022406
      0.1246633992639146
      0.1277534252840963
      0.1308687476617786
      0.1340088515472738
      0.1371732209519869
      0.1403613388209514
      0.1435726870625499
      0.1468067465363063
      0.1500629970054811
      0.1533409170654134
      0.1566399840606701
      0.1599596740038078
      0.1632994615062403
      0.1666588197278928
      0.1700372203478066
      0.1734341335535015
      0.1768490280434678
      0.1802813710352255
      0.1837306282710934
      0.1871962640152649
      0.1906777410383427
      0.1941745205888185
      0.1976860623543077
       0.201211824417944
      0.2047512632169278
      0.2083038335103843
      0.2118689883624452
      0.2154461791442035
      0.2190348555551692
         0.2226344656618
      0.2262444559480203
      0.2298642713708782
      0.2334933554139236
      0.2371311501315182
      0.2407770961789943
       0.244430632826061
      0.2480911979535661
      0.2517582280362928
      0.2554311581164221
      0.2591094217733174
      0.2627924510953683
      0.2664796766586666
      0.2701705275156909
      0.2738644311951614
      0.2775608137122194
      0.2812590995865061
      0.2849587118647456
      0.2886590721442631
      0.2923596005945333
      0.2960597159750241
      0.2997588356492506
       0.303456375596501
      0.3071517504240672
      0.3108443733835338
      0.3145336563948142
      0.3182190100809767
      0.3218998438157569
      0.3255755657840796
      0.3292455830543337
       0.332909301659732
      0.3365661266851506
      0.3402154623555576
      0.3438567121224192
      0.3474892787454465
       0.351112564368341
      0.3547259705886985
      0.3583288985236111
      0.3619207488735921
      0.3655009219880135
      0.3690688179352355
      0.3726238365801017
      0.3761653776705025
      0.3796928409336146
      0.3832056261812071
      0.3867031334225537
      0.3901847629829306
      0.3936499156255691
      0.3970979926753799
      0.4005283961434473
      0.4039405288522849
      0.4073337945627654
       0.410707598104472
        0.41406134551156
      0.4173944441664007
      0.4207063029527347
      0.4239963324193911
      0.4272639449546799
      0.4305085549704921
      0.4337295790943687
      0.4369264363671487
      0.4400985484436868
      0.4432453397943374
      0.4463662379055125
      0.4494606734784563
      0.4525280806263682
       0.455567897070864
      0.4585795643393937
        0.46156252796566
      0.4645162376949127
      0.4674401476957273
      0.4703337167791449
       0.473196408625287
       0.476027692016823
      0.4788270410780165
      0.4815939355177591
      0.4843278608749637
      0.4870283087649914
      0.4896947771262947
      0.4923267704671386
      0.4949238001129104
      0.4974853844550751
       0.500011049203103
      0.5025003276407296
       0.504952760887558
      0.5073678981665363
      0.5097452970771048
      0.5120845238731222
      0.5143851537440847
      0.5166467710977687
      0.5188689698423306
       0.521051353666079
      0.5231935363136018
      0.5252951418575706
      0.5273558049662268
      0.5293751711671502
      0.5313528971084427
      0.5332886508185793
      0.5351821119661724
      0.5370329721205394
      0.5388409350134689
      0.5406057168019763
      0.5423270463312493
      0.5440046653965712
      0.5456383290027578
      0.5472278056196366
      0.5487728774324165
      0.5502733405861572
      0.5517290054241105
      0.5531396967202622
      0.5545052539067147
      0.5558255312969457
      0.5571003983057619
      0.5583297396666894
      0.5595134556470641
       0.560651462260474
      0.5617436914758294
      0.5627900914217151
      0.5637906265845352
      0.5647452779988358
       0.565654043428453
      0.5665169375374332
      0.5673339920503464
      0.5681052559019768
      0.5688307953770713
      0.5695106942410119
      0.5701450538625429
      0.5707339933295127
       0.571277649558338
      0.5717761773974265
      0.5722297497243196
      0.5726385575358488
      0.5730028100302017
      0.5733227346796811
      0.5735985772929868
      0.5738306020660475
      0.5740190916209047
      0.5741643470325482
      0.5742666878441212
      0.5743264520712349
      0.5743439961963323
       0.574319695154032
      0.5742539423081189
      0.5741471494205586
      0.5739997466123707
      0.5738121823158024
      0.5735849232168218
      0.5733184541867825
      0.5730132782020861
      0.5726699162508624
      0.5722889072260505
      0.5718708078047009
      0.5714161923139134
      0.5709256525840952
      0.5703997977905824
      0.5698392542847722
      0.5692446654157199
      0.5686166913428856
      0.5679560088402719
      0.5672633110917579
       0.566539307476923
      0.5657847233464277
      0.5650002997858558
       0.564186793366954
      0.5633449758855132
      0.5624756340854939
      0.5615795693694176
      0.5606575974955326
       0.559710548262479
      0.5587392651824247
       0.557744605143532
      0.5567274380624364
       0.555688646527007
      0.5546291254292554
      0.5535497815878001
      0.5524515333590035
      0.5513353102356799
      0.5502020524323012
      0.5490527104558548
      0.5478882446618171
      0.5467096247952434
      0.5455178295172886
      0.5443138459179931
      0.5430986690162887
      0.5418733012482694
      0.5406387519445937
      0.5393960367975394
      0.5381461773178403
      0.5368902002809669
      0.5356291371620595
       0.534364023558598
      0.5330958985996282
      0.5318258043407358
      0.5305547851440047
       0.529283887042835
      0.5280141570919006
      0.5267466427029515
      0.5254823909675425
      0.5242224479679332
      0.5229678580773389
      0.5217196632505756
      0.5204789023057522
      0.5192466101973675
      0.5180238172806747
      0.5168115485671199
      0.5156108229704141
      0.5144226525430158
      0.5132480417030725
      0.5120879864523118
      0.5109434735858898
      0.5098154798957171
      0.5087049713691395
      0.5076129023851623
      0.5065402149103987
      0.5054878376967518
      0.5044566854826086
      0.5034476581988305
      0.5024616401805052
       0.501499499385006
      0.5005620866168371
      0.4996502347596312
       0.498764758015998
      0.4979064511562052
      0.4970760887771936
      0.4962744245739151
      0.4955021906254239
      0.4947600966983954
      0.4940488295708949
      0.4933690523791002
       0.492721403989338
      0.4921064983974594
      0.4915249241570673
      0.4909772438376839
       0.490463993513665
      0.4899856822844974
      0.4895427918271692
      0.4891357759814701
      0.4887650603694469
      0.4884310420505181
      0.4881340892141109
      0.4878745409118035
      0.4876527068309602
      0.4874688671116341
      0.4873232722080845
       0.487216142795703
       0.487147669723546
      0.4871180140120582
      0.4871273068950724
      0.4871756499048819
      0.4872631149990116
       0.487389744727444
      0.4875555524392161
      0.4877605225276601
      0.4880046107138531
      0.4882877443680593
      0.4886098228690597
       0.488970718001112
      0.4893702743880999
      0.4898083099638697
      0.4902846164774028
      0.4907989600308235
       0.491351081647906
      0.4919406978704333
      0.4925675013796517
       0.493231161640205
      0.4939313255641354
      0.4946676181929692
      0.4954396433962198
      0.4962469845850376
      0.4970892054399302
      0.4979658506514906
       0.498876446672981
      0.4998205024833421
      0.5007975103587776
       0.501806946650727
      0.5028482725676207
      0.5039209349577339
      0.5050243670902712
      0.5061579894320859
      0.5073212104177375
       0.508513427211046
      0.5097340264568228
      0.5109823850219508
      0.5122578707253459
      0.5135598430566252
      0.5148876538832601
      0.5162406481460364
      0.5176181645422494
      0.5190195361958783
      0.5204440913136592
       0.521891153825777
      0.5233600440098349
      0.5248500790968729
      0.5263605738584305
      0.5278908411740582
      0.5294401925790821
      0.5310079387928937
      0.5325933902283333
      0.5341958574829833
      0.5358146518132112
      0.5374490855916694
      0.5390984727487356
      0.5407621291980342
      0.5424393732457856
      0.5441295259835551
      0.5458319116637091
      0.5475458580569507
       0.549270696791442
      0.5510057636733182
      0.5527503989887578
      0.5545039477882455
      0.5562657601539144
      0.5580351914511992
      0.5598116025660691
      0.5615943601290859
       0.563382836727266
      0.5651764111045354
      0.5669744683510878
       0.568776400081739
      0.5705816046031156
       0.572389487069382
      0.5741994596263217
      0.5760109415437241
      0.5778233593362925
      0.5796361468736899
      0.5814487454805385
      0.5832606040274815
      0.5850711790144592
      0.5868799346473236
      0.5886863429087276
      0.5904898836238953
      0.5922900445215544
      0.5940863212899977
      0.5958782176278753
      0.5976652452893063
      0.5994469241227806
       0.601222782103489
      0.6029923553590122
      0.6047551881885305
      0.6065108330761332
       0.608258850699016
      0.6099988099315098
      0.6117302878460096
      0.6134528697116138
      0.6151661489912217
      0.6168697273373979
       0.618563214587077
      0.6202462287548589
      0.6219183960244816
      0.6235793507379417
      0.6252287353818581
      0.6268662005707796
      0.6284914050275108
      0.6301040155606722
      0.6317037070401054
      0.6332901623708439
      0.6348630724664217
      0.6364221362222556
      0.6379670604896353
      0.6394975600505876
      0.6410133575935076
      0.6425141836892718
      0.6439997767672193
      0.6454698830903416
      0.6469242567290396
      0.6483626595329313
      0.6497848611004913
      0.6511906387465244
      0.6525797774679056
      0.6539520699080321
      0.6553073163208236
      0.6566453245348922
      0.6579659099185337
      0.6592688953458604
      0.6605541111642041
      0.6618213951625742
      0.6630705925407132
      0.6643015558781763
      0.6655141451027768
      0.6667082274578935
      0.6678836774682529
      0.6690403769041118
      0.6701782147440676
      0.6712970871368303
      0.6723968973626313
      0.6734775557948233
      0.6745389798622689
      0.6755810940128041
      0.6766038296779516
      0.6776071252386194
      0.6785909259913887
      0.6795551841147316
      0.6804998586344868
      0.6814249153879181
      0.6823303269858978
      0.6832160727729857
      0.6840821387854322
      0.6849285177074572
      0.6857552088263159
      0.6865622179868033
      0.6873495575457734
      0.6881172463271636
      0.6888653095777986
      0.6895937789238887
      0.6903026923279926
      0.6909920940458912
      0.6916620345827422
       0.692312570647892
      0.6929437651078062
       0.693555686936791
      0.6941484111654332
      0.6947220188269934
      0.6952765969021401
      0.6958122382626125
      0.6963290416143714
      0.6968271114407614
       0.697306557945963
      0.6977674969987541
      0.6982100500764247
      0.6986343442082855
      0.6990405119182623
      0.6994286911658065
       0.699799025284646
      0.7001516629188899
      0.7004867579563808
      0.7008044694594024
      0.7011049615931449
       0.701388403552441
       0.701654969487469
      0.7019048384289597
      0.7021381942133449
      0.7023552254080848
      0.7025561252370196
      0.7027410915054968
      0.7029103265246432
      0.7030640370342276
      0.7032024341234406
      0.7033257331491461
       0.703434153651329
      0.7035279192657179
      0.7036072576339111
      0.7036724003114287
      0.7037235826743123
      0.7037610438248765
      0.7037850264970797
      0.7037957769618276
      0.7037935449322342
      0.7037785834685455
       0.703751148882378
       0.703711500639555
      0.7036599012610377
      0.7035966162213857
      0.7035219138444281
      0.7034360651961282
      0.7033393439748474
      0.7032320263994599
      0.7031143910959463
      0.7029867189831627
      0.7028492931583143
      0.7027023987826232
      0.7025463229672818
      0.7023813546596285
      0.7022077845291315
      0.7020259048526358
      0.7018360093982542
      0.7016383933072993
      0.7014333529738389
      0.7012211859216918
      0.7010021906789523
      0.7007766666503954
      0.7005449139883447
      0.7003072334626181
      0.7000639263302372
      0.6998152942053747
      0.6995616389298359
      0.6993032624440896
      0.6990404666585857
      0.6987735533249376
      0.6985028239063492
      0.6982285794467779
      0.6979511204383577
      0.6976707466868881
      0.6973877571754188
      0.6971024499263017
      0.6968151218622234
      0.6965260686669632
      0.6962355846465577
      0.6959439625915197
      0.6956514936404774
       0.695358467145398
      0.6950651705382135
       0.694771889198473
      0.6944789063214092
      0.6941865027858284
      0.6938949570212625
      0.6936045448740491
      0.6933155394722168
      0.6930282110894206
      0.6927428270083577
      0.6924596513843569
      0.6921789451098402
      0.6919009656804052
      0.6916259670630095
      0.6913541995665574
      0.6910859097149347
      0.6908213401221549
      0.6905607293692446
      0.6903043118822699
      0.6900523178110045
      0.6898049729078911
      0.6895624984071675
      0.6893251109043687
       0.689093022236588
      0.6888664393642508
      0.6886455642551217
        0.68843059377135
      0.6882217195601634
      0.6880191279486155
      0.6878229998424704
      0.6876335106290266
      0.6874508300834454
      0.6872751222779484
      0.6871065454933221
      0.6869452521321971
      0.6867913886338125
      0.6866450953902994
      0.6865065066647501
      0.6863757505116876
       0.686252948700653
       0.686138216643717
      0.6860316633276133
      0.6859333912510344
      0.6858434963673203
      0.6857620680324841
      0.6856891889582718
      0.6856249351697223
      0.6855693759666663
      0.6855225738886496
      0.6854845846829586
      0.6854554572756426
      0.6854352337458117
      0.6854239493036818
      0.6854216322730758
      0.6854283040791878
      0.6854439792422901
      0.6854686653779948
      0.6855023632042981
      0.6855450665553658
      0.6855967624017487
      0.6856574308763794
      0.6857270453056763
      0.6858055722450102
      0.6858929715180178
      0.6859891962593777
      0.6860941929610862
      0.6862079015225228
      0.6863302553048245
      0.6864611811902906
      0.6866005996475051
      0.6867484248027637
       0.686904564518162
      0.6870689204763704
      0.6872413882718601
      0.6874218575079998
      0.6876102118993286
      0.6878063293782636
      0.6880100822055427
      0.6882213370839868
      0.6884399552753572
      0.6886657927205337
      0.6888987001632945
      0.6891385232783986
      0.6893851028045215
      0.6896382746825945
      0.6898978701998748
      0.6901637161397685
      0.6904356349370474
       0.690713444837854
      0.6909969600636229
      0.6912859909779584
       0.691580344255593
       0.691879823052629
      0.6921842271776942
      0.6924933532638075
      0.6928069949412154
      0.6931249430115904
      0.6934469856241278
      0.6937729084541119
      0.6941024948843133
      0.6944355261892803
       0.694771781722398
      0.6951110391050781
      0.6954530744173625
      0.6957976623889522
      0.6961445765897372
      0.6964935896190079
      0.6968444732927663
      0.6971969988289122
      0.6975509370303513
      0.6979060584663865
      0.6982621336529022
      0.6986189332318289
      0.6989762281503922
      0.6993337898401855
      0.6996913903960411
      0.7000488027541063
      0.7004058008684113
      0.7007621598848821
       0.701117656311822
      0.7014720681858455
      0.7018251752326452
      0.7021767590221022
      0.7025266031177735
      0.7028744932210329
      0.7032202173103901
      0.7035635657766124
      0.7039043315542781
      0.7042423102501203
        0.70457730026834
      0.7049091029325955
      0.7052375226042268
      0.7055623667958698
      0.7058834462796354
      0.7062005751889879
      0.7065135711136662
      0.7068222551873442
      0.7071264521679649
      0.7074259905111301
      0.7077207024371766
      0.7080104239927096
      0.7082949951073932
      0.7085742596466416
      0.7088480654605435
       0.709116264429147
      0.7093787125037156
      0.7096352697433989
      0.7098858003465924
      0.7101301726761651
      0.7103682592779935
      0.7105999368924082
      0.7108250864586146
      0.7110435931124616
      0.7112553461783144
       0.711460239155989
       0.711658169703807
      0.7118490396187295
      0.7120327548142927
      0.7122092252967707
      0.7123783651396207
      0.7125400924559098
      0.7126943293682427
      0.7128410019755591
      0.7129800403163098
      0.7131113783276971
      0.7132349538010194
      0.7133507083335451
      0.7134585872776547
      0.7135585396883463
      0.7136505182702216
       0.713734479325115
      0.7138103827012514
       0.713878191744587
      0.7139378732524977
      0.7139893974296858
      0.7140327378458595
      0.7140678713944725
      0.7140947782520418
       0.714113441837498
      0.7141238487714184
      0.7141259888354327
      0.7141198549324367
      0.7141054430484765
      0.7140827522175098
      0.7140517844902373
      0.7140125449078741
      0.7139650414816919
      0.7139092851785451
      0.7138452899122973
       0.713773072540605
      0.7136926528663659
      0.7136040536429392
      0.7135073005824906
      0.7134024223668154
      0.7132894506606849
      0.7131684201279016
      0.7130393684506706
      0.7129023363532261
      0.7127573676306036
      0.7126045091834534
      0.7124438110594172
      0.7122753265012921
      0.7120991120016377
      0.7119152273631807
      0.7117237357639522
      0.7115247038259621
      0.7113182016862709
       0.711104303069493
      0.7108830853611495
      0.7106546296816718
      0.7104190209613508
      0.7101763480167245
      0.7099267036291815
      0.7096701846264838
      0.7094068919676825
      0.7091369308314853
      0.7088604107078375
      0.7085774454917356
      0.7082881535781981
       0.707992657956825
       0.707691086304517
       0.707383571074964
      0.7070702495839205
      0.7067512640897025
      0.7064267618688144
      0.7060968952869848
      0.7057618218662278
      0.7054217043485496
      0.7050767107568315
      0.7047270144530243
      0.7043727941934503
      0.7040142341804181
      0.7036515241089507
      0.7032848592071392
      0.7029144402684994
      0.7025404736748692
      0.7021631714086302
      0.7017827510535658
      0.7013994357841866
      0.7010134543438192
      0.7006250410121913
       0.700234435563354
      0.6998418832148057
      0.6994476345683678
       0.699051945542972
      0.6986550772989876
      0.6982572961532217
      0.6978588734833233
      0.6974600856201921
      0.6970612137269374
      0.6966625436633219
      0.6962643658349772
      0.6958669750273673
      0.6954706702250041
      0.6950757544168568
      0.6946825343893394
      0.6942913205081905
      0.6939024264904541
      0.6935161691673631
      0.6931328682384013
      0.6927528460162693
      0.6923764271620341
      0.6920039384094289
      0.6916357082772339
      0.6912720667689156
      0.6909133450590657
      0.6905598751669005
      0.6902119896176269
      0.6898700210931338
      0.6895343020738572
      0.6892051644738549
      0.6888829392709578
      0.6885679561336175
      0.6882605430453815
      0.6879610259274112
      0.6876697282588283
      0.6873869706942278
      0.6871130706775807
      0.6868483420517835
      0.6865930946635549
       0.686347633963942
      0.6861122606053869
      0.6858872700370271
      0.6856729521003485
      0.6854695906276895
      0.6852774630459751
       0.685096839987801
      0.6849279849114029
      0.6847711537303347
      0.6846265944529638
      0.6844945468313578
      0.6843752420187144
      0.6842689022345014
      0.6841757404367627
      0.6840959600015568
      0.6840297544102139
      0.6839773069458522
      0.6839387904012156
      0.6839143668002715
        0.68390418713601
      0.6839083911267356
      0.6839271069924121
      0.6839604512519006
      0.6840085285410495
      0.6840714314508383
      0.6841492403842224
      0.6842420234301174
      0.6843498362531164
      0.6844727219980112
      0.6846107112089396
      0.6847638217637502
      0.6849320588250262
      0.6851154148096478
      0.6853138693790523
       0.685527389452153
      0.6857559292423211
      0.6859994303189881
      0.6862578216935021
      0.6865310199278927
      0.6868189292645132
      0.6871214417740797
      0.6874384375197296
      0.6877697847350613
      0.6881153400149175
      0.6884749485186088
      0.6888484441861846
      0.6892356499690948
      0.6896363780770486
      0.6900504302427863
      0.6904775980060824
      0.6909176630173979
       0.691370397360588
      0.6918355638929573
      0.6923129166000023
       0.692802200961623
      0.6933031543264223
      0.6938155062910992
       0.694338979082686
      0.6948732879425225
       0.695418141511948
      0.6959732422208269
      0.6965382866806296
      0.6971129660841063
      0.6976969666132622
       0.698289969856559
      0.6988916532351385
      0.6995016904366107
      0.7001197518537216
      0.7007455050244448
      0.7013786150695983
       0.702018745124367
      0.7026655567608986
      0.7033187104003178
      0.7039778657139625
      0.7046426820150414
      0.7053128186428848
      0.7059879353426832
      0.7066676926433177
      0.7073517522353522
      0.7080397773499087
      0.7087314331376002
      0.7094263870452797
      0.7101243091869152
      0.7108248727043704
      0.7115277541136615
      0.7122326336331954
      0.7129391954916612
       0.713647128215077
      0.7143561248944236
      0.7150658834367351
      0.7157761068037446
      0.7164865032423102
      0.7171967865103661
      0.7179066761007048
      0.7186158974630865
      0.7193241822228963
      0.7200312683928448
      0.7207369005726549
      0.7214408301313174
      0.7221428153669687
      0.7228426216408722
      0.7235400214843247
      0.7242347946797876
      0.7249267283201537
      0.7256156168518881
      0.7263012621088641
      0.7269834733433125
      0.7276620672589373
      0.7283368680485903
      0.7290077074357711
      0.7296744247158958
      0.7303368667905494
       0.730994888186275
      0.7316483510493987
      0.7322971251096702
      0.7329410876089735
      0.7335801231952432
      0.7342141237866757
       0.734842988415544
      0.7354666230642789
      0.7360849405076382
      0.7366978601737749
      0.7373053080332846
      0.7379072165193702
       0.738503524474454
      0.7390941771102892
      0.7396791259602158
      0.7402583287958687
       0.740831749476537
      0.7413993576985595
      0.7419611286153204
