                       0
   4.996626666666712e-05
   0.0001997269431944678
    0.000449067679242451
   0.0007977646047684835
    0.001245584371408642
    0.001792284194712524
    0.002437611897222561
    0.003181305952383641
     0.00402309552926783
    0.004962700538097289
    0.005999831676546786
    0.007134190476806685
    0.008365469353384399
    0.009693351651622542
     0.01111751169691007
     0.01263761484456065
      0.0142533175303333
     0.01596426732156752
     0.01777010296890461
     0.01967045445856678
     0.02166494306516159
      0.0237531814049854
      0.0259347734897882
     0.02820931478097244
     0.03057639224419054
     0.03303558440430804
       0.035586461400698
     0.03822858504283292
     0.04096150886614069
     0.04378477818808571
     0.04669793016444513
     0.04970049384573907
     0.05279199023378661
     0.05597193233834396
     0.05923982523379626
     0.06259516611586333
     0.06603744435828743
     0.06956614156946442
     0.07318073164899117
     0.07688068084408393
     0.08066544780584671
     0.08453448364534738
      0.0884872319894756
     0.09252312903654505
     0.09664160361161027
      0.1008420772214753
      0.1051239641093505
      0.1094866713091406
      0.1139295986993296
      0.1184521390564401
       0.123053678108034
      0.1277335945852373
      0.1324912602747643
      0.1373260400704127
      0.1422372920240121
      0.1472243673958095
      0.1522866107042679
      0.1574233597752684
      0.1626339457906833
      0.1679176933363237
      0.1732739204492456
      0.1787019386643907
      0.1842010530605623
      0.1897705623057335
      0.1954097587016571
      0.2011179282278078
      0.2068943505846181
      0.2127382992360254
      0.2186490414513373
      0.2246258383463914
      0.2306679449240345
      0.2367746101139299
      0.2429450768116679
      0.2491785819172362
      0.2554743563728146
      0.2618316251999313
       0.268249607536006
      0.2747275166702451
        0.28126456007898
      0.2878599394603992
      0.2945128507687489
      0.3012224842479749
      0.3079880244648937
      0.3148086503418541
      0.3216835351889645
      0.3286118467359104
       0.335592747163366
      0.3426253931340732
      0.3497089358235975
       0.356842520950812
      0.3640252888081453
      0.3712563742916312
      0.3785349069308135
      0.3858600109185432
      0.3932308051407151
      0.4006464032060057
      0.4081059134756276
      0.4156084390932117
      0.4231530780148053
      0.4307389230390877
      0.4383650618378391
      0.4460305769867272
      0.4537345459964723
      0.4614760413444324
      0.4692541305067111
      0.4770678759908007
      0.4849163353688538
      0.4927985613116674
      0.5007136016233793
        0.50866049927704
      0.5166382924510335
      0.5246460145664845
      0.5326826943256896
      0.5407473557516516
      0.5488390182288098
      0.5569566965449947
      0.5650994009347201
      0.5732661371238729
      0.5814559063758713
      0.5896677055393779
      0.5979005270976199
      0.6061533592194179
      0.6144251858119971
      0.6227149865756141
      0.6310217370601563
      0.6393444087236957
      0.6476819689931436
      0.6560333813270607
      0.6643976052806582
      0.6727735965731397
      0.6811603071574013
      0.6895566852921556
      0.6979616756165986
      0.7063742192276395
      0.7147932537598173
      0.7232177134678949
      0.7316465293122834
      0.7400786290473166
       0.748512937312431
      0.7569483757263389
      0.7653838629842474
      0.7738183149582084
      0.7822506448005685
       0.790679763050717
      0.7991045777450538
      0.8075239945302938
      0.8159369167801697
      0.8243422457155273
      0.8327388805278968
      0.8411257185065598
       0.849501655169179
       0.857865584395998
      0.8662163985676573
      0.8745529887066379
       0.882874244622402
      0.8911790550602058
      0.8994663078536138
      0.9077348900807758
      0.9159836882244186
      0.9242115883355871
      0.9324174762011369
      0.9406002375149801
      0.9487587580530926
      0.9568919238522564
      0.9649986213924939
      0.9730777377832871
       0.981128160953412
      0.9891487798444857
      0.9971384846081413
       1.005096166806832
       1.013020719618108
       1.020911038042565
       1.028766019115119
       1.036584562119803
        1.04436556880791
       1.052107943619407
       1.059810593907603
       1.067472430166978
       1.075092366264122
       1.082669319671644
       1.090202211705002
       1.097689967762201
       1.105131517566171
        1.11252579540978
       1.119871740403387
        1.12716829672483
       1.134414413871659
       1.141609046915549
       1.148751156758812
       1.155839710392778
       1.162873681157972
       1.169852049005948
       1.176773800762613
       1.183637930392931
       1.190443439266761
       1.197189336425831
       1.203874638851517
        1.21049837173342
       1.217059568738445
       1.223557272280291
       1.229990533789159
       1.236358413981495
       1.242659983129554
        1.24889432133074
        1.25506051877629
       1.261157676019408
         1.2671849042424
       1.273141325522797
       1.279026073098163
       1.284838291629487
       1.290577137462826
        1.29624177888917
       1.301831396402219
        1.30734518295386
       1.312782344207241
       1.318142098787156
       1.323423678527583
       1.328626328716138
       1.333749308335315
       1.338791890300207
       1.343753361692646
       1.348633023991428
       1.353430193298512
       1.358144200561007
       1.362774391788691
       1.367320128266958
       1.371780786764948
       1.376155759738681
       1.380444455529056
       1.384646298554522
       1.388760729498216
       1.392787205489428
       1.396725200279312
       1.400574204410468
       1.404333725380508
       1.408003287799239
       1.411582433539427
       1.415070721881003
       1.418467729648564
       1.421773051341965
       1.424986299260055
       1.428107103617259
       1.431135112653017
       1.434069992733954
       1.436911428448618
       1.439659122694817
       1.442312796759354
       1.444872190390195
       1.447337061860908
        1.44970718802734
       1.451982364376579
       1.454162405067977
       1.456247142966355
       1.458236429667247
       1.460130135514273
       1.461928149608558
       1.463630379810149
       1.465236752731566
       1.466747213723366
       1.468161726851806
       1.469480274868629
       1.470702859172946
       1.471829499765405
       1.472860235194469
       1.473795122495042
       1.474634237119471
       1.475377672860921
       1.476025541769311
       1.476577974059739
       1.477035118013713
       1.477397139873069
       1.477664223726797
       1.477836571390921
       1.477914402281371
       1.477897953280252
       1.477787478595372
        1.47758324961329
       1.477285554746105
       1.476894699271929
       1.476411005169366
       1.475834810946104
       1.475166471461758
        1.47440635774514
       1.473554856806192
       1.472612371442602
       1.471579320041495
        1.47045613637615
        1.46924326939814
       1.467941183024907
        1.46655035592309
       1.465071281287714
       1.463504466617465
       1.461850433486251
        1.46010971731126
       1.458282867117632
        1.45637044530007
        1.45437302738148
       1.452291201768888
       1.450125569506808
       1.447876744028351
       1.445545350904085
       1.443132027589089
       1.440637423168145
        1.43806219809949
       1.435407023957179
        1.43267258317227
       1.429859568773077
       1.426968684124633
       1.424000642667585
       1.420956167656629
       1.417835991898786
       1.414640857491567
       1.411371515561318
        1.40802872600185
       1.404613257213515
       1.401125885842906
       1.397567396523411
       1.393938581616646
        1.39024024095505
       1.386473181585677
        1.38263821751538
       1.378736169457618
       1.374767864580801
       1.370734136258521
       1.366635823821679
       1.362473772312673
       1.358248832241712
       1.353961859345464
       1.349613714348028
       1.345205262724432
       1.340737374466709
       1.336210923852591
       1.331626789217059
       1.326985852726662
       1.322289000156805
        1.31753712067198
       1.312731106609104
       1.307871853263966
       1.302960258680852
       1.297997223445418
       1.292983650480832
       1.287920444847258
       1.282808513544681
       1.277648765319209
       1.272442110472704
       1.267189460675973
       1.261891728785355
       1.256549828662855
       1.251164674999815
       1.245737183144013
       1.240268268930374
       1.234758848515181
       1.229209838213806
       1.223622154341948
       1.217996713060387
       1.212334430223265
       1.206636221229795
       1.200903000879454
       1.195135683230653
       1.189335181462759
       1.183502407741545
       1.177638273087984
       1.171743687250336
       1.165819558579602
       1.159866793908105
       1.153886298431423
       1.147878975593325
        1.14184572697399
       1.135787452181163
        1.12970504874444
       1.123599412012475
       1.117471435053119
       1.111322008556444
       1.105152020740577
       1.098962357260317
       1.092753901118453
       1.086527532579719
        1.08028412908734
       1.074024565182139
       1.067749712424086
       1.061460439316288
       1.055157611231312
        1.04884209033981
       1.042514735541398
       1.036176402397638
       1.029827943067202
        1.02347020624306
       1.017104037091635
       1.010730277193895
       1.004349764488321
      0.9979633332156608
      0.9915718138654714
      0.9851760331242376
      0.9787768138252531
      0.9723749748999462
      0.9659713313307858
      0.9595666941055714
      0.9531618701731939
      0.9467576624006619
      0.9403548695314259
       0.933954286144945
      0.9275567026173794
      0.9211629050834675
      0.9147736753993834
      0.9083897911066907
      0.9020120253971623
      0.8956411470786271
      0.8892779205415974
      0.8829231057267063
      0.8765774580930047
      0.8702417285868692
      0.8639166636117114
      0.8576030049982198
      0.8513014899752686
       0.845012851141372
      0.8387378164366455
      0.8324771091152589
      0.8262314477183594
      0.8200015460473474
      0.8137881131376151
       0.807591853232543
        0.80141346575788
      0.7952536452963711
      0.7891130815626445
      0.7829924593783351
      0.7768924586474085
      0.7708137543316472
        0.76475701642631
      0.7587229099359031
      0.7527120948500654
      0.7467252261195515
      0.7407629536322625
      0.7348259221893517
      0.7289147714813552
      0.7230301360643049
       0.717172645335919
      0.7113429235117161
       0.705541589601136
      0.6997692573836225
      0.6940265353846617
      0.6883140268517609
      0.6826323297303765
      0.6769820366397717
      0.6713637348488007
      0.6657780062516069
      0.6602254273432553
      0.6547065691952562
      0.6492219974310314
      0.6437722722012532
      0.6383579481591359
      0.6329795744356026
      0.6276376946143901
      0.6223328467070367
      0.6170655631278429
      0.6118363706686833
      0.6066457904737866
      0.6014943380144578
      0.5963825230636957
      0.5913108496707895
      0.5862798161358307
      0.5812899149842229
      0.5763416329411286
      0.5714354509059102
        0.56657184392654
      0.5617512811740161
        0.55697422591676
      0.5522411354950777
      0.5475524612955942
      0.5429086487257632
      0.5383101371884151
      0.5337573600563705
      0.5292507446471383
      0.5247907121976898
      0.5203776778393598
      0.5160120505728508
      0.5116942332433649
      0.5074246225159127
      0.5032036088507423
      0.4990315764789901
      0.4949089033785032
      0.4908359612498572
      0.4868131154926193
      0.4828407251818407
      0.4789191430448139
      0.4750487154380759
      0.4712297823247323
       0.467462677252048
      0.4637477273293911
      0.4600852532064801
      0.4564755690520064
       0.452918982532602
      0.4494157947921952
      0.4459663004317701
      0.4425707874895315
      0.4392295374214863
      0.4359428250824903
       0.432710918707738
      0.4295340798947138
      0.4264125635856517
      0.4233466180504792
      0.4203364848703002
      0.4173823989213667
      0.4144845883596254
      0.4116432746058123
      0.4088586723311219
      0.4061309894434295
      0.4034604270741631
      0.4008471795657204
       0.398291434459544
      0.3957933724848101
      0.3933531675477636
      0.3909709867216967
       0.388646990237598
      0.3863813314754623
      0.3841741569562876
       0.382025606334764
      0.3799358123926521
      0.3779049010328769
      0.3759329912743291
      0.3740201952473831
      0.3721666181901615
      0.3703723584455101
      0.3686375074587348
      0.3669621497760628
      0.3653463630438656
      0.3637902180086486
      0.3622937785177673
      0.3608571015209422
       0.359480237072506
      0.3581632283344444
      0.3569061115801978
      0.3557089161992288
      0.3545716647023773
      0.3534943727279645
      0.3524770490487087
      0.3515196955793686
      0.3506223073851997
      0.3497848726911637
      0.3490073728918996
      0.3482897825624801
      0.3476320694699309
      0.3470341945854914
      0.3464961120976629
       0.346017769425999
      0.3455991072356384
      0.3452400594526049
      0.3449405532798245
      0.3447005092139016
      0.3445198410626172
       0.344398455963136
      0.3443362544009561
      0.3443331302295611
      0.3443889706907563
      0.3445036564357393
       0.344677061546817
      0.3449090535598414
      0.3451994934872906
      0.3455482358420199
      0.3459551286616783
      0.3464200135337566
      0.3469427256212837
      0.3475230936891484
      0.3481609401310203
      0.3488560809969089
      0.3496083260212955
      0.3504174786518606
      0.3512833360787924
      0.3522056892646571
      0.3531843229748164
       0.354219015808407
      0.3553095402298391
      0.3564556626008327
      0.3576571432129508
      0.3589137363206462
      0.3602251901747972
      0.3615912470567235
      0.3630116433126667
      0.3644861093887339
      0.3660143698662929
      0.3675961434977929
      0.3692311432430245
      0.3709190763057901
      0.3726596441709727
      0.3744525426420163
      0.3762974618787767
      0.3781940864357514
      0.3801420953006828
      0.3821411619335029
      0.3841909543056413
      0.3862911349396551
      0.3884413609491908
      0.3906412840792807
      0.3928905507469291
      0.3951888020820068
      0.3975356739684437
      0.3999307970857172
      0.4023737969505884
      0.4048642939591512
      0.4074019034291091
      0.4099862356423339
      0.4126168958876704
      0.4152934845039779
      0.4180155969234333
      0.4207828237150391
      0.4235947506283984
      0.4264509586376865
      0.4293510239858588
      0.4322945182290652
      0.4352810082813038
      0.4383100564592525
      0.4413812205273425
      0.4444940537430149
       0.447648104902184
        0.45084291838493
      0.4540780342013596
      0.4573529880376943
      0.4606673113025498
      0.4640205311734164
      0.4674121706433516
      0.4708417485678741
      0.4743087797120593
      0.4778127747978463
      0.4813532405515443
      0.4849296797515839
      0.4885415912764388
      0.4921884701528051
      0.4958698076039818
      0.4995850910984947
      0.5033338043989299
      0.5071154276110384
      0.5109294372330614
      0.5147753062053217
       0.518652503960041
      0.5225604964714614
      0.5264987463062164
      0.5304667126739884
      0.5344638514784351
      0.5384896153684315
      0.5425434537896227
      0.5466248130362608
      0.5507331363033778
      0.5548678637392979
      0.5590284324984919
      0.5632142767947783
      0.5674248279548939
      0.5716595144724284
      0.5759177620621698
      0.5801989937148192
      0.5845026297521387
      0.5888280878825298
      0.5931747832570077
      0.5975421285256615
      0.6019295338945645
      0.6063364071831577
      0.6107621538821126
      0.6152061772117118
      0.6196678781807301
      0.6241466556458547
      0.6286419063716265
      0.6331530250909836
      0.6376794045663308
      0.6422204356512229
      0.6467755073526105
      0.6513440068937717
      0.6559253197777908
      0.6605188298517299
      0.6651239193714464
      0.6697399690670882
      0.6743663582092456
       0.679002464675845
      0.6836476650197172
      0.6883013345369113
      0.6929628473357619
      0.6976315764066783
       0.702306893692725
      0.7069881701609835
      0.7116747758746811
      0.7163660800661478
      0.7210614512105857
      0.7257602571006528
      0.7304618649218856
      0.7351656413289851
      0.7398709525229346
      0.7445771643289957
      0.7492836422755935
      0.7539897516740491
      0.7586948576992333
      0.7633983254710878
      0.7680995201370638
      0.7727978069554781
      0.7774925513797557
      0.7821831191435898
      0.7868688763470248
      0.7915491895434552
      0.7962234258275444
       0.800890952924029
      0.8055511392774741
       0.810203354142921
      0.8148469676774491
      0.8194813510326162
      0.8241058764478101
      0.8287199173444917
      0.8333228484212871
      0.8379140457499913
      0.8424928868723668
      0.8470587508978281
      0.8516110186019398
      0.8561490725257025
      0.8606722970756635
      0.8651800786247626
      0.8696718056139504
      0.8741468686545226
      0.8786046606311703
      0.8830445768056736
      0.8874660149212756
      0.8918683753076717
      0.8962510609865741
      0.9006134777778451
      0.9049550344061429
      0.9092751426080592
      0.9135732172396925
      0.9178486763846696
      0.9221009414624778
      0.9263294373371804
      0.9305335924263486
       0.934712838810303
      0.9388666123414678
      0.9429943527539268
      0.9470955037730299
      0.9511695132250406
      0.9552158331467664
      0.9592339198951321
      0.9632232342566019
       0.967183241556427
      0.9711134117676665
      0.9750132196198336
      0.9788821447072693
      0.9827196715969944
      0.9865252899361405
      0.9902984945587812
      0.9940387855921322
      0.9977456685620778
       1.001418654497939
       1.005057260036432
       1.008661007524664
        1.01222942512228
       1.015762046902448
       1.019258412951866
       1.022718069469517
       1.026140568864206
       1.029525469850818
        1.03287233754515
        1.03618074355735
       1.039450266083792
       1.042680489997402
        1.04587100693631
       1.049021415390801
       1.052131320788494
       1.055200335577622
        1.05822807930848
       1.061214178712854
       1.064158267781406
        1.06705998783901
       1.069918987617879
       1.072734923328585
       1.075507458728675
       1.078236265189122
       1.080921021758301
       1.083561415223621
        1.08615714017064
       1.088707899039745
       1.091213402180224
       1.093673367901793
        1.09608752252352
       1.098455600420038
       1.100777344065136
       1.103052504072624
       1.105280839234445
       1.107462116556025
       1.109596111288907
       1.111682606960516
       1.113721395401151
       1.115712276768182
       1.117655059567381
       1.119549560671465
       1.121395605335782
       1.123193027211183
       1.124941668354119
       1.126641379233858
       1.128292018736945
       1.129893454168895
       1.131445561253078
       1.132948224126958
       1.134401335335461
       1.135804795821828
       1.137158514915706
       1.138462410318613
       1.139716408086858
       1.140920442611913
       1.142074456598234
       1.143178401038641
       1.144232235187296
       1.145235926530286
       1.146189450753935
       1.147092791710793
       1.147945941383439
       1.148748899846191
       1.149501675224629
       1.150204283653145
       1.150856749230516
       1.151459103973537
       1.152011387768883
       1.152513648323118
        1.15296594111101
       1.153368329322233
       1.153720883806462
       1.154023683017001
       1.154276812952906
       1.154480367099811
        1.15463444636939
       1.154739159037618
       1.154794620681912
       1.154800954117066
       1.154758289330247
       1.154666763415023
       1.154526520504452
       1.154337711703351
       1.154100495019821
       1.153815035296063
       1.153481504138514
       1.153100079847439
       1.152670947345968
       1.152194298108722
        1.15167033008995
       1.151099247651354
       1.150481261489598
       1.149816588563558
        1.14910545202135
       1.148348081127197
       1.147544711188161
       1.146695583480832
       1.145800945177907
       1.144861049274803
        1.14387615451625
       1.142846525323004
       1.141772431718572
        1.14065414925611
       1.139491958945411
       1.138286147180043
       1.137037005664696
       1.135744831342707
       1.134409926323786
       1.133032597811917
       1.131613158033569
       1.130151924166082
       1.128649218266244
       1.127105367199234
       1.125520702567707
       1.123895560641129
        1.12223028228538
       1.120525212892575
       1.118780702311104
       1.116997104775911
       1.115174778838972
       1.113314087299955
       1.111415397137064
       1.109479079438077
       1.107505509331524
       1.105495065917993
       1.103448132201582
        1.10136509502137
       1.099246344983108
        1.09709227639085
       1.094903287178683
       1.092679778842466
       1.090422156371575
       1.088130828180673
       1.085806206041335
       1.083448705013711
       1.081058743378077
       1.078636742566271
       1.076183127093027
       1.073698324487157
       1.071182765222539
       1.068636882648998
       1.066061112922932
       1.063455894937725
       1.060821670253955
       1.058158883029349
        1.05546797994848
       1.052749410152178
       1.050003625166671
       1.047231078832466
       1.044432227232889
       1.041607528622303
       1.038757443354062
       1.035882433808101
       1.032982964318262
       1.030059501099188
        1.02711251217302
       1.024142467295652
        1.02114983788279
         1.0181350969356
       1.015098718966089
       1.012041179922179
       1.008962957112532
       1.005864529131048
       1.002746375781119
      0.9996089779996706
      0.9964528177809269
      0.9932783780999841
      0.9900861428361634
      0.9868765966962443
      0.9836502251375003
      0.9804075142906115
      0.9771489508824924
      0.9738750221590238
      0.9705862158077807
      0.9672830198806706
      0.9639659227166801
      0.9606354128645394
      0.9572919790055867
      0.9539361098766725
      0.9505682941931968
      0.9471890205723503
      0.9437987774565233
       0.940398053037016
      0.9369873351779634
      0.9335671113405906
      0.9301378685078585
      0.9267000931094196
      0.9232542709470701
      0.9198008871206369
      0.9163404259543295
      0.9128733709237125
      0.9094002045831622
      0.9059214084939582
      0.9024374631530647
      0.8989488479225154
      0.8954560409595511
      0.8919595191475056
       0.888459758027474
      0.8849572317307537
      0.8814524129121728
      0.8779457726842719
      0.8744377805524364
      0.8709289043508797
      0.8674196101796757
      0.8639103623427713
      0.8604016232869809
      0.8568938535420558
      0.8533875116617938
      0.8498830541662981
      0.8463809354852529
      0.8428816079024339
      0.8393855215012621
      0.8358931241115495
       0.832404861257504
      0.8289211761067584
      0.8254425094207887
      0.8219692995064147
      0.8185019821685587
      0.8150409906643009
      0.8115867556580806
      0.8081397051781991
      0.8047002645745311
       0.801268856477546
      0.7978459007584741
      0.7944318144907875
      0.7910270119128977
       0.787631904392065
      0.7842469003895639
      0.7808724054270137
      0.7775088220539889
      0.7741565498167512
      0.7708159852282241
       0.767487521739134
      0.7641715497102811
      0.7608684563859839
      0.7575786258686202
       0.754302439094296
      0.7510402738095706
      0.7477925045492655
      0.7445595026152771
      0.7413416360564147
      0.7381392696492235
      0.7349527648797785
      0.7317824799263843
      0.7286287696432251
      0.7254919855448696
      0.7223724757916682
      0.7192705851759715
      0.7161866551091404
      0.7131210236093142
      0.7100740252899664
      0.7070459913491044
      0.7040372495591466
      0.7010481242574411
      0.6980789363373782
       0.695130003240054
