                       0
   4.996626666701995e-05
   0.0001997269431962802
   0.0004490676792470253
   0.0007977646047737835
    0.001245584371416093
    0.001792284194725018
    0.002437611897244902
    0.003181305952408698
     0.00402309552927572
    0.004962700538111067
    0.005999831676557856
    0.007134190476840318
    0.008365469353436565
    0.009693351651646965
     0.01111751169695053
       0.012637614844635
     0.01425331753042346
     0.01596426732165966
     0.01777010296893274
     0.01967045445870251
     0.02166494306523371
     0.02375318140509857
     0.02593477348997082
     0.02820931478115699
     0.03057639224430749
     0.03303558440444916
     0.03558646140087767
     0.03822858504285632
     0.04096150886610337
     0.04378477818790256
     0.04669793016441431
     0.04970049384572221
      0.0527919902338824
     0.05597193233856347
     0.05923982523416868
     0.06259516611632583
     0.06603744435887612
      0.0695661415697673
     0.07318073164935547
     0.07688068084446126
      0.0806654478065279
     0.08453448364594596
     0.08848723198994862
      0.0925231290374388
     0.09664160361250616
      0.1008420772226172
      0.1051239641108927
       0.109486671311408
      0.1139295987022675
      0.1184521390608175
      0.1230536781143313
      0.1277335945934479
      0.1324912602851835
      0.1373260400847479
      0.1422372920435442
      0.1472243674215825
      0.1522866107365392
      0.1574233598164711
      0.1626339458433816
      0.1679176934026325
      0.1732739205320309
      0.1787019387677889
      0.1842010531883545
      0.1897705624643304
      0.1954097588962618
      0.2011179284663858
      0.2068943508767839
      0.2127382995909801
      0.2186490418820915
      0.2246258388683259
      0.2306679455528259
      0.2367746108708528
      0.2429450777188877
      0.2491785830025418
      0.2554743576690818
      0.2618316267416737
       0.268249609368282
      0.2747275188408387
      0.2812645626442012
       0.287859942483847
      0.2945128543268279
      0.3012224884245493
      0.3079880293583149
      0.3148086560634282
      0.3216835418633858
       0.328611854506792
      0.3355927561935176
      0.3426254036078901
      0.3497089479497302
      0.3568425349646507
      0.3640253049756539
      0.3712563929115738
      0.3785349283380513
      0.3858600354893008
      0.3932308332947651
      0.4006464354166647
      0.4081059502668018
      0.4156084810524209
      0.4231531257965129
      0.4307389773715575
      0.4383651235287561
      0.4460306469321081
      0.4537346251914454
      0.4614761308862304
      0.4692542316113919
      0.4770679900023258
      0.4849164637650149
      0.4927987057258936
      0.5007137638463113
      0.5086606812809105
      0.5166384964015531
      0.5246462428392975
      0.5326829495239267
      0.5407476407193782
      0.5488393360790242
      0.5569570506770548
      0.5650997950576373
      0.5732665752795599
      0.5814563929655092
      0.5896682453525803
      0.5979011253396609
      0.6061540215392682
      0.6144259183427143
      0.6227157959590458
      0.6310226304933825
      0.6393453939919703
      0.6476830545136331
      0.6560345761938798
      0.6643989193033771
      0.6727750403256002
       0.681161892036809
      0.6895584235647897
      0.6979635804790103
      0.7063763048580187
      0.7147955353914994
      0.7232202074427524
      0.7316492531494436
      0.7400816015203942
      0.7485161785222963
       0.756951907174079
      0.7653877076510435
      0.7738224974027921
      0.7822551912300553
       0.790684701424377
      0.7991099378657138
      0.8075298081371705
      0.8159432176598053
      0.8243490698089028
      0.8327462660419725
      0.8411337060232439
      0.8495102877645844
      0.8578749077662448
      0.8662264611589874
       0.874563841840857
      0.8828859426349402
      0.8911916554457016
      0.8994798713979655
      0.9077494810158457
      0.9159993743828566
      0.9242284413068171
      0.9324355714907707
      0.9406196547048151
      0.9487795809707964
      0.9569142407569539
      0.9650225251314782
      0.9731033259925569
      0.9811555362289455
      0.9891780499308104
      0.9971697625864515
       1.005129571315773
       1.013056375012585
        1.02094907462795
       1.028806573330616
       1.036627776745606
       1.044411593186585
       1.052156933863349
        1.05986271311159
       1.067527848614173
       1.075151261652434
       1.082731877329976
       1.090268624804362
       1.097760437550788
       1.105206253583579
       1.112605015700817
       1.119955671728533
       1.127257174800864
       1.134508483580798
       1.141708562513127
       1.148856382096878
       1.155950919125005
       1.162991156950211
       1.169976085739289
       1.176904702736877
       1.183776012535365
        1.19058902730445
       1.197342767088789
       1.204036260038985
       1.210668542703446
       1.217238660271395
       1.223745666840258
       1.230188625680185
       1.236566609498192
       1.242878700671887
       1.249123991565688
       1.255301584718423
       1.261410593165933
       1.267450140648979
       1.273419361898263
        1.27931740286574
       1.285143421006471
       1.290896585486569
       1.296576077452492
       1.302181090283798
       1.307710829812003
       1.313164514564571
       1.318541376007786
        1.32384065877233
        1.32906162087911
       1.334203533970123
       1.339265683514283
       1.344247369049852
       1.349147904379172
       1.353966617761951
       1.358702852148497
       1.363355965353494
       1.367925330257487
       1.372410335010188
       1.376810383191502
       1.381124893997024
        1.38535330242362
       1.389495059415052
       1.393549632018807
       1.397516503583414
       1.401395173850864
       1.405185159145447
        1.40888599248928
       1.412497223727032
       1.416018419659316
       1.419449164174161
       1.422789058320968
       1.426037720454172
       1.429194786300505
       1.432259909060388
         1.4352327595058
       1.438113026034953
       1.440900414751092
       1.443594649521947
       1.446195472041193
       1.448702641878024
       1.451115936494968
       1.453435151319267
       1.455660099745605
       1.457790613166772
       1.459826540964658
       1.461767750535449
       1.463614127301382
       1.465365574662756
       1.467022014018054
       1.468583384726308
       1.470049644072122
       1.471420767243682
       1.472696747259905
       1.473877594968759
       1.474963338952962
       1.475954025461439
       1.476849718366317
       1.477650499067077
       1.478356466430385
       1.478967736657439
       1.479484443234742
       1.479906736804446
       1.480234785056484
       1.480468772650249
       1.480608901035638
       1.480655388379736
       1.480608469420327
       1.480468395303697
       1.480235433493276
       1.479909867588604
       1.479491997180093
       1.478982137698897
       1.478380620255626
       1.477687791461484
        1.47690401329454
       1.476029662875759
       1.475065132341409
        1.47401082861965
       1.472867173275007
       1.471634602304011
       1.470313565949521
       1.468904528499112
       1.467407968088767
       1.465824376498005
       1.464154258956427
       1.462398133920069
       1.460556532872215
       1.458630000116599
       1.456619092551565
       1.454524379446009
       1.452346442253019
       1.450085874345642
        1.44774328084329
       1.445319278339998
       1.442814494710761
       1.440229568891518
       1.437565150629049
       1.434821900262729
       1.432000488499958
        1.42910159619332
       1.426125914091099
       1.423074142633242
       1.419946991693727
       1.416745180371389
       1.413469436765177
       1.410120497731276
       1.406699108641915
       1.403206023184828
       1.399642003109776
       1.396007818029053
       1.392304245174793
       1.388532069146469
       1.384692081747465
       1.380785081710346
       1.376811874486976
       1.372773272035706
       1.368670092602092
        1.36450316047872
       1.360273305819763
       1.355981364398131
       1.351628177406814
       1.347214591253497
       1.342741457325008
       1.338209631796088
         1.3336199754246
       1.328973353349828
       1.324270634875319
       1.319512693275974
       1.314700405601706
       1.309834652483061
       1.304916317934295
        1.29994628916658
       1.294925456394803
       1.289854712636363
        1.28473495356938
       1.279567077297572
        1.27435198422078
       1.269090576818523
       1.263783759487783
       1.258432438395033
       1.253037521266682
        1.24759991724516
       1.242120536726239
       1.236600291196744
       1.231040093072702
       1.225440855530217
       1.219803492379938
       1.214128917888034
         1.2084180466292
       1.202671793364605
       1.196891072876838
       1.191076799835222
       1.185229888662201
       1.179351253378994
       1.173441807500166
       1.167502463870928
       1.161534134579242
       1.155537730772981
       1.149514162600259
       1.143464339029472
       1.137389167775454
       1.131289555162629
       1.125166406011601
       1.119020623524956
       1.112853109177317
       1.106664762615983
       1.100456481555608
       1.094229161674426
       1.087983696504893
         1.0817209773461
       1.075441893150754
       1.069147330449014
       1.062838173249532
       1.056515302937439
       1.050179598221337
       1.043831934997667
       1.037473186300424
       1.031104222212229
         1.0247259097779
       1.018339112921673
        1.01194469237456
       1.005543505592511
      0.9991364067146633
      0.9927242464323973
      0.9863078719749669
      0.9798881270101618
      0.9734658515818496
      0.9670418820323565
      0.9606170509627472
      0.9541921871530452
      0.9477681154983685
      0.9413456569624443
      0.9349256284925341
      0.9285088429947322
      0.9220961092439106
      0.9156882318566187
       0.909286011206076
      0.9028902433960417
      0.8965017202046821
      0.8901212290042533
      0.8837495527524659
      0.8773874699015797
      0.8710357543929025
      0.8646951755750669
      0.8583664981695788
      0.8520504822299291
      0.8457478830862684
      0.8394594513038781
       0.833185932653518
      0.8269280680376414
      0.8206865934879475
      0.8144622400865766
      0.8082557339506379
      0.8020677961841817
      0.7958991428355793
      0.7897504848607977
      0.7836225280892362
       0.777515973177579
       0.771431515582756
      0.7653698455158905
      0.7593316479053784
      0.7533176023734993
      0.7473283831861153
      0.7413646592267742
      0.7354270939687996
      0.7295163454114783
      0.7236330660822453
      0.7177779029836344
       0.711951497563847
      0.7061544856858649
      0.7003874975941841
      0.6946511578788996
      0.6889460854461593
      0.6832728934884412
      0.6776321894538456
      0.6720245750116028
      0.6664506460264097
      0.6609109925181293
      0.6554061986484154
      0.6499368426703994
      0.6445034969179233
      0.6391067277607018
      0.6337470955885816
      0.6284251547638798
       0.623141453620693
       0.617896534410626
      0.6126909332796288
      0.6075251802549979
      0.6023997992037355
      0.5973153078126748
      0.5922722175477604
      0.5872710336405027
      0.5823122550560185
      0.5773963744699708
      0.5725238782402562
      0.5676952463828808
      0.5629109525354913
      0.5581714639496307
      0.5534772414510476
      0.5488287394214025
      0.5442264057723604
       0.539670681921078
      0.5351620027682844
       0.530700796669324
      0.5262874854182312
      0.5219224842231291
      0.5176062016741311
      0.5133390397366608
      0.5091213937107283
      0.5049536522263752
      0.5008361972199551
      0.4967694039042664
      0.4927536407536901
      0.4887892694839632
      0.4848766450368825
      0.4810161155515634
      0.4772080223588342
      0.4734526999466316
      0.4697504759594133
      0.4661016711667191
      0.4625065994606096
      0.4589655678267446
      0.4554788763346651
      0.4520468181212189
      0.4486696793799347
      0.4453477393375534
      0.4420812702512619
      0.4388705373941816
      0.4357157990333856
      0.4326173064276531
      0.4295753038093358
      0.4265900283896992
      0.4236617103283509
       0.420790572736375
      0.4179768316610121
      0.4152206960881757
      0.4125223679142617
      0.4098820419695917
      0.4072999059862054
       0.404776140605945
      0.4023109193702039
      0.3999044087208021
      0.3975567679918236
      0.3952681494104461
      0.3930386980928666
      0.3908685520435075
        0.38875784215588
      0.3867066922128138
      0.3847152188870965
      0.3827835317436192
      0.3809117332368868
      0.3790999187238868
      0.3773481764583613
      0.3756565876047173
      0.3740252262342624
      0.3724541593334192
        0.37094344681963
      0.3694931415353225
      0.3681032892696907
      0.3667739287543342
      0.3655050916821536
      0.3642968027159081
      0.3631490794980217
      0.3620619326671876
       0.361035365860318
      0.3600693757412085
      0.3591639519992005
      0.3583190773742194
      0.3575347276732366
      0.3568108717763837
      0.3561474716617398
      0.3555444824273059
      0.3550018522947306
      0.3545195226408465
       0.354097428015836
      0.3537354961563851
      0.3534336480160136
      0.3531917977773612
      0.3530098528807205
      0.3528877140501179
      0.3528252753050799
      0.3528224239941437
      0.3528790408210878
      0.3529949998580427
      0.3531701685869613
      0.3534044079131075
      0.3536975722021117
      0.3540495093027741
      0.3544600605714011
       0.354929060908972
      0.3554563387816018
      0.3560417162565306
      0.3566850090349305
      0.3573860264697292
      0.3581445716104727
       0.358960441227494
      0.3598334258445129
      0.3607633097759532
      0.3617498711577375
      0.3627928819756535
      0.3638921081057415
      0.3650473093436337
      0.3662582394457057
      0.3675246461567736
      0.3688462712487096
      0.3702228505569539
      0.3716541140182794
       0.373139785703007
      0.3746795838537891
      0.3762732209246138
      0.3779204036142972
      0.3796208329084256
      0.3813742041164685
      0.3831802069068562
       0.385038525351012
      0.3869488379597017
      0.3889108177206339
      0.3909241321422994
      0.3929884432890806
      0.3951034078265056
      0.3972686770575615
      0.3994838969602106
      0.4017487082386927
      0.4040627463577532
      0.4064256415826055
      0.4088370190200117
      0.4112964986712073
      0.4138036954546959
       0.416358219268656
      0.4189596750181955
      0.4216076626648446
      0.4243017772703346
      0.4270416090344805
       0.429826743347601
      0.4326567608194321
      0.4355312373398075
      0.4384497441119563
      0.4414118477002846
      0.4444171100688826
      0.4474650886374069
      0.4505553363138134
      0.4536874015504677
      0.4568608283841359
       0.460075156474116
      0.4633299211641587
      0.4666246535160825
      0.4699588803612956
      0.4733321243459741
      0.4767439039753225
      0.4801937336647312
       0.483681123786209
      0.4872055807145906
      0.4907666068786073
      0.4943637007987099
      0.4979963571534029
      0.5016640668104487
      0.5053663168886193
      0.5091025907983173
      0.5128723683011597
      0.5166751255434718
      0.5205103351235869
      0.5243774661381742
      0.5282759842341573
      0.5322053516486137
      0.5361650272725003
      0.5401544667026693
      0.5441731222963639
      0.5482204432123569
      0.5522958754710328
      0.5563988620203993
      0.5605288427757339
      0.5646852546777428
      0.5688675317459269
      0.5730751051417136
       0.577307403220136
      0.5815638515909773
      0.5858438731655604
      0.5901468882293501
       0.594472314486606
      0.5988195671243546
      0.6031880588836499
      0.6075772001007569
      0.6119863987758937
      0.6164150606374691
      0.6208625892026698
      0.6253283858372971
      0.6298118498199098
      0.6343123784071699
      0.6388293668974419
      0.6433622086862706
      0.6479102953492356
      0.6524730166975831
      0.6570497608517835
      0.6616399142860405
      0.6662428619342654
      0.6708579872278674
      0.6754846721738252
      0.6801222974282838
      0.6847702423724256
      0.6894278851679037
      0.6940946028456348
      0.6987697713658469
      0.7034527656917237
      0.7081429598737341
      0.7128397271160366
      0.7175424398486649
      0.7222504698181474
      0.7269631881473998
      0.7316799654193262
      0.7364001717596913
      0.7411231769079679
      0.7458483502978513
      0.7505750611417956
      0.7553026785040887
      0.7600305713823762
      0.7647581087999961
      0.7694846598768972
      0.7742095939189024
      0.7789322804936171
      0.7836520895144024
      0.7883683913366207
      0.7930805568329518
      0.7977879574790682
      0.8024899654378048
      0.8071859536504873
      0.8118752959296363
      0.8165573670265965
      0.8212315427354082
      0.8258971999759847
      0.8305537168918526
       0.835200472925953
      0.8398368489110684
      0.8444622271722687
      0.8490759915986321
      0.8536775277566789
      0.8582662229582553
      0.8628414663642338
      0.8674026490785101
      0.8719491642266384
      0.8764804070652293
      0.8809957750594896
      0.8854946679817752
      0.8899764880015797
      0.8944406397891973
      0.8988865305899304
      0.9033135703264719
      0.9077211716948776
      0.9121087502560659
      0.9164757245270756
      0.9208215160770705
      0.9251455496188248
      0.9294472530912188
      0.9337260577763228
      0.9379813983691718
      0.9422127130927906
      0.9464194437632353
      0.9506010359125494
      0.9547569388525597
      0.9588866057895575
      0.9629894939126038
       0.967065064476878
      0.9711127828958299
      0.9751321188431602
      0.9791225463301426
      0.9830835438042563
      0.9870145942517831
      0.9909151852586041
      0.9947848091302015
      0.9986229629519062
       1.002429148698368
        1.00620287332374
       1.009943648836979
       1.013650992383109
       1.017324426344918
       1.020963478435419
       1.024567681749148
        1.02813657489798
       1.031669702037788
       1.035166612999598
       1.038626863349425
       1.042050014462948
       1.045435633624208
       1.048783294091198
        1.05209257518684
       1.055363062370466
       1.058594347319327
       1.061786027995295
       1.064937708728531
       1.068049000298436
       1.071119519982595
       1.074148891652584
       1.077136745846472
       1.080082719814472
       1.082986457611642
       1.085847610138343
       1.088665835254377
       1.091440797778123
       1.094172169609022
       1.096859629753511
       1.099502864411633
       1.102101567004835
        1.10465543826746
        1.10716418627658
       1.109627526514932
        1.11204518193647
       1.114416882998091
       1.116742367718675
       1.119021381741891
       1.121253678361331
       1.123439018558928
       1.125577171083386
       1.127667912464013
       1.129711027052421
       1.131706307071382
        1.13365355263974
       1.135552571816467
       1.137403180617516
       1.139205203049142
       1.140958471161526
       1.142662825046351
       1.144318112864366
       1.145924190883226
        1.14748092346693
       1.148988183150151
       1.150445850574711
       1.151853814572074
       1.153211972151853
       1.154520228495554
       1.155778496972668
       1.156986699161128
        1.15814476483501
       1.159252631961865
       1.160310246710816
       1.161317563436919
       1.162274544698154
       1.163181161220248
       1.164037391887962
       1.164843223760487
       1.165598652030686
       1.166303680010326
       1.166958319116608
       1.167562588834581
       1.168116516724975
       1.168620138375712
       1.169073497363745
       1.169476645246236
       1.169829641507862
       1.170132553549689
       1.170385456627264
       1.170588433836283
       1.170741576043777
       1.170844981850774
       1.170898757583237
       1.170903017185311
       1.170857882202495
       1.170763481738363
       1.170619952385583
       1.170427438167759
       1.170186090487502
       1.169896068083341
        1.16955753694127
       1.169170670244617
       1.168735648298229
       1.168252658497087
       1.167721895220053
       1.167143559776161
       1.166517860337538
       1.165845011858879
       1.165125236008931
       1.164358761090188
       1.163545821955802
       1.162686659960914
       1.161781522854407
       1.160830664716123
       1.159834345849578
       1.158792832731817
        1.15770639790709
       1.156575319915657
       1.155399883209531
       1.154180378047105
       1.152917100417469
       1.151610351957172
       1.150260439873157
       1.148867676809849
       1.147432380804421
        1.14595487519092
       1.144435488464789
       1.142874554245826
       1.141272411168635
       1.139629402776619
       1.137945877446017
       1.136222188285461
        1.13445869303305
       1.132655753987201
       1.130813737905488
        1.12893301590673
       1.127013963366965
       1.125056959842875
       1.123062388978165
        1.12103063840765
       1.118962099677199
       1.116857168108752
       1.114716242766243
       1.112539726327799
       1.110328025004539
       1.108081548440877
       1.105800709632505
       1.103485924859636
       1.101137613551514
       1.098756198221409
       1.096342104387487
       1.093895760465957
       1.091417597702249
       1.088908050082168
       1.086367554218291
       1.083796549303943
       1.081195477015285
       1.078564781416864
       1.075904908888103
       1.073216308045949
       1.070499429661817
        1.06775472657293
       1.064982653598186
       1.062183667486206
       1.059358226821871
       1.056506791941883
       1.053629824865692
       1.050727789218416
       1.047801150180059
       1.044850374364689
       1.041875929797214
       1.038878285792876
       1.035857912933354
       1.032815282979176
       1.029750868789536
       1.026665144257062
        1.02355858425621
       1.020431664566301
       1.017284861793072
       1.014118653328235
       1.010933517271662
       1.007729932373652
       1.004508377955216
       1.001269333869489
      0.9980132804367596
      0.9947406983655434
      0.9914520687169326
      0.9881478728226885
      0.9848285922475382
      0.9814947087147357
      0.9781467040759233
      0.9747850602084911
      0.9714102590032194
      0.9680227822930494
      0.9646231117943211
      0.9612117290637741
      0.9577891154186746
      0.9543557519245977
      0.9509121193154235
      0.9474586979388141
      0.9439959677327806
      0.9405244081320434
      0.9370444980522574
        0.93355671582823
      0.9300615391495735
       0.926559445044025
      0.9230509098035246
      0.9195364089316932
      0.9160164171198147
      0.9124914081731477
      0.9089618549735549
      0.9054282294307038
      0.9018910024449608
      0.8983506438434659
      0.8948076223407809
      0.8912624054889663
      0.8877154596530159
      0.8841672499275447
      0.8806182401102807
      0.8770688926739241
      0.8735196686935839
      0.8699710278157669
      0.8664234281937737
      0.8628773264738122
      0.8593331777185998
      0.8557914353985964
      0.8522525513207357
      0.8487169755758981
      0.8451851565469054
      0.8416575407884762
      0.8381345730488464
      0.8346166961995877
      0.8311043511781054
       0.827597976984388
      0.8240980106023171
      0.8206048869752756
      0.8171190389439303
      0.8136408972439509
      0.8101708904202348
       0.806709444804111
      0.8032569844790618
        0.79981393122501
      0.7963807044956797
      0.7929577213500569
      0.7895453964458689
      0.7861441419678574
      0.7827543676018495
      0.7793764805021315
      0.7760108852405642
      0.7726579837756629
      0.7693181754014726
      0.7659918567214037
      0.7626794215990915
       0.759381261134027
      0.7560977636139899
      0.7528293144770206
      0.7495762962770439
      0.7463390886564221
      0.7431180682917087
      0.7399136088718835
       0.736726081047941
      0.7335558524138389
      0.7304032874673324
      0.7272687475756495
      0.7241525909236163
      0.7210551725107407
      0.7179768441008687
      0.7149179541835112
      0.7118788479515425
      0.7088598672672457
      0.7058613506314776
