                       0
   4.996626666665073e-05
    0.000199726943194394
    0.000449067679242255
    0.000797764604768262
    0.001245584371408303
    0.001792284194711904
    0.002437611897221426
    0.003181305952382395
    0.004023095529267312
    0.004962700538096367
     0.00599983167654613
    0.007134190476805066
    0.008365469353381647
    0.009693351651620883
     0.01111751169690757
     0.01263761484455649
     0.01425331753032841
     0.01596426732156258
     0.01777010296890289
      0.0196704544585602
     0.02166494306515826
     0.02375318140498013
     0.02593477348977985
     0.02820931478096408
     0.03057639224418554
       0.033035584404303
     0.03558646140069113
     0.03822858504283407
     0.04096150886614672
     0.04378477818810089
     0.04669793016445643
     0.04970049384575528
     0.05279199023380427
     0.05597193233836699
     0.05923982523382777
     0.06259516611591442
     0.06603744435836295
     0.06956614156959741
     0.07318073164918135
     0.07688068084435501
     0.08066544780622231
     0.08453448364588684
     0.08848723199023437
     0.09252312903757026
     0.09664160361301628
      0.1008420772233721
       0.105123964111889
      0.1094866713125052
      0.1139295987037785
      0.1184521390622625
      0.1230536781156139
      0.1277335945950905
      0.1324912602875087
      0.1373260400867657
      0.1422372920448919
      0.1472243674223701
      0.1522866107379729
      0.1574233598178079
      0.1626339458441297
      0.1679176934032431
      0.1732739205327124
      0.1787019387680811
      0.1842010531889523
      0.1897705624640801
      0.1954097588963443
      0.2011179284663465
      0.2068943508759009
       0.212738299590667
      0.2186490418817563
      0.2246258388671908
      0.2306679455524428
      0.2367746108699708
      0.2429450777188361
      0.2491785830027963
      0.2554743576684196
      0.2618316267424166
      0.2682496093677366
      0.2747275188403112
      0.2812645626438389
      0.2878599424849988
      0.2945128543274139
      0.3012224884259641
      0.3079880293594883
      0.3148086560640281
      0.3216835418651562
      0.3286118545096893
      0.3355927561976214
      0.3426254036132524
      0.3497089479562376
      0.3568425349722952
      0.3640253049837021
      0.3712563929197228
      0.3785349283467874
      0.3858600354985843
      0.3932308333062907
      0.4006464354283846
      0.4081059502814255
      0.4156084810697104
       0.423153125816205
      0.4307389773931638
      0.4383651235532166
      0.4460306469606855
      0.4537346252232826
      0.4614761309247751
      0.4692542316572562
       0.477067990054915
       0.484916463828325
       0.492798705798622
      0.5007137639340637
      0.5086606813856136
      0.5166384965250151
      0.5246462429830905
      0.5326829496893783
      0.5407476409130927
      0.5488393363045748
       0.556957050939083
      0.5650997953613649
      0.5732665756318405
      0.5814563933743243
      0.5896682458252408
      0.5979011258849029
      0.6061540221703244
      0.6144259190694723
      0.6227157967986237
      0.6310226314601122
      0.6393453951037071
      0.6476830557891955
      0.6560345776513192
      0.6643989209678021
      0.6727750422286639
      0.6811618942082387
      0.6895584260405947
      0.6979635832964757
      0.7063763080638493
      0.7147955390299783
      0.7232202115680197
      0.7316492578250624
      0.7400816068133739
      0.7485161845052202
      0.7569519139305108
      0.7653877152774565
      0.7738225059957349
      0.7822552009050087
      0.7906847123040787
      0.7991099500853186
      0.8075298218520226
      0.8159432330383946
      0.8243490870340131
      0.8327462853114439
      0.8411337275577436
       0.849510311808965
      0.8578749345885378
      0.8662264910493215
      0.8745638751197692
      0.8828859796529377
      0.8911916965796746
      0.8994799170661565
      0.9077495316737667
      0.9159994305236359
      0.9242285034648505
      0.9324356402463833
      0.9406197306927367
       0.948779664882906
      0.9569143333329604
      0.9650226271839002
      0.9731034383903016
      0.9811556599154702
      0.9891781859283734
       0.997169912004622
       1.005129735329809
       1.013056554909914
       1.020949271779562
       1.028806789218833
       1.036628012970017
       1.044411851458109
       1.052157216015436
       1.059863021108685
       1.067528184568994
       1.075151627824046
       1.082732276133956
       1.090269058829759
        1.09776090955295
       1.105206766499344
       1.112605572664608
       1.119956276091744
       1.127257830119446
       1.134509193634584
        1.14170933132573
       1.148857213936985
       1.155951818525047
       1.162992128716712
       1.169977134967664
       1.176905834822426
       1.183777233174425
       1.190590342528979
       1.197344183263682
       1.204037783892092
       1.210670181325059
       1.217240421134037
       1.223747557813278
       1.230190655041735
       1.236568785944518
        1.24288103335475
       1.249126490071176
       1.255304259119889
        1.26141345400917
       1.267453198987482
       1.273422629296631
       1.279320891425163
        1.28514714335745
       1.290900554823797
          1.296580307545
       1.302185595475227
       1.307715625043422
       1.313169615390076
       1.318546798601208
       1.323846419939185
       1.329067738070183
       1.334210025286984
       1.339272567729352
       1.344254665598087
        1.34915563336688
       1.353974799989343
       1.358711509099954
       1.363365119212087
       1.367935003909732
       1.372420552034231
       1.376821167866782
       1.381136271304637
        1.38536529803129
       1.389507699682505
       1.393562944005998
       1.397530515012712
       1.401409913126703
       1.405200655324212
       1.408902275269344
       1.412514323442767
       1.416036367263115
       1.419467991201675
        1.42280879689266
       1.426058403233317
       1.429216446480279
         1.4322825803372
       1.435256476035432
       1.438137822409278
       1.440926325962505
       1.443621710928896
       1.446223719324781
       1.448732110995017
        1.45114666365284
        1.45346717290966
       1.455693452300758
       1.457825333302073
       1.459862665341389
       1.461805315800563
       1.463653170011086
       1.465406131244621
       1.467064120693583
       1.468627077446797
       1.470094958457829
       1.471467738505689
       1.472745410150712
        1.47392798368008
       1.475015487050844
       1.476007965824603
       1.476905483094655
       1.477708119408579
        1.47841597268283
       1.479029158114028
       1.479547808080248
       1.479972072039599
       1.480302116421929
       1.480538124513059
       1.480680296337759
       1.480728848532149
       1.480684014214104
       1.480546042848659
       1.480315200105023
       1.479991767712571
       1.479576043310133
       1.479068340290618
       1.478468987641606
        1.47777832978202
       1.476996726392609
       1.476124552245913
       1.475162197028211
       1.474110065161636
       1.472968575619517
       1.471738161740541
       1.470419271038308
         1.4690123650085
       1.467517918932905
       1.465936421680623
       1.464268375505922
       1.462514295845273
       1.460674711110138
       1.458750162478487
       1.456741203684496
       1.454648400806512
       1.452472332051304
       1.450213587540076
       1.447872769089181
       1.445450489993397
       1.442947374804792
       1.440364059111621
       1.437701189317441
        1.43495942241814
       1.432139425778641
       1.429241876908603
       1.426267463239383
       1.423216881898373
       1.420090839485539
          1.416890051848
        1.41361524385519
       1.410267149175038
       1.406846510050457
       1.403354077074502
       1.399790608968146
       1.396156872356672
       1.392453641548522
       1.388681698315241
       1.384841831668798
       1.380934837644608
       1.376961519082761
       1.372922685410902
       1.368819152428262
       1.364651742092261
       1.360421282304136
       1.356128606698382
       1.351774554432118
       1.347359969976297
       1.342885702910051
       1.338352607714491
       1.333761543569597
        1.32911337415232
       1.324408967437646
       1.319649195500372
       1.314834934319277
       1.309967063583236
       1.305046466499466
       1.300074029603841
       1.295050642573305
       1.289977198041164
       1.284854591412014
       1.279683720682893
        1.27446548626248
       1.269200790796178
       1.263890538991393
       1.258535637444471
       1.253136994472831
       1.247695519946759
       1.242212125124211
       1.236687722488377
        1.23112322558756
       1.225519548877765
        1.21987760756613
       1.214198317458867
       1.208482594810621
       1.202731356175028
       1.196945518259734
       1.191125997782474
       1.185273711329762
       1.179389575218945
       1.173474505360293
        1.16752941712464
       1.161555225209495
       1.155552843512342
       1.149523185000793
       1.143467161590102
       1.137385684018996
       1.131279661730104
       1.125150002752136
       1.118997613584092
       1.112823399081924
       1.106628262346749
       1.100413104615736
        1.09417882515518
       1.087926321156032
        1.08165648763064
       1.075370217312617
       1.069068400557656
       1.062751925247098
       1.056421676693679
       1.050078537547567
       1.043723387707507
       1.037357104230832
       1.030980561246495
        1.02459462987041
       1.018200178122281
       1.011798070843889
       1.005389169619695
      0.9989743326973599
      0.9925544149140346
      0.9861302676191515
      0.9797027386029233
      0.9732726720242948
      0.9668409083419343
      0.9604082842445398
      0.9539756325847371
      0.9475437823137662
      0.9411135584169039
      0.9346857818519227
      0.9282612694863994
      0.9218408340392742
      0.9154252840208691
      0.9090154236771513
      0.9026120529319334
      0.8962159673324352
      0.8898279579966578
      0.8834488115588056
      0.8770793101196382
      0.8707202311939707
      0.8643723476627889
      0.8580364277241715
      0.8517132348455744
      0.8454035277176808
      0.8391080602086829
      0.8328275813188494
      0.8265628351379398
      0.8203145608004253
      0.8140834924447347
      0.8078703591706708
      0.8016758849989337
      0.7955007888311898
      0.7893457844105358
      0.7832115802826201
      0.7770988797579091
      0.7710083808738023
      0.7649407763580777
      0.7588967535926272
      0.7528769945772669
       0.746882175895062
      0.7409129686771977
      0.7349700385685488
      0.7290540456951404
      0.7231656446293258
      0.7173054843577642
      0.7114742082488213
      0.7056724540204437
      0.6999008537085295
      0.6941600336358397
      0.6884506143809606
      0.6827732107476768
      0.6771284317347246
      0.6715168805060575
      0.6659391543609869
      0.6603958447053471
      0.6548875370218392
      0.6494148108421597
      0.6439782397178081
      0.6385783911925408
      0.6332158267740152
      0.6278911019069503
      0.6226047659445478
      0.6173573621225614
      0.6121494275322028
      0.6069814930928815
      0.6018540835265348
      0.5967677173311141
      0.5917229067553905
        0.58672015777271
      0.5817599700559321
      0.5768428369520766
      0.5719692454576185
      0.5671396761937653
      0.5623546033826332
      0.5576144948222765
       0.552919811863585
      0.5482710093863841
       0.543668535776209
      0.5391128329013267
      0.5346043360898575
      0.5301434741076269
      0.5257306691356507
      0.5213663367484159
      0.5170508858927176
      0.5127847188657975
      0.5085682312952743
      0.5044018121178879
       0.500285843559358
      0.4962207011149858
      0.4922067535298943
      0.4882443627799677
      0.4843338840528774
      0.4804756657302446
      0.4766700493691169
      0.4729173696851067
      0.4692179545346313
      0.4655721248987837
      0.4619801948666135
      0.4584424716197568
      0.4549592554170399
      0.4515308395795677
      0.4481575104762924
      0.4448395475105596
      0.4415772231063045
      0.4383708026952869
      0.4352205447052142
      0.4321267005475884
       0.429089514606763
      0.4261092242286516
      0.4231860597114843
      0.4203202442958868
       0.417511994156073
      0.4147615183912053
      0.4120690190185023
       0.409434690964915
      0.4068587220617087
      0.4043412930381042
      0.4018825775162604
      0.3994827420065599
      0.3971419459038958
      0.3948603414842722
      0.3926380739023837
      0.3904752811896918
      0.3883720942531366
      0.3863286368746923
      0.3843450257114928
      0.3824213702967393
      0.3805577730415022
      0.3787543292366016
      0.3770111270560299
      0.3753282475602988
      0.3737057647012677
       0.372143745327265
      0.3706422491885683
      0.3692013289446669
       0.367821030171037
      0.3665013913678239
      0.3652424439682962
      0.3640442123484665
      0.3629067138375289
      0.3618299587286437
       0.360813950291228
      0.3598586847827457
      0.3589641514627078
       0.358130332606132
      0.3573572035182578
      0.3566447325503695
      0.3559928811156544
      0.3554016037058684
      0.3548708479095293
      0.3544005544297164
      0.3539906571031104
      0.3536410829200209
      0.3533517520443809
      0.3531225778352703
      0.3529534668683966
       0.352844318958443
      0.3527950271827076
      0.3528054779044942
      0.3528755507974959
      0.3530051188714579
      0.3531940484972224
      0.3534421994337526
       0.353749424854638
      0.3541155713759787
      0.3545404790847859
      0.3550239815675001
      0.3555659059397432
       0.356166072876118
      0.3568242966406943
      0.3575403851187028
      0.3583141398476793
      0.3591453560500218
      0.3600338226657877
      0.3609793223858062
      0.3619816316855655
      0.3630405208597879
      0.3641557540569575
      0.3653270893148359
      0.3665542785959667
      0.3678370678241972
      0.3691751969212387
      0.3705683998437402
      0.3720164046207912
       0.373518933392032
      0.3750757024459747
       0.376686422258646
      0.3783507975329516
      0.3800685272380057
      0.3818393046490378
      0.3836628173878299
      0.3855387474630199
      0.3874667713111658
      0.3894465598380663
      0.3914777784601068
      0.3935600871463638
      0.3956931404605163
      0.3978765876034806
      0.4001100724562602
       0.402393233622502
      0.4047257044720504
      0.4071071131845329
      0.4095370827931076
      0.4120152312280327
      0.4145411713616696
      0.4171145110521334
      0.4197348531885832
      0.4224017957358319
      0.4251149317794045
      0.4278738495710953
      0.4306781325740399
      0.4335273595090428
      0.4364211043997717
      0.4393589366192485
      0.4423404209359663
      0.4453651175605959
      0.4484325821920731
      0.4515423660649478
      0.4546940159958475
      0.4578870744308753
      0.4611210794932046
      0.4643955650298865
      0.4677100606600689
      0.4710640918225615
      0.4744571798239106
      0.4778888418867394
      0.4813585911979143
      0.4848659369571267
      0.4884103844256857
      0.4919914349753748
      0.4956085861379809
      0.4992613316538376
       0.502949161522145
      0.5066715620501869
      0.5104280159036022
      0.5142180021562457
      0.5180409963412235
      0.5218964705008966
      0.5257838932380039
       0.529702729766641
      0.5336524419643356
      0.5376324884231606
      0.5416423245017846
      0.5456814023776393
       0.549749171099991
      0.5538450766425718
      0.5579685619563016
       0.562119067023421
       0.566296028911363
      0.5704988818269808
      0.5747270571709315
      0.5789799835928644
      0.5832570870466826
      0.5875577908467721
      0.5918815157236658
      0.5962276798812988
      0.6005956990538911
      0.6049849865630349
      0.6093949533766041
      0.6138250081668966
      0.6182745573695926
      0.6227430052433216
      0.6272297539299292
      0.6317342035149138
      0.6362557520886429
       0.640793795808018
      0.6453477289592778
      0.6499169440200139
       0.654500831723197
      0.6590987811209298
      0.6637101796501352
      0.6683344131962928
      0.6729708661607372
      0.6776189215268662
      0.6822779609273143
      0.6869473647116426
      0.6916265120156564
      0.6963147808299507
      0.7010115480704582
      0.7057161896490741
      0.7104280805445554
      0.7151465948750505
      0.7198711059708297
      0.7246009864472889
      0.7293356082797694
      0.7340743428781784
       0.738816561162384
      0.7435616336388003
      0.7483089304774437
      0.7530578215893218
      0.7578076767052276
      0.7625578654548045
       0.767307757445837
      0.7720567223452803
      0.7768041299600157
      0.7815493503190595
      0.7862917537559821
      0.7910307109915129
      0.7957655932176313
      0.8004957721820074
      0.8052206202729314
      0.8099395106046943
      0.8146518171034417
      0.8193569145946605
      0.8240541788897583
      0.8287429868739086
      0.8334227165939357
       0.838092747347555
      0.8427524597724178
      0.8474012359352445
      0.8520384594225152
      0.8566635154298281
      0.8612757908536416
      0.8658746743817687
      0.8704595565845827
        0.87502983000719
      0.8795848892605801
      0.8841241311142948
      0.8886469545884311
      0.8931527610461554
       0.897640954285817
      0.9021109406343605
      0.9065621290396472
      0.9109939311630176
      0.9154057614721869
      0.9197970373339079
      0.9241671791066289
      0.9285156102330618
       0.932841757333037
      0.9371450502947645
       0.941424922367923
       0.945680810254536
      0.9499121542017985
      0.9541183980920283
      0.9582989895349127
      0.9624533799571698
      0.9665810246930493
      0.9706813830744423
      0.9747539185203339
      0.9787980986253099
      0.9828133952484669
      0.9867992846011456
      0.9907552473336086
      0.9946807686233166
      0.9985753382595761
       1.002438450730446
        1.00626960530661
       1.010068306125692
       1.013834062276273
       1.017566387880754
       1.021264802176979
       1.024928829599059
       1.028557999859409
       1.032151848026285
       1.035709914604994
       1.039231745613941
       1.042716892662796
       1.046164913029086
       1.049575369732771
       1.052947831611559
        1.05628187339381
       1.059577075771686
       1.062833025472592
       1.066049315330378
       1.069225544354913
       1.072361317800482
       1.075456247234991
       1.078509950605547
       1.081522052304455
       1.084492183235002
       1.087419980874399
        1.09030508933776
       1.093147159437764
       1.095945848748269
       1.098700821661475
       1.101411749448117
       1.104078310313948
       1.106700189457581
       1.109277079124403
        1.11180867866206
       1.114294694573323
       1.116734840567519
        1.11912883761254
       1.121476413984135
       1.123777305314115
       1.126031254638538
       1.128238012444537
        1.13039733671391
        1.13250899296827
       1.134572754311647
        1.13658840147154
       1.138555722839588
       1.140474514510253
       1.142344580318935
       1.144165731878501
       1.145937788613066
       1.147660577792988
       1.149333934567108
        1.15095770199299
       1.152531731067825
       1.154055880754081
       1.155530018009537
       1.156954017809494
       1.158327763171425
       1.159651145177745
       1.160924062995869
       1.162146423896373
       1.163318143271152
       1.164439144648974
       1.165509359709083
       1.166528728293837
       1.167497198418096
        1.16841472627906
       1.169281276263108
       1.170096820949347
       1.170861341114023
       1.171574825731501
       1.172237271973141
       1.172848685205401
       1.173409078983605
       1.173918475046137
       1.174376903305996
       1.174784401838999
        1.17514101687149
       1.175446802764014
       1.175701821995144
        1.17590614514085
        1.17605985085374
       1.176163025838904
       1.176215764826039
       1.176218170543285
       1.176170353685164
       1.176072432878933
       1.175924534649805
       1.175726793383305
       1.175479351284834
        1.17518235833656
       1.174835972253673
        1.17444035843674
        1.17399568992261
       1.173502147331219
       1.172959918812825
       1.172369199990979
       1.171730193903571
       1.171043110941869
       1.170308168787009
       1.169525592344563
       1.168695613676843
       1.167818471931588
       1.166894413270811
       1.165923690795722
       1.164906564471221
       1.163843301045768
       1.162734173971919
       1.161579463322665
       1.160379455707065
       1.159134444184427
       1.157844728175384
       1.156510613371416
        1.15513241164265
       1.153710440945897
       1.152245025227466
       1.150736494326657
       1.149185183879381
       1.147591435215883
       1.145955595260538
       1.144278016430007
       1.142559056528957
       1.140799078645511
       1.138998451045761
       1.137157547066181
       1.135276745005918
       1.133356428018587
       1.131396984003274
       1.129398805493885
         1.1273622895485
       1.125287837638423
       1.123175855535903
       1.121026753204287
       1.118840944683167
       1.116618847977624
       1.114360884945301
       1.112067481184256
       1.109739065920297
       1.107376071893571
       1.104978935248479
       1.102548095420984
       1.100083995026897
       1.097587079751593
       1.095057798239029
       1.092496601982107
       1.089903945214619
       1.087280284801434
       1.084626080131522
       1.081941793011757
        1.07922788756099
       1.076484830105172
       1.073713089073879
       1.070913134898322
       1.068085439910313
       1.065230478241198
       1.062348725723786
       1.059440659795655
       1.056506759402628
       1.053547504904689
       1.050563377981822
       1.047554861544621
       1.044522439642423
       1.041466597376911
        1.03838782081342
       1.035286596896832
       1.032163413368392
          1.029018758684
       1.025853121933512
       1.022666992762893
       1.019460861298132
       1.016235218069359
       1.012990553938269
       1.009727360026541
       1.006446127646919
       1.003147348234194
      0.9998315132792628
      0.9964991142651982
      0.9931506426037451
      0.9897865895748961
      0.9864074462664389
      0.9830137035171866
      0.9796058518592154
      0.9761843814654581
       0.972749782094684
      0.9693025430404978
      0.9658431530816329
       0.962372100432823
      0.9588898726986044
      0.9553969568259491
      0.9518938390608012
      0.9483810049051151
      0.9448589390736803
      0.9413281254551065
      0.9377890470709953
       0.934242186037707
       0.930688023529844
        0.92712703974225
        0.92355971385573
      0.9199865240027677
      0.9164079472326433
      0.9128244594797482
      0.9092365355311155
      0.9056446489948736
      0.9020492722690271
      0.8984508765120895
      0.8948499316129706
      0.8912469061619993
      0.8876422674210599
      0.8840364812969149
      0.8804300123121742
      0.8768233235768118
      0.8732168767615358
      0.8696111320698813
      0.8660065482116373
      0.8624035823741504
      0.8588026901965977
      0.8552043257409208
      0.8516089414657653
      0.8480169881993921
      0.8444289151096657
      0.8408451696795672
      0.8372661976761311
       0.833692443123475
      0.8301243482746637
      0.8265623535809482
      0.8230068976639274
      0.8194584172850832
      0.8159173473163711
      0.8123841207078987
      0.8088591684586491
      0.8053429195840456
      0.8018358010835774
      0.7983382379086752
      0.7948506529287725
      0.7913734668987117
      0.7879070984229976
      0.7844519639222366
       0.781008477597072
       0.777577051391814
      0.7741580949584053
      0.7707520156188548
      0.7673592183279869
      0.7639801056346611
      0.7606150776433269
      0.7572645319740758
      0.7539288637231351
      0.7506084654224014
      0.7473037269983815
      0.7440150357303732
      0.7407427762093106
      0.7374873302948481
      0.7342490770732215
      0.7310283928135372
      0.7278256509243252
      0.7246412219098722
      0.7214754733268263
      0.7183287697385681
      0.7152014726713481
      0.7120939405697133
       0.709006528751203
      0.7059395893611868
      0.7028934713278252
