                       0
   2.799860557012462e-05
   0.0001121600034180453
   0.0002527757544503059
   0.0004499870225443166
   0.0007037931851439858
    0.001014064833473789
    0.001380560288440428
    0.001802944554394108
    0.002280809519667475
    0.002813694194053058
    0.003401103848590443
    0.004042527083243271
    0.004737450076554399
    0.005485367545244276
    0.006285790234147267
    0.007138249039885778
    0.008042296119342979
     0.00899750352508925
     0.01000346003043077
     0.01105976685107378
     0.01216603294163935
     0.01332187045439414
     0.01452689081148418
      0.0157807016810804
     0.01708290498325099
      0.0184330959021414
     0.01983086276220042
      0.0212757875472116
     0.02276744680504494
     0.02430541268598483
     0.02588925390089917
     0.02751853644673937
      0.0291928240189846
     0.03091167810161752
     0.03267465778519759
     0.03448131940539948
     0.03633121611453517
     0.03822389749708309
     0.04015890932054378
     0.04213579348028336
     0.04415408815851765
     0.04621332817971092
     0.04831304551372635
      0.0504527698577803
     0.05263202922099772
     0.05485035044066769
     0.05710725957509093
     0.05940228214051497
     0.06173494318495657
     0.06410476721525897
     0.06651127801220934
     0.06895399837956244
     0.07143244987529851
     0.07394615256829751
     0.07649462485224522
      0.0790773833337087
     0.08169394279573571
     0.08434381622474328
     0.08702651487890921
     0.08974154837189618
     0.09248842474680154
      0.0952666505208587
     0.09807573069019179
      0.1009151686939944
      0.1037844663467547
      0.1066831237543581
      0.1096106392332172
      0.1125665092514979
       0.115550228407487
      0.1185612894538056
      0.1215991833680495
      0.1246633994628951
      0.1277534255222304
      0.1308687479460006
       0.134008851885621
      0.1371732213537422
      0.1403613392968273
      0.1435726876248588
       0.146806747199177
      0.1500629977851033
      0.1533409179802799
      0.1566399851318994
      0.1599596752554428
      0.1632994629655964
      0.1666588214259745
      0.1700372223197147
      0.1734341358389134
      0.1768490306871567
      0.1802813740876135
      0.1837306317889427
      0.1871962680622824
       0.190677745685913
      0.1941745259168874
      0.1976860684522179
      0.2012118313853562
      0.2047512711649148
       0.208303842562506
      0.2118689986560127
      0.2154461908315171
      0.2190348688049824
       0.222634480660824
      0.2262444729025162
      0.2298642905084584
      0.2334933769854422
      0.2371311744130195
      0.2407771234739032
      0.2444306634675028
      0.2480912323067699
      0.2517582665012226
      0.2554312011305678
      0.2591094698146121
      0.2627925046853358
      0.2664797363657478
      0.2701705939587529
      0.2738645050471388
      0.2775608957041012
      0.2812591905114011
      0.2849588125822405
      0.2886591835849836
      0.2923597237648429
       0.296059851962121
      0.2997589856263607
       0.303456540828353
      0.3071519322725521
      0.3108445733136554
      0.3145338759808471
      0.3182192510129012
      0.3219001079058329
      0.3255758549737301
      0.3292458994212378
      0.3329096474250222
      0.3365665042210177
      0.3402158741928441
      0.3438571609585402
      0.3474897674524207
      0.3511130960010284
      0.3547265483930062
      0.3583295259450262
      0.3619214295657311
      0.3655016598212036
      0.3690696170051632
      0.3726247012164025
      0.3761663124454775
      0.3796938506707011
      0.3832067159634334
      0.3867043086008692
      0.3901860291842463
      0.3936512787607198
      0.3970994589465289
      0.4005299720513831
      0.4039422212030893
      0.4073356104741824
      0.4107095450114251
      0.4140634311713365
      0.4173966766629729
      0.4207086907002223
       0.423998884164701
       0.427266669779122
      0.4305114622903458
      0.4337326786602133
      0.4369297382619068
       0.440102063079306
      0.4432490779068738
      0.4463702105485338
      0.4494648920146677
       0.452532556717521
      0.4555726426653002
      0.4585845916578134
      0.4615678494840908
      0.4645218661256404
      0.4674460959653262
      0.4703399980037702
      0.4732030360832006
      0.4760346791177389
      0.4788344013291018
      0.4816016824863298
       0.484336008147546
      0.4870368699027295
      0.4897037656164155
      0.4923361996702161
      0.4949336832060923
      0.4974957343707468
      0.5000218785630626
      0.5025116486856975
      0.5049645854016085
      0.5073802373967871
      0.5097581616478903
      0.5120979236949953
       0.514399097917472
      0.5166612678108045
      0.5188840262631688
      0.5210669758291542
      0.5232097290001796
      0.5253119084701522
      0.5273731473967567
      0.5293930896592278
      0.5313713901131625
      0.5333077148441044
      0.5352017414210312
      0.5370531591505286
      0.5388616693323781
      0.5406269855159627
      0.5423488337568921
      0.5440269528728482
      0.5456610946969477
       0.547251024327209
      0.5487965203709861
      0.5502973751840434
      0.5517533951031872
      0.5531644006733814
      0.5545302268704515
      0.5558507233194521
      0.5571257545100345
      0.5583552000097406
      0.5595389546752227
      0.5606769288615777
      0.5617690486280965
       0.562815255940189
      0.5638155088655187
       0.564769781762682
      0.5656780654614222
      0.5665403674333728
      0.5673567119521824
      0.5681271402442276
      0.5688517106297721
      0.5695304986561595
      0.5701635972232534
      0.5707511167029667
      0.5712931850532121
      0.5717899479269702
      0.5722415687752733
      0.5726482289447399
      0.5730101277675915
      0.5733274826435337
      0.5736005291115642
      0.5738295209123409
      0.5740147300383428
      0.5741564467739743
      0.5742549797245988
      0.5743106558360905
      0.5743238204051386
      0.5742948370815909
      0.5742240878639544
      0.5741119730874505
      0.5739589114054999
      0.5737653397630936
      0.5735317133619847
      0.5732585056159297
      0.5729462080950113
      0.5725953304578215
      0.5722064003713182
      0.5717799634180045
      0.5713165829901069
      0.5708168401726025
      0.5702813336154077
      0.5697106793956851
      0.5691055108716228
      0.5684664785278695
      0.5677942498138121
      0.5670895089725884
      0.5663529568621493
      0.5655853107658957
      0.5647873041925158
      0.5639596866633327
       0.563103223486884
      0.5622186955199416
      0.5613068989147348
      0.5603686448530558
      0.5594047592680457
      0.5584160825541216
      0.5574034692660108
      0.5563677878074865
       0.555309920109948
      0.5542307613002817
       0.553131219358038
      0.5520122147604324
      0.5508746801132501
      0.5497195597683319
        0.54854780942443
      0.5473603957125865
      0.5461582957646592
      0.5449424967659847
      0.5437139954924192
      0.5424737978327728
      0.5412229182974884
      0.5399623795140481
      0.5386932117100398
      0.5374164521834599
       0.536133144759682
      0.5348443392346998
       0.533551090802731
      0.5322544594683166
      0.5309555094396654
      0.5296553085051606
      0.5283549273903393
      0.5270554390969486
      0.5257579182243237
      0.5244634402739402
      0.5231730809380165
      0.5218879153743189
      0.5206090174667585
      0.5193374590736205
      0.5180743092626754
      0.5168206335338408
      0.5155774930290202
      0.5143459437279007
      0.5131270356308049
      0.5119218119273937
      0.5107313081527449
      0.5095565513313075
      0.5083985591103224
      0.5072583388853187
      0.5061368869192236
      0.5050351874577461
      0.5039542118434952
      0.5028949176303095
      0.5018582476995154
      0.5008451293794314
      0.4998564735686311
      0.4988931738640455
      0.4979561056943049
      0.4970461254593267
      0.4961640696776622
      0.4953107541432609
      0.4944869730940359
      0.4936934983948767
      0.4929310787388213
         0.4922004388687
      0.4915022788228751
       0.490837273207917
      0.4902060705003033
       0.489609292379419
      0.4890475330931747
      0.4885213588574553
      0.4880313072904334
      0.4875778868828003
      0.4871615765053295
      0.4867828249550308
      0.4864420505421773
      0.4861396407197506
      0.4858759517584254
      0.4856513084685635
      0.4854660039716701
      0.4853202995228614
      0.4852144243851778
      0.4851485757562289
      0.4851229187466166
      0.4851375864096121
      0.4851926798206824
       0.485288268205803
      0.4854243891166175
      0.4856010486521796
       0.485818221725833
      0.4860758523766971
      0.4863738541256491
        0.48671211037532
      0.4870904748537848
      0.4875087721007517
      0.4879667979958971
      0.4884643203266654
      0.4890010793939151
      0.4895767886523395
      0.4901911353830468
      0.4908437813946442
      0.4915343637502744
      0.4922624955175929
      0.4930277665392159
      0.4938297442219869
      0.4946679743429462
      0.4955419818706885
      0.4964512718006517
      0.4973953300032697
      0.4983736240821093
      0.4993856042409281
       0.500430704156544
      0.5015083418546418
       0.502617920585521
      0.5037588296967173
      0.5049304454995855
      0.5061321321272897
       0.507363242382058
      0.5086231185701524
      0.5099110933239005
      0.5112264904095203
      0.5125686255210011
      0.5139368070594703
      0.5153303368973996
      0.5167485111277859
      0.5181906207967332
      0.5196559526186182
      0.5211437896726058
      0.5226534120789839
      0.5241840976539766
       0.525735122542366
      0.5273057618272743
      0.5288952901165253
      0.5305029821064893
      0.5321281131236761
      0.5337699596451075
       0.535427799798184
      0.5371009138411724
      0.5387885846247513
      0.5404900980341294
      0.5422047434134092
      0.5439318139695293
      0.5456706071568372
      0.5474204250416302
      0.5491805746452877
      0.5509503682668873
      0.5527291237854658
      0.5545161649419401
      0.5563108216026577
      0.5581124300053101
      0.5599203329887009
      0.5617338802076577
      0.5635524283347362
      0.5653753412484441
      0.5672019902096797
      0.5690317540256913
       0.570864019201987
      0.5726981800814543
      0.5745336389714774
      0.5763698062578255
      0.5782061005070087
      0.5800419485567035
      0.5818767855956424
       0.583710055234118
       0.585541209566165
      0.5873697092248225
      0.5891950234312731
       0.591016630038348
      0.5928340155696776
      0.5946466752527527
      0.5964541130476601
      0.5982558416696511
      0.6000513826050162
      0.6018402661212761
      0.6036220312699763
      0.6053962258838159
      0.6071624065675002
      0.6089201386834666
       0.610668996334588
       0.612408562342629
      0.6141384282260345
      0.6158581941750835
      0.6175674690271499
      0.6192658702404392
      0.6209530238670998
      0.6226285645244932
      0.6242921353643741
      0.6259433880399256
      0.6275819826703506
      0.6292075878017096
      0.6308198803670627
      0.6324185456434405
      0.6340032772082569
       0.635573776895426
      0.6371297547524787
      0.6386709289977576
      0.6401970259791357
      0.6417077801347478
      0.6432029339535179
      0.6446822379363134
       0.646145450557344
      0.6475923382232767
      0.6490226752321805
      0.6504362437297979
      0.6518328336646169
      0.6532122427408278
      0.6545742763714653
      0.6559187476306468
      0.6572454772069285
      0.6585542933574126
      0.6598450318638774
      0.6611175359903497
      0.6623716564420156
      0.6636072513251629
      0.6648241861076682
      0.6660223335794992
      0.6672015738116155
      0.6683617941146838
      0.6695028889961502
      0.6706247601159688
      0.6717273162423208
      0.6728104732070876
      0.6738741538617414
      0.6749182880343715
      0.6759428124885896
      0.6769476708834224
      0.6779328137348931
      0.6788981983787793
      0.6798437889330714
      0.6807695562603245
      0.6816754779291577
      0.6825615381739574
      0.6834277278526558
      0.6842740444032238
      0.6851004917983856
      0.6859070804998402
      0.6866938274115522
      0.6874607558340651
      0.6882078954193168
       0.688935282126657
      0.6896429581796338
      0.6903309720240519
      0.6909993782853778
      0.6916482377267615
      0.6922776172050206
      0.6928875896255694
      0.6934782338952344
      0.6940496348733675
      0.6946018833203944
      0.6951350758459829
      0.6956493148551963
      0.6961447084955242
      0.6966213706033948
      0.6970794206510913
      0.6975189836949689
      0.6979401903229387
      0.6983431766028974
      0.6987280840290357
      0.6990950594681121
      0.6994442551024667
      0.6997758283711657
      0.7000899419083347
      0.7003867634789646
      0.7006664659124701
      0.7009292270348659
       0.701175229599577
      0.7014046612180521
      0.7016177142904504
      0.7018145859360061
      0.7019954779242703
      0.7021605966049524
      0.7023101528381461
      0.7024443619220092
      0.7025634435190098
      0.7026676215790427
      0.7027571242599253
      0.7028321838449638
      0.7028930366576449
      0.7029399229740831
      0.7029730869341021
      0.7029927764509608
      0.7029992431204759
      0.7029927421302872
      0.7029735321677775
      0.7029418753288674
      0.7028980370241433
      0.7028422858846189
      0.7027748936643705
      0.7026961351406107
      0.7026062880107957
      0.7025056327861493
      0.7023944526822782
       0.702273033507272
      0.7021416635478348
      0.7020006334536132
      0.7018502361216421
      0.7016907665795109
      0.7015225218689517
      0.7013458009287874
      0.7011609044771043
      0.7009681348922168
       0.700767796091741
      0.7005601934088881
      0.7003456334659379
      0.7001244240445023
       0.699896873952508
      0.6996632928889599
      0.6994239913054113
      0.6991792802673515
      0.6989294713132704
      0.6986748763146341
      0.6984158073343978
      0.6981525764867266
      0.6978854957955134
      0.6976148770523515
      0.6973410316732902
      0.6970642705537162
      0.6967849039205852
      0.6965032411823333
      0.6962195907768038
      0.6959342600160378
      0.6956475549306891
      0.6953597801129358
      0.6950712385595651
      0.6947822315156243
      0.6944930583193087
       0.694204016247727
      0.6939154003642264
      0.6936275033658295
      0.6933406154313891
      0.6930550240690621
       0.692771013962896
      0.6924888668182605
      0.6922088612062024
      0.6919312724064891
       0.691656372250233
      0.6913844289629167
      0.6911157070083995
      0.6908504669346163
      0.6905889652215549
      0.6903314541322669
       0.690078181566283
       0.689829390915998
      0.6895853209247325
      0.6893462055469212
      0.6891122738094186
      0.6888837496735906
      0.6886608518986415
      0.6884437939054818
      0.6882327836430214
      0.6880280234562139
      0.6878297099573494
      0.6876380339018376
      0.6874531800681125
      0.6872753271432539
      0.6871046476136263
      0.6869413076605101
      0.6867854670608351
      0.6866372790919383
      0.6864968904400001
      0.6863644411113801
      0.6862400643473123
      0.6861238865410738
      0.6860160271586758
      0.6859165986635553
      0.6858257064457343
      0.6857434487560677
      0.6856699166474222
      0.6856051939219003
      0.6855493570854538
      0.6855024753090622
       0.685464610396559
      0.6854358167585375
      0.6854161413916634
      0.6854056238630776
      0.6854042962989532
       0.685412183377793
      0.6854293023284315
      0.6854556629328846
      0.6854912675352828
      0.6855361110569437
      0.6855901810190249
      0.6856534575723381
      0.6857259135354302
      0.6858075144406224
      0.6858982185865157
      0.6859979770980366
      0.6861067339919806
      0.6862244262476149
      0.6863509838816196
      0.6864863300272644
       0.686630381017469
      0.6867830464715104
      0.6869442293869528
      0.6871138262361072
       0.687291727068726
      0.6874778156204359
      0.6876719694282537
      0.6878740599518828
      0.6880839527012527
      0.6883015073696912
      0.6885265779714174
      0.6887590129825888
      0.6889986554858849
      0.6892453433167945
      0.6894989092127723
      0.6897591809634573
      0.6900259815649673
      0.6902991293756385
      0.6905784382761305
      0.6908637178331921
      0.6911547734682586
      0.6914514066290132
      0.6917534149658171
      0.6920605925105596
      0.6923727298579307
      0.6926896143479487
      0.6930110302482194
      0.6933367589358841
        0.69366657907889
      0.6940002668152412
      0.6943375959319944
      0.6946783380429155
      0.6950222627667023
      0.6953691379054635
      0.6957187296236491
      0.6960708026287321
       0.696425120351654
      0.6967814451284765
      0.6971395383812561
      0.6974991607970423
      0.6978600725054898
      0.6982220332527511
      0.6985848025721952
      0.6989481399515086
      0.6993118049959715
      0.6996755575890719
      0.7000391580499157
      0.7004023672900447
      0.7007649469673078
      0.7011266596401325
      0.7014872689196693
      0.7018465396213187
       0.702204237913252
      0.7025601314628341
      0.7029139895783765
      0.7032655833471769
      0.7036146857672039
       0.703961071874215
      0.7043045188633362
      0.7046448062052687
      0.7049817157583604
      0.7053150318780347
      0.7056445415221947
      0.7059700343556045
      0.7062913028515303
      0.7066081423920698
      0.7069203513656886
      0.7072277312619188
      0.7075300867622837
      0.7078272258268636
      0.7081189597763176
      0.7084051033678935
      0.7086854748667297
      0.7089598961133752
      0.7092281925858899
      0.7094901934604927
      0.7097457316690647
      0.7099946439555771
      0.7102367709319261
      0.7104719571324521
      0.7107000510673817
      0.7109209052751254
      0.7111343763715073
      0.7113403250966276
      0.7115386163573355
      0.7117291192663416
      0.7119117071765854
      0.7120862577123508
      0.7122526527973441
      0.7124107786809338
      0.7125605259626848
      0.7127017896173548
      0.7128344690200418
      0.7129584679723853
      0.7130736947291819
      0.7131800620253652
      0.7132774871030061
      0.7133658917369166
      0.7134452022587879
      0.7135153495787138
      0.7135762692050799
      0.7136279012614721
      0.7136701905029489
       0.713703086331085
      0.7137265428093597
      0.7137405186796093
      0.7137449773806095
      0.7137398870689327
      0.7137252206415413
        0.71370095576041
      0.7136670748785159
      0.7136235652656717
      0.7135704190340044
      0.7135076331612317
      0.7134352095132893
      0.7133531548646859
      0.7132614809165461
      0.7131602043153847
      0.7130493466713169
      0.7129289345764159
      0.7127989996263655
      0.7126595784429268
      0.7125107126999757
      0.7123524491500793
       0.712184839653645
      0.7120079412073315
      0.7118218159721097
       0.711626531298619
      0.7114221597520629
      0.7112087791324465
       0.710986472492709
      0.7107553281557426
      0.7105154397282817
      0.7102669061156975
      0.7100098315362248
      0.7097443255359336
      0.7094705030043195
      0.7091884841908853
      0.7088983947209898
      0.7086003656099256
      0.7082945332752008
      0.7079810395445409
      0.7076600316592995
      0.7073316622727474
      0.7069960894432286
      0.7066534766216717
      0.7063039926352651
      0.7059478116679241
      0.7055851132373289
      0.7052160821703621
       0.704840908577178
      0.7044597878228165
      0.7040729204966114
      0.7036805123781948
      0.7032827743984721
      0.7028799225947981
      0.7024721780590054
      0.7020597668780856
      0.7016429200658161
      0.7012218734875925
      0.7007968677772999
      0.7003681482482117
      0.6999359647986049
      0.6995005718123802
      0.6990622280567143
      0.6986211965752605
      0.6981777445770272
      0.6977321433208986
      0.6972846679934551
      0.6968355975799525
      0.6963852147262931
      0.6959338055921507
      0.6954816596943362
      0.6950290697412298
      0.6945763314580701
      0.6941237434049391
      0.6936716067888992
      0.6932202252704607
      0.6927699047668116
      0.6923209532513447
      0.6918736805493355
       0.691428398130205
       0.690985418894885
      0.6905450569568049
      0.6901076274165481
      0.6896734461281712
      0.6892428294575751
      0.6888160940333313
      0.6883935564893279
      0.6879755332029723
      0.6875623400282976
      0.6871542920266811
      0.6867517031964979
      0.6863548862023993
      0.6859641521049882
      0.6855798100908751
      0.6852021672020026
      0.6848315280641663
      0.6844681946129072
      0.6841124658161011
      0.6837646373937808
      0.6834250015341439
      0.6830938466080002
      0.6827714568811311
      0.6824581122289526
       0.682154087852783
      0.6818596540019716
      0.6815750757011887
      0.6813006124854643
      0.6810365181420648
      0.6807830404589421
       0.680540420979691
      0.6803088947625525
      0.6800886901436101
      0.6798800285033562
       0.679683124035447
      0.6794981835202283
      0.6793254061021928
      0.6791649830748028
      0.6790170976737046
      0.6788819248808596
      0.6787596312406797
      0.6786503746901025
      0.6785543044017518
      0.6784715606411241
      0.6784022746352246
      0.6783465684527155
      0.6783045548934028
      0.6782763373861291
      0.6782620098940041
      0.6782616568281205
       0.678275352969769
      0.6783031634024487
      0.6783451434559792
      0.6784013386653654
      0.6784717847444948
      0.6785565075764758
        0.67865552322116
      0.6787688379390476
       0.678896448229793
      0.6790383408839833
      0.6791944930457076
      0.6793648722841922
      0.6795494366731257
      0.6797481348768144
      0.6799609062436794
      0.6801876809076804
      0.6804283798992313
      0.6806829152686297
      0.6809511902212414
      0.6812330992677366
       0.681528528389059
      0.6818373552144226
       0.682159449212789
      0.6824946718934425
      0.6828428770150785
      0.6832039107990421
      0.6835776121460312
      0.6839638128542145
      0.6843623378385811
      0.6847730053520825
      0.6851956272107271
      0.6856300090231525
      0.6860759504279531
      0.6865332453390225
      0.6870016822003338
      0.6874810442496322
      0.6879711097889311
      0.6884716524603499
      0.6889824415237665
      0.6895032421330581
      0.6900338156083923
      0.6905739197034876
      0.6911233088651192
      0.6916817344878512
      0.6922489451629874
       0.692824686925635
       0.693408703501828
      0.6940007365573779
      0.6946005259506245
      0.6952078099889115
      0.6958223256876875
      0.6964438090306286
      0.6970719952268287
      0.6977066189625151
      0.6983474146436182
      0.6989941166268194
      0.6996464594384504
      0.7003041779811201
      0.7009670077289971
      0.7016346849164321
      0.7023069467209393
      0.7029835314453386
      0.7036641787008061
      0.7043486295922915
      0.7050366269055165
      0.7057279152943137
      0.7064222414645854
      0.7071193543507528
      0.7078190052820768
      0.7085209481333927
      0.7092249394604716
      0.7099307386187892
      0.7106381078670692
      0.7113468124601475
      0.7120566207343524
      0.7127673041903324
      0.7134786375778663
      0.7141903989844002
      0.7149023699285076
      0.7156143354568764
        0.71632608424086
      0.7170374086686772
      0.7177481049271032
      0.7184579730679254
      0.7191668170567279
      0.7198744448015535
      0.7205806681637587
      0.7212853029550464
      0.7219881689263032
      0.7226890897547394
      0.7233878930369023
      0.7240844102917396
      0.7247784769762947
      0.7254699325136761
      0.7261586203287038
      0.7268443878848205
      0.7275270867134511
      0.7282065724264696
      0.7288827047066714
      0.7295553472695504
      0.7302243677988329
       0.730889637858432
      0.7315510327927273
      0.7322084316252206
       0.732861716971097
      0.7335107749748043
      0.7341554952834601
      0.7347957710569186
       0.735431499011435
      0.7360625794820428
      0.7366889164832543
      0.7373104177399292
      0.7379269946541699
      0.7385385621786446
      0.7391450385633318
