                       0
   4.996626666666296e-05
   0.0001997269431941554
   0.0004490676792340939
   0.0007977646046844482
    0.001245584370907085
    0.001792284192556552
    0.002437611889829305
     0.00318130593089141
    0.004023095474192932
    0.004962700410327873
    0.005999831403050894
    0.007134189929015821
    0.008365468315755482
    0.009693349777379056
     0.01111750844742383
     0.01263760940825225
     0.01425330871635532
     0.01596425342288107
     0.01777008158867329
     0.01967042229307928
     0.02166489563574881
     0.02375311273061741
     0.02593467569125582
     0.02820917760672231
     0.03057620250705608
     0.03303532531751318
     0.03558611180064198
     0.03822811848528077
     0.04096089258153737
     0.04378397188081944
     0.04669688463996926
     0.04969914944854482
     0.05279027507830796
     0.05596976031396296
     0.05923709376420625
     0.06259175365214681
     0.06603320758417144
     0.06956091229634191
     0.07317431337742544
      0.0768728449676724
     0.08065592943249761
     0.08452297701021171
     0.08847338543301762
     0.09250653952048901
     0.09662181074479383
      0.1008185567669628
      0.1050961209435611
      0.1094538318031308
        0.11389100249187
      0.1184069301880333
      0.1230008954846266
      0.1276721617399956
      0.1324199743960346
      0.1372435602637551
      0.1421421267761036
      0.1471148612079209
       0.152160929863107
      0.1572794772291227
      0.1624696250990341
      0.1677304716614884
       0.173061090559071
      0.1784605299156104
      0.1839278113332192
       0.189461928859868
      0.1950618479285905
       0.200726504269394
      0.2064548027953116
      0.2122456164640304
       0.218097785116811
      0.2240101142965756
      0.2299813740472333
       0.236010297696488
      0.2420955806246292
      0.2482358790220054
      0.2544298086380473
      0.2606759435250683
      0.2669728147801363
      0.2733189092886192
      0.2797126684734013
      0.2861524870536513
      0.2926367118176787
      0.2991636404143549
      0.3057315201679511
      0.3123385469215469
      0.3189828639142538
      0.3256625606978342
      0.3323756720985282
      0.3391201772300885
      0.3458939985642843
      0.3526950010652141
      0.3595209913941276
      0.3663697171915009
      0.3732388664433126
      0.3801260669385059
      0.3870288858249296
      0.3939448292708194
      0.4008713422392995
      0.4078058083830267
      0.4147455500663509
      0.4216878285221813
      0.4286298441507015
      0.4355687369668878
      0.4425015872036707
      0.4494254160772581
      0.4563371867209641
      0.4632338052934325
      0.4701121222669789
      0.4769689339010358
      0.4838009839054593
      0.4906049652978289
      0.4973775224582186
      0.5041152533843918
      0.5108147121495799
      0.5174724115642779
      0.5240848260427724
      0.5306483946741593
      0.5371595244967663
      0.5436145939741102
      0.5500099566693911
      0.5563419451145176
      0.5626068748689497
      0.5688010487623392
      0.5749207613139046
      0.5809623033207966
      0.5869219666061808
      0.5927960489173054
      0.5985808589622044
      0.6042727215733528
      0.6098679829852239
      0.6153630162119826
      0.6207542265106731
      0.6260380569144874
      0.6312109938201214
      0.6362695726122942
      0.6412103833083109
      0.6460300762047566
      0.6507253675083597
      0.6552930449324226
      0.6597299732403837
      0.6640330997177037
      0.6681994595535026
      0.6722261811133632
      0.6761104910850291
      0.6798497194790557
      0.6834413044667681
      0.6868827970386302
      0.6901718654665892
      0.6933062995547622
      0.6962840146634406
      0.6991030554926708
      0.7017615996120977
      0.7042579607252385
      0.7065905916570044
      0.7087580870547234
      0.7107591857940739
      0.7125927730821491
      0.7142578822516401
       0.715753696240924
       0.717079548756406
      0.7182349251144181
      0.7192194627615999
      0.7200329514735553
      0.7206753332331646
      0.7211467017907794
      0.7214473019100677
      0.7215775283041838
      0.7215379242681044
      0.7213291800141786
      0.7209521307186998
      0.7204077542885671
      0.7196971688578717
      0.7188216300251369
         0.7177825278427
      0.7165813835706878
      0.7152198462083363
      0.7136996888163848
      0.7120228046447161
        0.71019120307965
      0.7082070054261155
      0.7060724405398878
      0.7037898403255365
      0.7013616351158793
      0.6987903489488319
      0.6960785947573741
      0.6932290694888747
      0.6902445491691276
      0.6871278839268826
      0.6838819929942276
       0.680509859697664
      0.6770145264545322
      0.6733990897890701
      0.6696666953815467
      0.6658205331638037
      0.6618638324735453
      0.6577998572793091
      0.6536319014873538
       0.649363284340693
      0.6449973459203477
      0.6405374427574346
      0.6359869435644918
      0.6313492250932503
      0.6266276681256018
      0.6218256536033538
      0.6169465589019472
       0.611993754252226
      0.6069705993136612
      0.6018804399019336
      0.5967266048725496
      0.5915124031620473
      0.5862411209871216
      0.5809160192018963
      0.5755403308125431
      0.5701172586480905
      0.5646499731856979
      0.5591416105283447
      0.5535952705319979
      0.5480140150795098
      0.5424008664976535
      0.5367588061137055
      0.5310907729473645
      0.5253996625340548
      0.5196883258748711
      0.5139595685087347
      0.5082161497018564
      0.5024607817497847
      0.4966961293870246
      0.4909248092992372
      0.4851493897330007
      0.4793723901983239
      0.4735962812586513
      0.4678234844037205
      0.4620563720002731
      0.4562972673159162
      0.4505484446114599
      0.4448121292971718
       0.439090498148538
      0.4333856795772019
      0.4276997539529558
      0.4220347539726926
      0.4163926650725328
      0.4107754258793148
      0.4051849286979761
      0.3996230200312915
      0.3940915011288044
       0.388592128561778
      0.3831266148212338
      0.3776966289362793
      0.3723037971100316
      0.3669497033706324
      0.3616358902349789
       0.356363859382955
      0.3511350723400032
      0.3459509511661166
      0.3408128791493297
      0.3357222015020548
      0.3306802260585798
      0.3256882239722471
      0.3207474304109255
      0.3158590452494371
      0.3110242337577819
      0.3062441272840197
      0.3015198239308096
      0.2968523892246474
      0.2922428567769785
      0.2876922289363658
      0.2832014774310366
      0.2787715440012062
      0.2744033410204728
      0.2700977521059353
      0.2658556327164834
      0.2616778107388684
      0.2575650870612557
      0.2535182361338888
      0.2495380065166752
      0.2456251214134758
      0.2417802791928755
      0.2380041538953757
      0.2342973957268571
      0.2306606315382883
      0.2270944652916266
      0.2235994785118969
       0.220176230725517
      0.2168252598848502
      0.2135470827791155
       0.210342195431701
      0.2072110734840237
      0.2041541725660312
      0.2011719286535067
      0.1982647584123321
      0.1954330595298584
      0.1926772110335942
      0.1899975735973654
      0.1873944898351672
      0.1848682845829112
       0.182419265168267
      0.1800477216688193
      0.1777539271587604
      0.1755381379443313
      0.1734005937882487
       0.171341518123344
      0.1693611182556016
      0.1674595855568624
      0.1656370956474069
      0.1638938085686009
      0.1622298689458651
      0.1606454061421723
      0.1591405344022328
      0.1577153529876297
      0.1563699463030948
      0.1551043840140555
      0.1539187211557253
      0.1528129982338548
      0.1517872413173347
      0.1508414621228204
       0.149975658091537
      0.1491898124583966
      0.1484838943136031
      0.1478578586568454
      0.1473116464442247
      0.1468451846280546
      0.1464583861895986
      0.1461511501648994
      0.1459233616637785
      0.1457748918820927
      0.1457055981073466
      0.1457153237177307
      0.1458038981746751
      0.1459711370089527
      0.1462168418004489
      0.1465408001515976
      0.1469427856545969
      0.1474225578524255
      0.1479798621936931
       0.148614429981423
       0.149325978315784
      0.1501142100308094
      0.1509788136251791
       0.151919463187095
      0.1529358183132968
      0.1540275240222998
      0.1551942106618751
      0.1564354938108689
       0.157750974175403
      0.1591402374795561
       0.160602854350566
      0.1621383801987082
      0.1637463550918863
      0.1654263036250733
      0.1671777347847244
      0.1690001418082921
      0.1708930020389855
      0.1728557767759065
      0.1748879111197944
      0.1769888338145134
      0.1791579570844997
      0.1813946764683808
      0.1836983706490281
       0.186068401280262
      0.1885041128105089
      0.1910048323036544
      0.1935698692574682
      0.1961985154198525
      0.1988900446033112
      0.2016437124979646
      0.2044587564835419
      0.2073343954406992
      0.2102698295621153
      0.2132642401637961
      0.2163167894970393
       0.219426620561545
      0.2225928569201691
      0.2258146025158014
      0.2290909414909294
      0.2324209380103893
      0.2358036360878979
      0.2392380594169148
      0.2427232112064199
      0.2462580740221766
      0.2498416096341384
       0.253472758870556
      0.2571504414794107
       0.260873555997877
      0.2646409796303508
      0.2684515681357478
      0.2723041557246814
      0.2761975549672159
      0.2801305567117943
       0.284101930016064
      0.2881104220901905
       0.292154758253367
      0.2962336419041611
      0.3003457545053901
      0.3044897555841991
      0.3086642827479583
      0.3128679517167589
      0.3170993563730979
      0.3213570688295584
      0.3256396395150618
      0.3299455972805464
      0.3342734495247521
      0.3386216823408215
      0.3429887606846136
      0.3473731285654505
      0.3517732092601542
       0.356187405551281
      0.3606140999904245
       0.365051655187576
       0.369498414127517
      0.3739527005142956
      0.3784128191449657
      0.3828770563136301
      0.3873436802471347
      0.3918109415736282
      0.3962770738253897
      0.4007402939773393
      0.4051988030226897
      0.4096507865873352
      0.4140944155845988
      0.4185278469119906
      0.4229492241917144
      0.4273566785567444
      0.4317483294841923
      0.4361222856779576
      0.4404766460023486
      0.4448095004686705
      0.4491189312765135
      0.4534030139116125
      0.4576598183019944
      0.4618874100339922
       0.466083851629824
      0.4702472038879222
      0.4743755272874717
      0.4784668834580615
      0.4825193367152159
      0.4865309556624258
       0.490499814859862
      0.4944239965597063
      0.4983015925074988
      0.5021307058087835
      0.5059094528595971
      0.5096359653389531
      0.5133083922612313
      0.5169249020853902
      0.5204836848777344
      0.5239829545242565
      0.5274209509879475
      0.5307959426059675
      0.5341062284208763
      0.5373501405395561
      0.5405260465127915
      0.5436323517280783
      0.5466675018072769
      0.5496299850006702
      0.5525183345681971
      0.5553311311380213
      0.5580670050326676
       0.560724638552018
       0.563302768202651
      0.5658001868625998
      0.5682157458702173
      0.5705483570263278
      0.5727969944982854
      0.5749606966150905
      0.5770385675426519
      0.5790297788288095
      0.5809335708080309
      0.5827492538560445
      0.5844762094856217
      0.5861138912751028
      0.5876618256220979
      0.5891196123158796
      0.5904869249226757
      0.5917635109790933
      0.5929491919903025
      0.5940438632303685
      0.5950474933435674
       0.595960123746565
      0.5967818678329194
      0.5975129099821485
       0.598153504377258
      0.5987039736358128
      0.5991647072607503
       0.599536159918359
      0.5998188495521847
      0.6000133553424664
      0.6001203155218278
      0.6001404250589836
      0.6000744332229497
      0.5999231410410019
      0.5996873986644082
      0.5993681026562451
      0.5989661932162981
      0.5984826513581383
      0.5979184960537722
      0.5972747813611289
      0.5965525935497539
      0.5957530482397582
      0.5948772875687686
      0.5939264774011759
      0.5929018045934339
      0.5918044743285127
      0.5906357075317101
      0.5893967383795211
      0.5880888119119353
      0.5867131817577602
      0.5852711079816197
      0.5837638550598352
      0.5821926899917267
      0.5805588805512324
      0.5788636936829887
      0.5771083940457402
      0.5752942427044588
      0.5734224959720278
      0.5714944043997376
      0.5695112119149328
      0.5674741551033113
      0.5653844626321214
      0.5632433548098718
      0.5610520432771519
      0.5588117308225758
      0.5565236113170134
      0.5541888697589514
      0.5518086824229618
      0.5493842171032184
      0.5469166334433793
      0.5444070833439764
      0.5418567114384732
      0.5392666556288106
      0.5366380476712937
      0.5339720138039028
      0.5312696754061899
      0.5285321496828697
      0.5257605503628924
      0.5229559884057574
       0.520119572707319
      0.5172524107978381
       0.514355609525195
      0.5114302757169747
      0.5084775168154554
      0.5054984414799993
      0.5024941601519816
        0.49946578557799
      0.4964144332873642
      0.4933412220208168
      0.4902472741074662
       0.487133715787924
      0.4840016774819705
      0.4808522939993227
      0.4776867046929267
      0.4745060535544532
       0.471311489252133
      0.4681041651114661
      0.4648852390396615
      0.4616558733951985
       0.458417234803926
      0.4551704939236219
      0.4519168251591113
      0.4486574063302922
      0.4453934182955053
      0.4421260445330547
      0.4388564706835515
      0.4355858840561266
      0.4323154731014891
      0.4290464268548592
      0.4257799343518933
      0.4225171840207801
      0.4192593630534679
      0.4160076567592445
      0.4127632479036267
      0.4095273160354845
      0.4063010368054267
      0.4030855812780708
      0.3998821152410786
      0.3966917985134114
      0.3935157842553795
      0.3903552182827424
      0.3872112383871844
      0.3840849736652008
      0.3809775438572973
      0.3778900586993899
      0.3748236172880756
       0.371779307461181
      0.3687582051951551
      0.3657613740203934
      0.3627898644557242
      0.3598447134629376
      0.3569269439222884
      0.3540375641296524
      0.3511775673159319
      0.3483479311891927
      0.3455496174999757
       0.342783571629903
      0.3400507222039171
      0.3373519807260381
      0.3346882412387916
       0.332060380006069
      0.3294692552193155
      0.3269157067267221
      0.3244005557851595
       0.321924604834423
      0.3194886372933829
      0.3170934173774969
      0.3147396899371769
      0.3124281803164701
      0.3101595942313203
      0.3079346176669123
       0.305753916793286
       0.303618137898628
      0.3015279073394879
      0.2994838315071603
      0.2974864968095306
      0.2955364696676572
      0.2936342965262308
      0.2917805038773106
      0.2899755982964525
      0.2882200664905099
      0.2865143753564391
      0.2848589720502742
      0.2832542840655587
      0.2817007193205989
      0.2801986662537191
      0.2787484939258895
       0.277350552130099
      0.2760051715066978
      0.2747126636641811
      0.2734733213047238
      0.2722874183538857
      0.2711552100939066
      0.2700769333000169
      0.2690528063792293
      0.2680830295110613
      0.2671677847897125
      0.2663072363672165
      0.2655015305970639
      0.2647507961778718
      0.2640551442966991
      0.2634146687715643
      0.2628294461927975
      0.2622995360628535
      0.2618249809342554
      0.2614058065452831
      0.2610420219531637
      0.2607336196644265
      0.2604805757621272
      0.2602828500297044
      0.2601403860712242
      0.2600531114277364
      0.2600209376895693
      0.2600437606043322
      0.2601214601804092
      0.2602539007858154
      0.2604409312422231
        0.26068238491396
      0.2609780797919286
      0.2613278185721709
      0.2617313887291369
      0.2621885625833812
      0.2626990973636418
      0.2632627352632681
      0.2638792034908137
      0.2645482143147672
      0.2652694651024075
      0.2660426383526291
      0.2668674017227496
      0.2677434080492923
      0.2686702953626385
       0.269647686895666
      0.2706751910861659
      0.2717524015733247
      0.2728788971880142
       0.274054241937152
      0.2752779849820191
      0.2765496606106965
      0.2778687882046622
      0.2792348721996675
      0.2806474020409691
       0.282105852133108
      0.2836096817843211
      0.2851583351458256
      0.2867512411461511
      0.2883878134207496
      0.2900674502370978
      0.2917895344156449
      0.2935534332468736
      0.2953584984047902
       0.297204065857298
       0.299089455773782
      0.3010139724304261
      0.3029769041136818
      0.3049775230225044
      0.3070150851698206
      0.3090888302839812
      0.3111979817107173
      0.3133417463164488
      0.3155193143936037
       0.317729859568827
      0.3199725387149038
      0.3222464918673737
      0.3245508421467426
      0.3268846956873947
      0.3292471415742479
      0.3316372517882811
      0.3340540811622477
      0.3364966673476906
      0.3389640307946876
      0.3414551747456627
      0.3439690852447028
      0.3465047311638514
      0.3490610642479888
      0.3516370191798079
       0.354231513666549
      0.3568434485502599
      0.3594717079432103
       0.362115159390277
      0.3647726540601507
      0.3674430269671211
      0.3701250972253429
       0.372817668337512
      0.3755195285197314
      0.3782294510645721
      0.3809461947441898
      0.3836685042553189
      0.3863951107081171
       0.389124732160598
      0.3918560742004723
      0.3945878305761392
      0.3973186838784472
      0.4000473062748677
      0.4027723602975313
      0.4054924996864839
      0.4082063702895049
       0.410912611019464
      0.4136098548702917
      0.4162967299922952
      0.4189718608273619
      0.4216338693044533
      0.4242813760955688
      0.4269130019319716
      0.4295273689803684
      0.4321231022783202
      0.4346988312279561
      0.4372531911465963
      0.4397848248727142
      0.4422923844251477
      0.4447745327132258
      0.4472299452950219
      0.4496573121804563
      0.4520553396756875
      0.4544227522648445
      0.4567582945244848
      0.4590607330659315
      0.4613288585002172
      0.4635614874196636
      0.4657574643901572
      0.4679156639472372
      0.4700349925891397
       0.472114390759283
       0.474152834810406
      0.4761493389423267
      0.4781029571047591
      0.4800127848565213
      0.4818779611723119
      0.4836976701877551
      0.4854711428735763
      0.4871976586295605
      0.4888765467888304
      0.4905071880233678
      0.4920890156412875
      0.4936215167669945
      0.4951042333954084
      0.4965367633117801
      0.4979187608690262
      0.4992499376150032
      0.5005300627625452
      0.5017589634960075
      0.5029365251084343
      0.5040626909644486
      0.5051374622845415
      0.5061608977476657
      0.5071331129097653
      0.5080542794368325
      0.5089246241522382
      0.5097444278991642
      0.5105140242199725
      0.5112337978556505
      0.5119041830693165
      0.5125256617992159
      0.5130987616476494
      0.5136240537133087
      0.5141021502756955
      0.5145337023412143
      0.5149193970618016
      0.5152599550374183
      0.5155561275150844
      0.5158086934975212
      0.5160184567755068
      0.5161862428983641
      0.5163128960976154
       0.516399276179295
      0.5164462554006003
      0.5164547153467361
      0.5164255438238941
      0.5163596317841802
      0.5162578702981302
      0.5161211475902117
      0.5159503461521151
      0.5157463399482644
      0.5155099917272522
      0.5152421504521641
      0.5149436488618657
      0.5146153011744556
       0.514257900943245
      0.5138722190740167
       0.513459002011841
       0.513018970104167
      0.5125528161457317
      0.5120612041096839
      0.5115447680679807
      0.5110041113029967
      0.5104398056108197
      0.5098523907957608
      0.5092423743542788
       0.508610231345182
      0.5079564044423371
      0.5072813041646763
      0.5065853092774021
      0.5058687673574809
      0.5051319955157958
      0.5043752812671698
      0.5035988835392901
      0.5028030338107871
      0.5019879373681375
      0.5011537746710089
      0.5003007028148911
       0.499428857080211
      0.4985383525565686
      0.4976292858308443
      0.4967017367281444
      0.4957557700944424
      0.4947914376099616
      0.4938087796230326
      0.4928078269937586
      0.4917886029379938
      0.4907511248620149
      0.4896954061788961
      0.4886214580982292
      0.4875292913813124
      0.4864189180544171
      0.4852903530732825
      0.4841436159330014
      0.4829787322174461
      0.4817957350834214
      0.4805946666752328
      0.4793755794659653
       0.478138537522209
      0.4768836176897554
      0.4756109106981822
      0.4743205221828681
      0.4730125736233414
      0.4716872031975702
      0.4703445665519629
      0.4689848374875499
      0.4676082085629772
       0.466214891615412
      0.4648051182008466
      0.4633791399553066
      0.4619372288791642
      0.4604796775465568
      0.4590067992423917
      0.4575189280294991
       0.456016418748626
      0.4544996469541341
      0.4529690087883103
      0.4514249207973219
      0.4498678196918339
      0.4482981620554557
      0.4467164240040015
      0.4451231007988259
      0.4435187064171158
      0.4419037730823864
      0.4402788507580253
      0.4386445066069726
      0.4370013244203187
      0.4353499040176267
      0.4336908606218641
      0.4320248242113907
      0.4303524388516877
      0.4286743620093044
      0.4269912638503002
      0.4253038265255534
      0.4236127434450743
      0.4219187185433936
      0.4202224655380324
      0.4185247071829252
      0.4168261745185545
      0.4151276061205671
       0.413429747348365
      0.4117333495952596
      0.4100391695415694
      0.4083479684120221
      0.4066605112386456
      0.4049775661303707
      0.4032999035504366
      0.4016282956025277
      0.3999635153266513
      0.3983063360056126
       0.396657530482818
      0.3950178704921956
      0.3933881260008654
      0.3917690645651459
      0.3901614507004694
      0.3885660452656408
      0.3869836048618938
      0.3854148812471093
      0.3838606207655174
      0.3823215637931023
      0.3807984441990339
      0.3792919888231378
      0.3778029169697193
      0.3763319399176632
      0.3748797604469468
      0.3734470723815076
      0.3720345601484674
       0.370642898353637
      0.3692727513731626
      0.3679247729611389
      0.3665996058731201
      0.3652978815051934
      0.3640202195484469
      0.3627672276585356
       0.361539501140044
       0.360337622645338
      0.3591621618875347
      0.3580136753672365
      0.3568927061126511
      0.3557997834326071
      0.3547354226821602
      0.3537001250402121
      0.3526943772987758
      0.3517186516633568
       0.350773405563971
      0.3498590814763086
      0.3489761067525313
       0.348124893461177
      0.3473058382356982
      0.3465193221310097
      0.3457657104876516
      0.3450453528029238
      0.3443585826085127
      0.3437057173541794
      0.3430870582968106
      0.3425028903944658
      0.3419534822049423
      0.3414390857882339
      0.3409599366125482
      0.3405162534633889
      0.3401082383551997
      0.3397360764452801
      0.3393999359494472
      0.3390999680591544
      0.3388363068597124
      0.3386090692492545
      0.3384183548581658
      0.3382642459688183
       0.338146807435209
      0.3380660866024763
      0.3380221132260852
      0.3380148993905492
      0.3380444394276463
      0.3381107098341243
      0.3382136691888653
      0.3383532580696554
      0.3385293989695374
      0.3387419962130986
      0.3389909358726968
      0.3392760856850719
      0.3395972949685315
      0.3399543945411282
      0.3403471966402538
      0.3407754948441049
      0.3412390639955094
      0.3417376601287704
      0.3422710204000995
      0.3428388630223027
      0.3434408872044539
      0.3440767730974043
      0.3447461817457885
      0.3454487550475617
      0.3461841157218551
      0.3469518672860993
      0.3477515940434834
      0.3485828610815996
      0.3494452142834612
      0.3503381803518597
      0.3512612668481063
      0.3522139622463816
       0.353195736004591
       0.354206038653021
       0.355244301901722
      0.3563099387678031
