                       0
   1.287591312466675e-05
    5.15925800110542e-05
   0.0001163349071065445
   0.0002072676791047443
   0.0003245355096656945
     0.00046826284424477
   0.0006385540145895226
   0.0008354933441755964
     0.00105914530359834
    0.001309554714686823
    0.001586747001862794
    0.001890728489029825
     0.00222148674004865
    0.002578990940634536
    0.002963192319302616
    0.003374024604788396
    0.003811404517184175
    0.004275232289858873
    0.004765392219069536
    0.005281753238028628
    0.005824169512062653
    0.006392481051385707
    0.006986514337916565
     0.00760608296249078
    0.008250988268760135
    0.008921020000031463
    0.009615956945275167
     0.01033556758053151
     0.01107961070195939
     0.01184783604680852
     0.01263998489865097
     0.01345579067328232
     0.01429497948179523
     0.01515727066743913
     0.01604237731300843
     0.01695000671564664
     0.01787986082611578
       0.018831636649757
      0.0198050266065593
     0.02079971884795782
     0.02181539752819887
     0.02285174302833597
     0.02390843213115722
     0.02498513814558843
     0.02608153097936676
     0.02719727715903518
     0.02833203979656673
      0.0294854785021881
     0.03065724924323296
     0.03184700414911514
     0.03305439126276844
      0.0342790542391528
     0.03552063199167353
     0.03677875828760073
     0.03805306129380853
     0.03934316307437676
     0.04064867904181131
     0.04196921736384193
     0.04330437832794689
     0.04465375366593378
     0.04601692584107207
     0.04739346730042752
     0.04878293969519109
     0.05018489307192391
     0.05159886503775831
     0.05302437990270094
     0.05446094780227928
     0.05590806380385842
      0.0573652070000305
     0.05883183959254756
     0.06030740597032806
     0.06179133178512254
     0.06328302302847241
     0.06478186511364135
     0.06628722196624222
     0.06779843512732264
     0.06931482287271427
     0.07083567935249124
      0.0723602737544275
     0.07388784949538718
     0.07541762344463156
     0.07694878518307798
     0.07848049630260232
     0.08001188974953784
     0.08154206921658683
     0.08307010858743104
     0.08459505143839897
      0.0861159106016228
     0.08763166779419525
     0.08914127331791463
     0.09064364583428351
     0.09213767221950192
     0.09362220750426775
     0.09509607490326259
     0.09655806593925827
     0.09800694066682793
     0.09944142800067812
      0.1008602261536388
      0.1022620031893471
      0.1036453976946417
      0.1050090195766387
      0.1063514509893898
      0.1076712473949217
      0.1089669387633233
       0.110237030916379
      0.1114800070190398
      0.1126943292227807
      0.1138784404646045
      0.1150307664251225
      0.1161497176487691
      0.1172336918287859
      0.1182810762591468
      0.1192902504550832
      0.1202595889433139
      0.1211874642224832
      0.1220722498936726
      0.1229123239601702
       0.123706072294971
       0.124451892273734
      0.1251481965701591
      0.1257934171099541
      0.1263860091787704
      0.1269244556786805
      0.1274072715269829
      0.1278330081903387
      0.1282002583465013
      0.1285076606651932
      0.1287539046990347
      0.1289377358748497
      0.1290579605751784
      0.1291134512994415
       0.129103151893925
      0.1290260828396366
      0.1288813465871119
      0.1286681329274736
      0.1283857243894695
      0.1280335016528751
      0.1276109489695597
      0.1271176595847151
      0.1265533411522579
      0.1259178211402702
      0.1252110522245726
      0.1244331176711612
      0.1235842367113146
      0.1226647699167331
      0.1216752245861407
      0.1206162601593959
      0.1194886936803611
      0.1182935053356025
      0.1170318441024586
      0.1157050335471553
      0.1143145778214498
      0.1128621679147621
      0.1113496882278342
      0.1097792235435747
      0.1081530664807327
      0.1064737255261648
      0.1047439337513393
      0.1029666583278147
      0.1011451109639581
     0.09928275939001678
      0.0973833400192911
     0.09545087190745792
     0.09348967211721376
     0.09150437256752413
     0.08949993840087789
     0.08748168783157868
     0.08545531333507476
     0.08342690389254412
     0.08140296780439843
     0.07939045531742395
     0.07739677995860179
     0.07542983702105352
     0.07349801709526481
     0.07161021188267663
      0.0697758087872782
      0.0680046700003306
       0.066307091060676
     0.06469373332831183
     0.06317552465339851
     0.06176352301535119
     0.06046873933688565
     0.05930191830730911
     0.05827328001394917
     0.05739223036565942
     0.05666705421288955
     0.05610461081565907
     0.05571005563186199
     0.05548661395907049
     0.05543542975556721
     0.05555550673922276
     0.05584374937619994
     0.05629510031353889
     0.05690276035011001
     0.05765846918015385
      0.0585528211328998
     0.05957559019132642
     0.06071604199327896
     0.06196321603192119
     0.06330616750650096
     0.06473416410238272
     0.06623683769533915
     0.06780429429794266
     0.06942718753860926
     0.07109676181956578
     0.07280487134332254
     0.07454398072292399
     0.07630715214159628
     0.07808802317871374
     0.07988077858579945
     0.08168011854357127
     0.08348122528835653
      0.0852797294700026
     0.08707167718678692
     0.08885349832223483
     0.09062197656836161
     0.09237422134410846
      0.0941076416926532
     0.09581992215496778
     0.09750900055975323
     0.09917304763401007
      0.1008104483180184
      0.1024197846588665
      0.1039998201544722
       0.105549485422794
      0.1070678650767935
       0.108554185693417
      0.1100078047734765
      0.1114282005982296
      0.1128149628972595
      0.1141677842506813
      0.1154864521565908
      0.1167708417019462
      0.1180209087817027
      0.1192366838169962
      0.1204182659285368
      0.1215658175261445
      0.1226795592795962
       0.123759765439694
      0.1248067594817623
      0.1258209100466782
      0.1268026271570822
      0.1277523586886429
      0.1286705870782004
      0.1295578262523176
      0.1304146187612611
      0.1312415331047391
       0.132039161236867
      0.1328081162388323
      0.1335490301486107
      0.1342625519378605
      0.1349493456268027
      0.1356100885284992
      0.1362454696144811
      0.1368561879941538
      0.1374429515008393
      0.1380064753777034
      0.1385474810571662
      0.1390666950277205
       0.139564847782376
      0.1400426728432264
      0.1405009058568915
      0.1409402837558324
      0.1413615439807659
      0.1417654237596268
      0.1421526594387373
      0.1425239858620455
      0.1428801357944992
      0.1432218393858061
      0.1435498236710286
      0.1438648121046417
      0.1441675241248648
      0.1444586747452584
      0.1447389741707505
      0.1450091274354305
      0.1452698340596164
      0.1455217877238701
      0.1457656759577947
      0.1460021798416092
      0.1462319737186522
      0.1464557249171151
      0.1466740934794543
      0.1468877318980764
      0.1470972848560256
      0.1473033889715366
      0.1475066725454483
      0.1477077553105899
      0.1479072481823758
      0.1481057530099518
      0.1483038623273457
      0.1485021591041738
      0.1487012164955511
      0.1489015975909415
      0.1491038551617688
      0.1493085314076867
      0.1495161577014787
      0.1497272543326272
      0.1499423302496507
      0.1501618828013672
       0.150386397477293
      0.1506163476474327
      0.1508521943017595
       0.151094385789724
      0.1513433575601612
      0.1515995319019978
      0.1518633176861885
      0.1521351101093271
       0.152415290439405
      0.1527042257641974
      0.1530022687427728
      0.1533097573606297
      0.1536270146889666
      0.1539543486485959
      0.1542920517790083
        0.15464040101309
       0.154999657457985
      0.1553700661825856
      0.1557518560121139
      0.1561452393302443
      0.1565504118891885
      0.1569675526281431
      0.1573968235004682
       0.157838369309934
      0.1582923175563353
      0.1587587782907367
      0.1592378439805656
      0.1597295893847304
      0.1602340714388876
      0.1607513291509377
      0.1612813835067735
      0.1618242373862526
      0.1623798754893133
      0.1629482642720943
      0.1635293518928649
      0.1641230681675196
      0.1647293245343314
      0.1653480140276113
      0.1659790112598661
      0.1666221724120021
      0.1672773352310743
       0.167944319035044
      0.1686229247239671
      0.1693129347970071
      0.1700141133746401
      0.1707262062253996
      0.1714489407964954
      0.1721820262476366
      0.1729251534873871
       0.173677995211394
      0.1744402059418437
      0.1752114220675271
       0.175991261883927
      0.1767793256327819
       0.177575195540632
      0.1783784358559074
      0.1791885928841858
      0.1800051950213203
      0.1808277527842166
      0.1816557588391276
      0.1824886880274282
      0.1833259973889309
       0.184167126182911
      0.1850114959071208
      0.1858585103151871
      0.1867075554329064
       0.187557999574076
      0.1884091933566223
       0.189260469719919
      0.1901111439443137
      0.1909605136740115
      0.1918078589445964
      0.1926524422165957
      0.1934935084166254
      0.1943302849877737
      0.1951619819510103
      0.1959877919795201
      0.1968068904879823
      0.1976184357389234
       0.198421568968378
      0.1992154145331948
      0.1999990800824149
      0.2007716567552399
      0.2015322194081867
      0.2022798268740971
       0.203013522255737
      0.2037323332567743
      0.2044352725529726
      0.2051213382064756
      0.2057895141260851
      0.2064387705764567
      0.2070680647391409
      0.2076763413284016
      0.2082625332647266
      0.2088255624089251
      0.2093643403596692
      0.2098777693172969
      0.2103647430166311
      0.2108241477315065
      0.2112548633536148
      0.2116557645481883
      0.2120257219889434
      0.2123636036745875
      0.2126682763290761
      0.2129386068876694
      0.2131734640706927
      0.2133717200467568
      0.2135322521870254
      0.2136539449119516
      0.2137356916317237
      0.2137763967814758
      0.2137749779521323
      0.2137303681175534
      0.2136415179584597
        0.21350739828341
      0.2133270025469084
      0.2130993494645256
      0.2128234857247231
      0.2124984887968884
       0.212123469834913
       0.211697576675484
      0.2112199969301103
      0.2106899611697768
      0.2101067462010102
      0.2094696784320562
      0.2087781373278115
      0.2080315589521271
      0.2072294395961102
      0.2063713394910962
      0.2054568866050508
      0.2044857805212898
      0.2034577963985819
      0.2023727890119215
      0.2012306968735268
      0.2000315464339382
       0.198775456363453
      0.1974626419145379
      0.1960934193663015
      0.1946682105525737
      0.1931875474756244
       0.191652077008031
      0.1900625656856572
      0.1884199045951115
      0.1867251143593583
      0.1849793502253328
      0.1831839072573849
      0.1813402256400878
         0.1794498960933
      0.1775146654012521
      0.1755364420557207
       0.173517302010876
      0.1714594945439755
        0.16936544821148
      0.1672377768841365
      0.1650792858367965
      0.1628929778588548
      0.1606820593388149
      0.1584499462611582
      0.1562002700349356
      0.1539368830508027
      0.1516638638360728
      0.1493855216452741
      0.1471064002862806
      0.1448312809390656
      0.1425651836755039
      0.1403133673347648
       0.138081327350562
      0.1358747910654128
      0.1336997100055983
      0.1315622485322839
      0.1294687682342201
      0.1274258073920333
      0.1254400548313601
      0.1235183175014606
      0.1216674811780443
       0.119894463804837
       0.118206161168112
      0.1166093848499073
      0.1151107927324496
      0.1137168127253181
      0.1124335608461278
      0.1112667552824467
      0.1102216285635237
      0.1093028404312405
      0.1085143943695916
      0.1078595609784501
      0.1073408114136586
      0.1069597639287752
      0.1067171461326811
      0.1066127749368022
      0.1066455553486051
      0.1068134983409657
       0.107113757072403
       0.107542679837846
      0.1080958773724585
      0.1087683015722844
      0.1095543323694367
       0.110447869412333
       0.111442425333297
      0.1125312176970552
      0.1137072571628718
       0.114963429905429
      0.1162925728738727
      0.1176875409821639
      0.1191412657857317
      0.1206468055899569
      0.1221973872464259
      0.1237864401230354
      0.1254076228899307
      0.1270548438547786
      0.1287222756196717
      0.1304043648299463
      0.1320958377534882
      0.1337917023774094
      0.1354872476452962
      0.1371780403888632
      0.1388599204374691
      0.1405289943208736
      0.1421816279170087
      0.1438144383386696
      0.1454242853015033
      0.1470082621706062
      0.1485636868442176
      0.1500880926000046
      0.1515792190017278
      0.1530350029410783
      0.1544535698705822
      0.1558332252681154
      0.1571724463612209
      0.1584698741296041
      0.1597243055964682
      0.1609346864133734
      0.1621001037387489
      0.1632197794067784
      0.1642930633808929
      0.1653194274843587
      0.1662984593992689
      0.1672298569245252
      0.1681134224830126
       0.168949057868047
      0.1697367592192429
      0.1704766122181487
      0.1711687874942975
      0.1718135362326733
      0.1724111859739811
       0.172962136599515
       0.173466856492814
      0.1739258788706873
      0.1743397982765577
      0.1747092672294115
      0.1750349930219594
      0.1753177346618905
      0.1755582999503573
      0.1757575426920382
       0.175916360031322
      0.1760356899093056
      0.1761165086364309
      0.1761598285756885
      0.1761666959313893
      0.1761381886385652
      0.1760754143480916
      0.1759795085026416
      0.1758516324985809
      0.1756929719289003
      0.1755047349022548
      0.1752881504331427
      0.1750444668982167
      0.1747749505536656
      0.1744808841085572
      0.1741635653489771
      0.1738243058077435
      0.1734644294744337
      0.1730852715404103
      0.1726881771735021
      0.1722745003169712
      0.1718456025073858
       0.171402851706029
       0.170947621138495
       0.170481288137179
      0.1700052329814381
      0.1695208377303079
      0.1690294850427964
      0.1685325569809499
      0.1680314337910979
      0.1675274926589394
      0.1670221064344348
      0.1665166423228102
      0.1660124605383874
       0.165510912918395
      0.1650133414944245
      0.1645210770197509
      0.1640354374513467
      0.1635577263860804
      0.1630892314513052
      0.1626312226507969
      0.1621849506678024
      0.1617516451277932
      0.1613325128243777
      0.1609287359127091
      0.1605414700756081
      0.1601718426685083
      0.1598209508501928
      0.1594898597071308
      0.1591796003800091
      0.1588911682017829
      0.1586255208572206
      0.1583835765744773
      0.1581662123596811
      0.1579742622858465
      0.1578085158476252
      0.1576697163934534
      0.1575585596465538
      0.1574756923259855
      0.1574217108785128
       0.157397160331476
      0.1574025332761049
      0.1574382689898179
       0.157504752705019
      0.1576023150307408
      0.1577312315322165
      0.1578917224721021
      0.1580839527156517
      0.1583080318006746
      0.1585640141716257
      0.1588518995756966
      0.1591716336173343
      0.1595231084662215
      0.1599061637124462
      0.1603205873613758
      0.1607661169596594
      0.1612424408428221
      0.1617491994940981
      0.1622859870034904
      0.1628523526155359
      0.1634478023539117
      0.1640718007108306
      0.1647237723891356
      0.1654031040851156
      0.1661091463003063
      0.1668412151709099
      0.1675985943039418
      0.1683805366097864
       0.169186266121496
      0.1700149797918807
      0.1708658492602079
      0.1717380225811251
      0.1726306259092444
      0.1735427651336537
      0.1744735274574448
      0.1754219829181569
      0.1763871858458201
      0.1773681762560383
       0.178363981176264
      0.1793736159040933
      0.1803960851970335
      0.1814303843937748
      0.1824755004675207
      0.1835304130124138
      0.1845940951645104
      0.1856655144591431
      0.1867436336268298
      0.1878274113301786
      0.1889158028444727
      0.1900077606848249
      0.1911022351829511
      0.1921981750167445
      0.1932945276959333
      0.1943902400071719
      0.1954842584219686
      0.1965755294708744
      0.1976630000873677
      0.1987456179248564
      0.1998223316501991
       0.200892091217107
      0.2019538481227456
      0.2030065556507989
      0.2040491691041963
      0.2050806460306371
       0.206099946443973
      0.2071060330444355
      0.2080978714406143
      0.2090744303760126
      0.2100346819629218
      0.2109776019262747
      0.2119021698600493
      0.2128073694987104
       0.213692189006088
      0.2145556212840047
      0.2153966643028762
      0.2162143214564196
      0.2170076019425153
        0.21777552117218
      0.2185171012085178
      0.2192313712374234
      0.2199173680717274
       0.220574136690375
      0.2212007308141441
      0.2217962135193149
      0.2223596578906128
      0.2228901477146548
      0.2233867782150391
      0.2238486568301285
      0.2242749040344867
      0.2246646542048414
      0.2250170565313571
      0.2253312759749198
      0.2256064942710497
      0.2258419109809772
      0.2260367445903398
      0.2261902336558838
       0.226301638000479
      0.2263702399566914
        0.22639534565909
      0.2263762863854093
      0.2263124199466292
      0.2262031321259891
      0.2260478381669045
      0.2258459843097176
      0.2255970493771807
      0.2253005464085398
      0.2249560243420687
      0.2245630697458844
      0.2241213085968651
      0.2236304081074848
      0.2230900786003814
      0.2225000754304743
      0.2218602009544577
      0.2211703065475021
      0.2204302946670107
      0.2196401209632841
      0.2187997964369562
      0.2179093896430683
      0.2169690289416437
        0.21597890479461
      0.2149392721088912
      0.2138504526254364
      0.2127128373538884
      0.2115268890524808
      0.2102931447526165
      0.2090122183273811
      0.2076848031029974
      0.2063116745118969
      0.2048936927856777
      0.2034318056856953
      0.2019270512683957
       0.200380560681709
      0.1987935609878569
      0.1971673780067613
      0.1955034391728303
       0.193803276396215
      0.1920685289176214
      0.1903009461433829
      0.1885023904447007
      0.1866748399016774
      0.1848203909689438
      0.1829412610352545
      0.1810397908443235
      0.1791184467383373
      0.1771798226789544
      0.1752266419931199
      0.1732617587826713
      0.1712881589274549
      0.1693089606015412
      0.1673274142111809
      0.1653469016514872
      0.1633709347666678
      0.1614031528862274
      0.1594473192973052
      0.1575073165017221
      0.1555871400960361
      0.1536908911047722
      0.1518227665919786
      0.1499870483755364
      0.1481880896735065
      0.1464302995236723
      0.1447181248378023
      0.1430560299824724
      0.1414484738198415
      0.1398998841955639
      0.1384146299275472
       0.136996990428336
      0.1356511231844386
      0.1343810294157605
      0.1331905183441056
      0.1320831706068474
      0.1310623014545923
      0.1301309244632637
      0.1292917165642876
      0.1285469852442616
      0.1278986387811177
      0.1273481603622801
      0.1268965868687364
      0.1265444930070779
      0.1262919813322752
      0.1261386785331929
      0.1260837381593193
      0.1261258497617347
      0.1262632542159404
      0.1264937648008836
      0.1268147934383498
       0.127223381358839
      0.1277162333603271
      0.1282897547680343
      0.1289400901864257
      0.1296631631562269
      0.1304547158840613
      0.1313103482936367
       0.132225555747661
      0.1331957649012147
      0.1342163672630488
      0.1352827501550506
       0.136390324867028
      0.1375345519004123
      0.1387109632781939
      0.1399151819682612
      0.1411429385231724
      0.1423900850818504
      0.1436526069089029
      0.1449266316666887
      0.1462084366255258
      0.1474944540202053
       0.148781274757838
      0.1500656506744628
      0.1513444955270527
      0.1526148848946589
      0.1538740551483193
      0.1551194016347246
      0.1563484762040464
      0.1575589841981678
      0.1587487810021159
      0.1599158682489523
      0.1610583897568438
      0.1621746272665483
      0.1632629960381219
      0.1643220403572377
      0.1653504289940618
       0.166346950651077
      0.1673105094305189
      0.1682401203470933
      0.1691349049073216
      0.1699940867731179
      0.1708169875239774
      0.1716030225293805
      0.1723516969406361
      0.1730626018093351
      0.1737354103378327
       0.174369874265665
      0.1749658203945073
      0.1755231472531622
      0.1760418219031004
      0.1765218768842376
      0.1769634072999058
       0.177366568039342
      0.1777315711354621
      0.1780586832552025
      0.1783482233192792
      0.1786005602478342
      0.1788161108281066
      0.1789953376999552
      0.1791387474548032
      0.1792468888433253
      0.1793203510869899
       0.179359762288374
      0.1793657879349946
      0.1793391294912505
      0.1792805230729239
      0.1791907381985728
      0.1790705766120315
      0.1789208711701397
      0.1787424847897322
      0.1785363094478452
      0.1783032652290279
       0.178044299413588
      0.1777603856005523
      0.1774525228590789
      0.1771217349020285
      0.1767690692753728
      0.1763955965571077
      0.1760024095593276
      0.1755906225271278
      0.1751613703280119
      0.1747158076255191
      0.1742551080308241
      0.1737804632261332
      0.1732930820537759
      0.1727941895650072
      0.1722850260226617
      0.1717668458519682
      0.1712409165340315
      0.1707085174367225
      0.1701709385779983
      0.1696294793169974
       0.169085446968635
      0.1685401553378535
      0.1679949231701793
      0.1674510725157891
       0.166909927004918
      0.1663728100331279
      0.1658410428557247
      0.1653159425914421
      0.1647988201364199
       0.164290977990475
      0.1637937079987017
      0.1633082890125353
      0.1628359844755539
      0.1623780399404814
      0.1619356805250651
      0.1615101083157237
       0.161102499729082
      0.1607140028427015
      0.1603457347074702
       0.159998778655194
      0.1596741816159305
      0.1593729514604847
      0.1590960543842288
      0.1588444123489933
      0.1586189006001784
      0.1584203452764335
      0.1582495211292408
      0.1581071493694887
      0.1579938956576418
      0.1579103682533839
      0.1578571163396492
      0.1578346285347553
      0.1578433316049338
      0.1578835893879353
      0.1579557019365849
       0.158059904889218
      0.1581963690718595
      0.1583652003348625
      0.1585664396245325
      0.1588000632880665
      0.1590659836079774
      0.1593640495600868
      0.1596940477871923
      0.1600557037786805
      0.1604486832446957
      0.1608725936720087
      0.1613269860474809
      0.1618113567340002
      0.1623251494829852
      0.1628677575670117
      0.1634385260158182
      0.1640367539388693
      0.1646616969178051
      0.1653125694524475
      0.1659885474445653
      0.1666887707042832
      0.1674123454648456
      0.1681583468923792
      0.1689258215783206
      0.1697137900032582
      0.1705212489620625
      0.1713471739413191
      0.1721905214412172
      0.1730502312351667
      0.1739252285614985
      0.1748144262426368
      0.1757167267281086
      0.1766310240586598
      0.1775562057495822
      0.1784911545921073
      0.1794347503724013
      0.1803858715082849
      0.1813433966043197
      0.1823062059263381
      0.1832731827968593
      0.1842432149131288
      0.1852151955897502
      0.1861880249280489
      0.1871606109144325
      0.1881318704500781
      0.1891007303143177
      0.1900661280640826
      0.1910270128717413
      0.1919823463036062
      0.1929311030413122
      0.1938722715481785
       0.194804854682571
      0.1957278702601728
      0.1966403515669704
      0.1975413478246524
      0.1984299246100198
      0.1993051642299088
      0.2001661660530422
      0.2010120468001446
      0.2018419407935927
      0.2026550001678153
      0.2034503950416156
      0.2042273136535586
      0.2049849624615522
      0.2057225662077437
      0.2064393679498674
      0.2071346290601987
      0.2078076291933046
      0.2084576662238279
      0.2090840561555954
      0.2096861330034097
      0.2102632486489557
      0.2108147726723355
      0.2113400921608358
