                       0
   4.996626666666531e-05
   0.0001997269431941524
   0.0004490676792340925
   0.0007977646046844315
    0.001245584370907058
    0.001792284192556539
    0.002437611889829299
    0.003181305930891391
     0.00402309547419286
    0.004962700410327718
    0.005999831403050694
     0.00713418992901561
    0.008365468315755213
    0.009693349777379031
     0.01111750844742389
     0.01263760940825228
     0.01425330871635519
     0.01596425342288018
     0.01777008158867146
     0.01967042229307643
     0.02166489563574327
     0.02375311273060745
     0.02593467569123745
     0.02820917760668965
     0.03057620250699886
     0.03303532531741463
     0.03558611180047624
     0.03822811848500574
     0.04096089258108856
      0.0437839718801003
     0.04669688463883422
     0.04969914944677978
     0.05279027507560083
     0.05596976030986468
     0.05923709375807714
     0.06259175364308554
     0.06603320757092196
     0.06956091227717037
     0.07317431334995828
     0.07687284492869145
      0.0806559293776701
     0.08452297693375364
     0.08847338532726363
     0.09250653937535042
     0.09662181054708177
      0.1008185564995506
      0.1050961205843399
      0.1094538313237337
      0.1138910018561063
      0.1184069293499849
      0.1230008943863318
      0.1276721603086658
      0.1324199725407026
      0.1372435578712746
      0.1421421237063669
      0.1471148572881946
      0.1521609248813363
      0.1572794709260343
      0.1624696171588808
      0.1677304617012157
      0.1730610781156789
      0.1784605144314903
      0.1839277921391518
      0.1894619051554163
      0.1950618187595022
      0.2007264685017022
      0.2064547590856777
      0.2122455632259182
       0.218097720482009
      0.2240100360715432
      0.2299812796637012
      0.2360101841557309
      0.2420954444347564
      0.2482357161275694
      0.2544296143412746
      0.2606757123978855
      0.2669725405662077
      0.2733185847945878
      0.2797122854483289
      0.2861520360558603
      0.2926361820679583
      0.2991630196345995
      0.3057307944042663
      0.3123377003507772
      0.3189818786329742
       0.325661416492844
      0.3323743461978939
      0.3391186440338361
      0.3458922293538678
       0.352692963691058
       0.359518649940542
      0.3663670316184299
      0.3732357922044985
      0.3801225545759045
      0.3870248805392624
      0.3939402704685719
      0.4008661630565185
       0.407799935186756
        0.41473890193477
      0.4216803167049067
      0.4286213715110927
      0.4355591974086657
      0.4424908650845883
       0.449413385613127
      0.4563237113838232
      0.4632187372083025
      0.4700953016120915
      0.4769501883172368
      0.4837801279210296
      0.4905817997756239
      0.4973518340727602
      0.5040868141371488
      0.5107832789313754
      0.5174377257744254
      0.5240466132750965
      0.5306063644807022
      0.5371133702405388
      0.5435639927825854
      0.5499545695009044
      0.5562814169501389
      0.5625408350423637
      0.5687291114404396
      0.5748425261408561
      0.5808773562378298
      0.5868298808592906
      0.5926963862641337
      0.5984731710889934
      0.6041565517315743
      0.6097428678564653
      0.6152284880082561
      0.6206098153157247
      0.6258832932698585
      0.6310454115575549
      0.6360927119320121
      0.6410217941000461
      0.6458293216059358
      0.6505120276908291
      0.6550667211063488
      0.6594902918606963
      0.6637797168754149
      0.6679320655309198
      0.6719445050790275
      0.6758143059009625
      0.6795388465897215
      0.6831156188362503
      0.6865422320995473
       0.689816418041679
      0.6929360347096573
      0.6958990704472591
      0.6987036475210712
       0.701348025446445
      0.7038306040004634
      0.7061499259106189
      0.7083046792095044
      0.7102936992475301
      0.7121159703574672
      0.7137706271663679
      0.7152569555522705
      0.7165743932448879
      0.7177225300713228
      0.7187011078496064
      0.7195100199346308
      0.7201493104227075
      0.7206191730226287
      0.7209199496026124
      0.7210521284239647
      0.7210163420736219
      0.7208133651089325
      0.7204441114291535
      0.7199096313890625
      0.7192111086709246
      0.7183498569317406
      0.7173273162432371
      0.7161450493424605
       0.714804737711119
      0.7133081775019351
       0.711657275330266
      0.7098540439491631
      0.7079005978257547
      0.7057991486365335
      0.7035520006986594
      0.7011615463538539
      0.6986302613208534
      0.6959607000317194
      0.6931554909664982
      0.6902173320000159
      0.6871489857736938
      0.6839532751044274
      0.6806330784417195
      0.6771913253833437
      0.6736309922589232
      0.6699550977899664
      0.6661666988339862
      0.6622688862195295
      0.6582647806781048
      0.6541575288782038
      0.6499502995659067
      0.6456462798157792
      0.6412486713951819
      0.6367606872444251
      0.6321855480746625
      0.6275264790848533
      0.6227867067986615
      0.6179694560216848
      0.6130779469190226
      0.6081153922128317
      0.6030849944991666
      0.5979899436831637
      0.5928334145313247
        0.58761856433949
      0.5823485307148507
      0.5770264294702279
      0.5716553526286994
      0.5662383665365323
      0.5607785100822761
      0.5552787930198392
      0.5497421943932458
      0.5441716610607704
      0.5385701063160812
      0.5329404086040184
      0.5272854103285731
      0.5216079167506671
      0.5159106949732819
      0.5101964730115081
      0.5044679389450608
      0.4987277401508216
      0.4929784826129702
      0.4872227303082651
      0.4814630046640258
      0.4757017840864116
       0.469941503556551
      0.4641845542921177
       0.458433283471941
      0.4526899940212466
      0.4469569444551415
      0.4412363487779545
      0.4355303764360682
        0.42984115232188
       0.424170756826555
       0.418521225939237
      0.4128945513904169
        0.40729268083716
      0.4017175180879399
      0.3961709233648262
      0.3906547136008208
      0.3851706627701549
       0.379720502249398
       0.374305921207263
      0.3689285670210303
       0.363590045717553
      0.3582919224368452
      0.3530357219163099
      0.3478229289936986
      0.3426549891269561
      0.3375333089291442
      0.3324592567167006
      0.3274341630693424
      0.3224593213999745
      0.3175359885330331
      0.3126653852897429
      0.3078486970788307
       0.303087074491304
      0.2983816338979551
      0.2937334580483241
      0.2891435966699062
        0.28461306706646
      0.2801428547143214
      0.2757339138557156
      0.2713871680880843
      0.2671035109485357
      0.2628838064925717
      0.2587288898662993
      0.2546395678714063
      0.2506166195222194
      0.2466607965942241
      0.2427728241634878
      0.2389534011364599
      0.2352032007696871
      0.2315228711790224
      0.2279130358379532
       0.224374294064722
      0.2209072214979448
      0.2175123705604856
      0.2141902709113715
      0.2109414298855774
      0.2077663329215355
      0.2046654439762666
      0.2016392059280497
      0.1986880409665821
      0.1958123509706058
      0.1930125178729983
      0.1902889040133534
       0.187641852478092
       0.185071687428166
      0.1825787144144346
       0.180163220680807
      0.1778254754552593
      0.1755657302288462
      0.1733842190228389
      0.1712811586441265
      0.1692567489290356
       0.167311172975715
      0.1654445973652495
      0.1636571723716679
      0.1619490321610083
      0.1603202949796103
      0.1587710633318087
      0.1573014241471927
      0.1559114489375983
      0.1546011939440104
      0.1533707002735278
      0.1522199940265618
       0.151149086414422
      0.1501579738674472
      0.1492466381338275
      0.1484150463692674
      0.1476631512176262
      0.1469908908826735
      0.1463981891910901
      0.1458849556468333
       0.145451085476994
      0.1450964596692521
      0.1448209450010419
      0.1446243940605315
       0.144506645259513
      0.1444675228383011
      0.1445068368627268
      0.1446243832133202
      0.1448199435667591
      0.1450932853696736
      0.1454441618048815
      0.1458723117501386
      0.1463774597294852
      0.1469593158572657
      0.1476175757749086
      0.1483519205805524
      0.1491620167516065
      0.1500475160603424
      0.1510080554826183
      0.1520432570998436
      0.1531527279943016
      0.1543360601379584
      0.1555928302748954
      0.1569225997975162
      0.1583249146166968
      0.1597993050260537
      0.1613452855605313
       0.162962354849526
      0.1646499954647791
      0.1664076737632976
      0.1682348397255834
      0.1701309267894782
       0.172095351679949
      0.1741275142351774
        0.17622679722934
      0.1783925661924973
      0.1806241692280394
      0.1829209368281749
      0.1852821816879783
      0.1877071985185544
      0.1901952638599043
      0.1927456358941299
      0.1953575542596407
      0.1980302398670764
      0.2007628947176888
      0.2035547017249829
      0.2064048245404455
      0.2093124073842388
      0.2122765748817793
      0.2152964319071606
       0.218371063434423
      0.2214995343977166
      0.2246808895614396
      0.2279141534014802
      0.2311983299987179
      0.2345324029459874
      0.2379153352697346
      0.2413460693676319
       0.244823526963439
      0.2483466090804329
      0.2519141960347462
       0.255525147449964
      0.2591783022943588
      0.2628724789421369
      0.2666064752600815
      0.2703790687209642
      0.2741890165451031
      0.2780350558714101
      0.2819159039592646
      0.2858302584225079
      0.2897767974968187
      0.2937541803416763
      0.2977610473780669
      0.3017960206630249
      0.3058577043020096
      0.3099446849000538
      0.3140555320524988
      0.3181887988760532
      0.3223430225807639
      0.3265167250833795
      0.3307084136624505
      0.3349165816553342
      0.3391397091971439
       0.343376264001491
      0.3476247021826911
      0.3518834691189185
      0.3561510003555898
      0.3604257225480512
      0.3647060544424293
      0.3689904078932718
      0.3732771889163983
      0.3775647987751213
      0.3818516350977825
      0.3861360930242981
      0.3904165663791719
      0.3946914488682021
      0.3989591352958623
      0.4032180228001142
      0.4074665121011844
      0.4117030087606255
      0.4159259244467684
      0.4201336782025011
      0.4243246977111048
      0.4284974205557542
      0.4326502954681227
      0.4367817835614347
      0.4408903595432042
      0.4449745129028423
      0.4490327490692814
      0.4530635905337363
       0.457065577932789
      0.4610372710869945
       0.464977249990338
      0.4688841157459959
      0.4727564914440086
      0.4765930229766938
      0.4803923797878666
      0.4841532555522279
      0.4878743687815783
      0.4915544633549043
      0.4951923089697633
      0.4987867015128028
      0.5023364633477521
      0.5058404435196806
      0.5092975178748521
      0.5127065890960431
      0.5160665866537518
      0.5193764666743155
      0.5226352117265289
      0.5258418305289829
      0.5289953575809045
      0.5320948527199338
      0.5351394006108129
      0.5381281101695666
      0.5410601139283364
      0.5439345673465118
      0.5467506480743758
      0.5495075551758968
       0.552204508317755
      0.5548407469321006
      0.5574155293608172
      0.5599281319894073
      0.5623778483787933
      0.5647639884035177
      0.5670858774048899
      0.5693428553676729
      0.5715342761288645
      0.5736595066269817
      0.5757179262000998
      0.5777089259406327
      0.5796319081144901
      0.5814862856518749
      0.5832714817165209
      0.5849869293596092
      0.5866320712640537
      0.5882063595841813
      0.5897092558851496
      0.5911402311856866
       0.592498766106995
      0.5937843511298342
      0.5949964869609511
      0.5961346850092082
      0.5971984679708811
      0.5981873705227264
      0.5991009401205851
      0.5999387379004265
      0.6007003396779189
      0.6013853370418111
      0.6019933385356595
      0.6025239709216988
      0.6029768805200012
      0.6033517346154309
      0.6036482229243536
      0.6038660591125534
      0.6040049823553932
      0.6040647589308806
       0.604045183836024
      0.6039460824166458
      0.6037673120006884
       0.603508763524982
      0.6031703631454619
       0.602752073820922
      0.6022538968605184
      0.6016758734255149
      0.6010180859760303
      0.6002806596539034
      0.5994637635932439
      0.5985676121506696
      0.5975924660477935
      0.5965386334190607
      0.5954064707586433
      0.5941963837607753
      0.5929088280485136
      0.5915443097866434
      0.5901033861751328
      0.5885866658202277
      0.5869948089810236
      0.5853285276900296
      0.5835885857469582
      0.5817757985856462
       0.579891033014704
      0.5779352068330995
      0.5759092883225524
      0.5738142956191605
      0.5716512959672631
      0.5694214048590748
      0.5671257850640725
      0.5647656455525994
      0.5623422403185422
      0.5598568671062867
       0.557310866047472
      0.5547056182133676
      0.5520425440888842
      0.5493231019744502
      0.5465487863221135
      0.5437211260123292
      0.5408416825779753
      0.5379120483821406
      0.5349338447562284
      0.5319087201048812
      0.5288383479841395
      0.5257244251591369
      0.5225686696475101
      0.5193728187545329
      0.5161386271057861
      0.5128678646829889
      0.5095623148683635
      0.5062237725026908
      0.5028540419619467
      0.4994549352571352
      0.4960282701616633
      0.4925758683703253
      0.4890995536936731
      0.4856011502912415
      0.4820824809468344
      0.4785453653887592
      0.4749916186576229
      0.4714230495240028
      0.4678414589580431
      0.4642486386527286
      0.4606463696023456
       0.457036420737353
       0.453420547616654
      0.4498004911780143
      0.4461779765471371
      0.4425547119056824
      0.4389323874183277
      0.4353126742187438
      0.4316972234541905
      0.4280876653882703
      0.4244856085611862
      0.4208926390067452
      0.4173103195251624
      0.4137401890106383
      0.4101837618325344
      0.4066425272688922
      0.4031179489909306
      0.3996114645970844
      0.3961244851950803
      0.3926583950304696
      0.3892145511599944
      0.3857942831681286
      0.3823988929250778
      0.3790296543845227
       0.375687813419347
      0.3723745876936025
      0.3690911665689379
      0.3658387110437328
      0.3626183537231856
        0.35943119881861
      0.3562783221742123
      0.3531607713196592
      0.3500795655467481
       0.347035696008549
      0.3440301258393952
      0.3410637902941592
      0.3381375969052741
      0.3352524256560145
      0.3324091291685858
      0.3296085329056229
      0.3268514353837417
       0.324138608397847
      0.3214707972549342
      0.3188487210161816
      0.3162730727461895
       0.313744519768253
      0.3112637039246313
      0.3088312418408091
      0.3064477251928063
      0.3041137209766488
       0.301829771779153
      0.2995963960492309
      0.2974140883689881
      0.2952833197239058
      0.2932045377714796
      0.2911781671077186
      0.2892046095309495
       0.287284244302437
      0.2854174284033618
      0.2836044967877417
      0.2818457626309374
      0.2801415175734148
      0.2784920319594751
      0.2768975550707218
       0.275358315354051
      0.2738745206440054
       0.272446358379361
      0.2710739958138556
      0.2697575802210013
       0.268497239092957
      0.2672930803334722
      0.2661451924449413
      0.2650536447096418
      0.2640184873652564
      0.2630397517748158
      0.2621174505912137
      0.2612515779164835
      0.2604421094560506
       0.259689002668194
      0.2589921969089801
      0.2583516135729587
      0.2577671562299193
      0.2572387107580451
       0.256766145473817
      0.2563493112590298
      0.2559880416853168
      0.2556821531365946
      0.2554314449298448
       0.255235699434686
      0.2550946821921914
      0.2550081420334239
      0.2549758111981824
      0.2549974054544603
      0.2550726242191276
      0.2552011506803748
      0.2553826519224368
      0.2556167790531618
      0.2559031673349762
       0.256241436319799
      0.2566311899884893
      0.2570720168953954
      0.2575634903185797
        0.25810516841631
      0.2586965943903964
      0.2593372966569518
       0.260026789025166
      0.2607645708846578
      0.2615501274019966
      0.2623829297269362
      0.2632624352089387
      0.2641880876245177
      0.2651593174159487
      0.2661755419418532
      0.2672361657401659
      0.2683405808039605
      0.2694881668706006
      0.2706782917246423
      0.2719103115149061
      0.2731835710860871
      0.2744974043252525
      0.2758511345235339
      0.2772440747532895
      0.2786755282609567
      0.2801447888757824
      0.2816511414345698
      0.2831938622225165
      0.2847722194301814
      0.2863854736265449
      0.2880328782480753
      0.2897136801036428
      0.2914271198950635
      0.2931724327529679
      0.2949488487876392
      0.2967555936543618
      0.2985918891327614
      0.3004569537195254
      0.3023500032338072
      0.3042702514345286
      0.3062169106487116
      0.3081891924098673
      0.3101863081053858
      0.3122074696317739
      0.3142518900564758
      0.3163187842849466
      0.3184073697315163
      0.3205168669925119
      0.3226465005199928
      0.3247954992943701
      0.3269630974940765
      0.3291485351603755
      0.3313510588553042
      0.3335699223106522
      0.3358043870658163
      0.3380537230922832
      0.3403172094024217
      0.3425941346402148
      0.3448837976514936
      0.3471855080311906
      0.3494985866450973
      0.3518223661235684
       0.354156191324602
      0.3564994197637197
      0.3588514220080573
      0.3612115820321082
       0.363579297532577
      0.3659539801998445
      0.3683350559436028
      0.3707219650702809
      0.3731141624099726
      0.3755111173906769
      0.3779123140577682
      0.3803172510367652
      0.3827254414375932
      0.3851364126987126
      0.3875497063696734
      0.3899648778308418
      0.3923814959492631
       0.394799142669871
      0.3972174125414762
      0.3996359121772587
      0.4020542596497358
      0.4044720838205004
       0.406889023605305
      0.4093047271753947
      0.4117188510963212
      0.4141310594057971
      0.4165410226325149
      0.4189484167581896
      0.4213529221254367
      0.4237542222944803
      0.4261520028520266
      0.4285459501759956
      0.4309357501601845
      0.4333210869032417
      0.4357016413667228
      0.4380770900072863
       0.440447103388434
      0.4428113447774864
      0.4451694687337668
      0.4475211196942381
      0.4498659305630696
      0.4522035213118055
      0.4545334975970227
      0.4568554494024836
       0.459168949712925
      0.4614735532267072
      0.4637687951145592
      0.4660541898317199
      0.4683292299906767
      0.4705933853016586
      0.4728461015879097
      0.4750867998825951
      0.4773148756139897
      0.4795296978853434
       0.481730608855495
      0.4839169232259902
      0.4860879278400452
      0.4882428813982984
      0.4903810142957823
      0.4925015285840674
      0.4946035980619835
      0.4966863684977424
      0.4987489579846781
      0.5007904574321951
      0.5028099311928486
      0.5048064178258356
      0.5067789309964594
      0.5087264605104465
      0.5106479734812995
      0.5125424156281673
       0.514408712701018
      0.5162457720291995
      0.5180524841888445
      0.5198277247838737
       0.521570356334776
      0.5232792302687043
      0.5249531890038981
      0.5265910681209055
      0.5281916986125937
       0.529753909204504
      0.5312765287367214
       0.532758388598095
      0.5341983252033574
      0.5355951825034758
      0.5369478145193854
      0.5382550878891688
      0.5395158844186719
      0.5407291036255719
      0.5418936652669726
      0.5430085118407386
      0.5440726110509541
      0.5450849582281094
      0.5460445786949649
      0.5469505300693098
      0.5478019044952579
      0.5485978307951425
      0.5493374765345344
      0.5500200499934075
      0.5506448020369997
      0.5512110278805006
      0.5517180687422366
      0.5521653133806481
      0.5525521995109732
      0.5528782150981256
      0.5531428995229138
      0.5533458446193662
      0.5534866955815219
      0.5535651517386575
       0.553580967198545
      0.5535339513588682
      0.5534239692875078
      0.5532509419729501
      0.5530148464465479
      0.5527157157788977
      0.5523536389529927
      0.5519287606172745
      0.5514412807220846
      0.5508914540433534
      0.5502795895977086
      0.5496060499534717
      0.5488712504422194
      0.5480756582758743
      0.5472197915743954
      0.5463042183093342
      0.5453295551686318
      0.5442964663480913
      0.5432056622750291
      0.5420578982696314
      0.5408539731495445
      0.5395947277831599
      0.5382810435970546
      0.5369138410429329
      0.5354940780293233
      0.5340227483231749
      0.5325008799263673
      0.5309295334319883
      0.5293098003650806
      0.5276428015123855
      0.5259296852454283
      0.5241716258410993
       0.522369821803689
        0.52052549419214
      0.5186398849560597
      0.5167142552838566
      0.5147498839661154
      0.5127480657771775
      0.5107101098776212
       0.508637338240191
      0.5065310841014864
      0.5043926904415488
      0.5022235084932762
      0.5000248962834231
      0.4977982172067543
      0.4955448386347484
      0.4932661305600826
      0.4909634642779609
      0.4886382111052076
      0.4862917411378787
      0.4839254220480337
      0.4815406179201432
      0.4791386881275135
      0.4767209862489623
       0.474288859025892
       0.471843645359794
      0.4693866753501001
      0.4669192693722453
      0.4644427371956864
      0.4619583771415527
      0.4594674752795483
      0.4569713046636315
      0.4544711246059576
      0.4519681799885076
      0.4494637006117743
       0.446958900579833
      0.4444549777210885
      0.4419531130439419
      0.4394544702266054
      0.4369601951402518
      0.4344714154046684
      0.4319892399755639
      0.4295147587626648
       0.427049042277715
       0.424593141311489
      0.4221480866389297
      0.4197148887514996
       0.417294537615846
      0.4148880024578843
      0.4124962315713955
       0.410120152150247
      0.4077606701433557
      0.4054186701315147
      0.4030950152252249
      0.4007905469826774
      0.3985060853470558
      0.3962424286023346
      0.3940003533467815
      0.3917806144833681
       0.389583945226343
      0.3874110571232087
      0.3852626400913966
       0.383139362468935
      0.3810418710784441
      0.3789707913038016
      0.3769267271788579
      0.3749102614876033
      0.3729219558752158
      0.3709623509694321
      0.3690319665117324
      0.3671313014978365
      0.3652608343270443
      0.3634210229599799
      0.3616123050843215
      0.3598350982881271
      0.3580898002403926
       0.356376788878501
      0.3546964226022572
      0.3530490404742058
      0.3514349624259825
      0.3498544894704458
      0.3483079039193772
      0.3467954696065536
      0.3453174321160158
      0.3438740190153784
      0.3424654400940506
      0.3410918876062446
      0.3397535365186867
      0.3384505447629333
      0.3371830534922416
      0.3359511873429361
      0.3347550547002252
      0.3335947479684606
      0.3324703438458079
      0.3313819036033211
      0.3303294733684377
      0.3293130844128858
      0.3283327534450227
      0.3273884829066258
      0.3264802612741445
      0.3256080633644437
        0.32477185064505
      0.3239715715489178
      0.3232071617937335
      0.3224785447057634
      0.3217856315482372
      0.3211283218542787
      0.3205065037643515
       0.319920054368197
      0.3193688400512307
      0.3188527168453397
      0.3183715307840118
      0.3179251182617194
      0.3175133063974497
      0.3171359134022753
      0.3167927489508093
      0.3164836145564101
      0.3162083039499353
      0.3159666034618615
        0.31575829240754
      0.3155831434753434
      0.3154409231174375
      0.3153313919428875
      0.3152543051127775
      0.3152094127370069
      0.3151964602724021
       0.315215188921755
       0.315265336033367
      0.3153466355006841
      0.3154588181615425
      0.3156016121965596
      0.3157747435261669
        0.31597793620575
      0.3162109128183728
      0.3164733948645024
      0.3167651031481691
      0.3170857581589628
      0.3174350804492412
      0.3178127910059436
      0.3182186116163479
      0.3186522652271387
      0.3191134762961142
