                       0
   4.996626666667793e-05
    0.000199726943194131
   0.0004490676792340709
   0.0007977646046843294
      0.0012455843709069
    0.001792284192556491
     0.00243761188982935
    0.003181305930891343
    0.004023095474192593
    0.004962700410327052
    0.005999831403049933
    0.007134189929014908
    0.008365468315754169
    0.009693349777379729
     0.01111750844742514
     0.01263760940825395
     0.01425330871635694
     0.01596425342287961
     0.01777008158867027
     0.01967042229307762
     0.02166489563574537
     0.02375311273061431
     0.02593467569125036
     0.02820917760671674
        0.03057620250705
     0.03303532531750449
     0.03558611180063477
     0.03822811848527267
     0.04096089258152336
      0.0437839718808038
     0.04669688463995046
     0.04969914944852444
     0.05279027507828651
     0.05596976031394305
     0.05923709376418664
     0.06259175365212652
     0.06603320758414691
     0.06956091229631391
     0.07317431337738868
     0.07687284496763061
     0.08065592943244716
     0.08452297701015236
     0.08847338543295344
     0.09250653952042343
     0.09662181074472022
       0.100818556766887
      0.1050961209434749
      0.1094538318030289
      0.1138910024917448
      0.1184069301878869
      0.1230008954844408
      0.1276721617397597
      0.1324199743957149
       0.137243560263347
      0.1421421267755702
      0.1471148612072039
      0.1521609298621478
      0.1572794772278067
      0.1624696250972436
      0.1677304716590761
      0.1730610905557992
      0.1784605299111921
      0.1839278113272453
      0.1894619288518616
      0.1950618479178629
      0.2007265042550973
      0.2064548027763341
      0.2122456164389124
      0.2180977850837119
       0.224010114253174
      0.2299813739905604
      0.2360102976227853
      0.2420955805291803
      0.2482358788988558
      0.2544298084798374
      0.2606759433226119
      0.2669728145219505
      0.2733189089606686
      0.2797126680583146
      0.2861524865301848
      0.2926367111598374
      0.2991636395904273
      0.3057315191395377
      0.3123385456421884
      0.3189828623278749
      0.3256625587370451
       0.332375669682603
      0.3391201742626943
      0.3458939949306489
      0.3526949966291287
       0.359520985994481
      0.3663697106383248
      0.3732388585131645
      0.3801260573695417
      0.3870288743110852
      0.3939448154556436
      0.4008713257087801
      0.4078057886577879
      0.4147455265930479
      0.4216878006641264
      0.4286298111775542
      0.4355686980435743
      0.4425015413782905
      0.4494253622682331
      0.4563371237033136
      0.4632337316845588
      0.4701120365114018
      0.4769688342547423
      0.4838008684199256
      0.4906048318037307
      0.4973773685492879
      0.5041150764015571
      0.5108145091657635
      0.5174721793703875
      0.5240845611350896
      0.5306480932438765
       0.537159182422372
      0.5436142068170474
      0.5500095196736468
      0.5563414532116353
       0.562606322688707
      0.5688004306499854
      0.5749200713556953
      0.5809615353781266
      0.5869211143601727
      0.5927951059239277
      0.5985798187205239
      0.6042715776070042
      0.6098667289386168
      0.6153616459622518
      0.6207527342963461
      0.6260364374822239
      0.6312092425894233
      0.6362676858596779
      0.6412083583705854
      0.6460279117023164
      0.6507230635875615
      0.6552906035272199
      0.6597273983518593
      0.6640303977107758
       0.668196639468934
      0.6722232549931135
       0.676107474308391
      0.6798466311064694
      0.6834381675880676
      0.6868796391216765
      0.6901687187018647
       0.693303201190766
       0.696281007328526
      0.6991001874966324
      0.7017589252223232
      0.7042555404105654
      0.7065884922935488
      0.7087563820873857
      0.7107579553462364
      0.7125921040085836
      0.7142578681277358
       0.715754437282915
      0.7170811516669652
      0.7182375028496453
      0.7192231342146642
      0.7200378410726086
      0.7206815704505327
      0.7211544205630364
      0.7214566399683583
      0.7215886264159348
      0.7215509253927497
       0.721344228375819
       0.720969370801094
       0.720427329758298
      0.7197192214229573
        0.71884629823739
      0.7178099458540294
      0.7166116798528708
      0.7152531422488506
      0.7137360978020978
      0.7120624301458717
      0.7102341377482381
      0.7082533297216406
      0.7061222214965374
      0.7038431303743319
      0.7014184709750283
        0.69885075059483
      0.6961425644901161
      0.6932965911006761
      0.6903155872292646
      0.6872023831906654
      0.6839598779441589
      0.6805910342237398
      0.6770988736790614
      0.6734864720390562
      0.6697569543115176
      0.6659134900289057
      0.6619592885523119
      0.6578975944432833
      0.6537316829130545
      0.6494648553593328
      0.6451004349971087
      0.6406417625930197
      0.6360921923089109
       0.631455087662137
      0.6267338176071305
      0.6219317527445283
      0.6170522616610539
      0.6120987074048789
      0.6070744440997107
      0.6019828136989298
      0.5968271428837171
      0.5916107401047082
      0.5863368927699412
      0.5810088645778299
      0.5756298929963188
      0.5702031868871551
      0.5647319242747318
      0.5592192502570353
      0.5536682750587972
      0.5480820722229305
      0.5424636769390566
      0.5368160845053772
      0.5311422489223676
      0.5254450816130277
      0.5197274502680954
      0.5139921778112688
      0.5082420414815855
      0.5024797720279691
      0.4967080530125197
      0.4909295202181013
      0.4851467611565146
      0.4793623146712446
      0.4735786706328066
      0.4677982697202466
      0.4620235032854983
      0.4562567132958026
      0.4505001923500024
      0.4447561837643274
      0.4390268817234249
      0.4333144314925048
      0.4276209296863057
       0.421948424591356
      0.4162989165369375
      0.4106743583116507
      0.4050766556211515
      0.3995076675842046
      0.3939692072630955
      0.3884630422252915
      0.3829908951331734
      0.3775544443584931
      0.3721553246190051
      0.3667951276342525
      0.3614754027978725
      0.3561976578637414
      0.3509633596438668
      0.3457739347153353
      0.3406307701346904
       0.335535214157073
      0.3304885769587596
      0.3254921313610422
      0.3205471135538028
       0.315654723817371
      0.3108161272409312
      0.3060324544365089
      0.3013048022468957
      0.2966342344468225
      0.2920217824358449
      0.2874684459224884
      0.2829751935984262
      0.2785429638017595
      0.2741726651695158
      0.2698651772776821
      0.2656213512688798
      0.2614420104670805
      0.2573279509786782
      0.2532799422800154
      0.2492987277905852
      0.2453850254318337
      0.2415395281715484
      0.2377629045533222
      0.2340557992113094
      0.2304188333699089
       0.226852605328537
      0.2233576909315001
      0.2199346440227193
      0.2165839968858301
      0.2133062606692742
      0.2101019257968439
      0.2069714623635709
       0.203915320517314
      0.2009339308260684
      0.1980277046312487
      0.1951970343871688
      0.1924422939868571
      0.1897638390745431
      0.1871620073449799
       0.184637118829826
      0.1821894761713928
      0.1798193648839817
      0.1775270536030882
      0.1753127943227596
      0.1731768226212603
      0.1711193578753372
      0.1691406034635257
      0.1672407469585742
      0.1654199603091296
      0.1636784000113416
      0.1620162072702108
      0.1604335081510401
      0.1589304137215205
      0.1575070201842644
      0.1561634090001333
       0.154899647002876
       0.153715786504821
      0.1526118653941279
      0.1515879072237779
      0.1506439212923315
      0.1497799027167656
      0.1489958324975402
      0.1482916775759533
       0.147667390884111
      0.1471229113875258
      0.1466581641204157
      0.1462730602140832
      0.1459674969181999
      0.1457413576152805
      0.1455945118283863
      0.1455268152221831
      0.1455381095974057
       0.145628222878778
       0.145796969096629
      0.1460441483619959
      0.1463695468355883
      0.1467729366903749
      0.1472540760680087
      0.1478127090292662
      0.1484485654982463
      0.1491613612005399
      0.1499507975955123
      0.1508165618025695
      0.1517583265215384
      0.1527757499472943
      0.1538684756784543
      0.1550361326205054
      0.1562783348831398
      0.1575946816720954
      0.1589847571753794
      0.1604481304442582
      0.1619843552686381
       0.163592970047466
      0.1652734976538935
      0.1670254452955588
      0.1688483043699156
      0.1707415503149574
      0.1727046424555771
      0.1747370238454059
      0.1768381211047027
      0.1790073442543654
      0.1812440865464368
      0.1835477242911657
      0.1859176166811251
      0.1883531056125805
      0.1908535155046653
      0.1934181531163734
      0.1960463073621588
      0.1987372491263067
      0.2014902310767358
      0.2043044874784217
      0.2071792340072694
      0.2101136675648197
      0.2131069660943787
      0.2161582883992212
      0.2192667739634309
      0.2224315427760163
      0.2256516951591868
      0.2289263116012386
      0.2322544525950867
       0.235635158482963
      0.2390674493082359
      0.2425503246750965
      0.2460827636171953
      0.2496637244756901
       0.253292144788042
      0.2569669411883718
      0.2606870093199544
      0.2644512237613514
      0.2682584379668269
      0.2721074842221866
      0.2759971736168797
      0.2799262960335303
      0.2838936201556282
      0.2878978934948038
       0.291937842438295
      0.2960121723177757
      0.3001195675005025
      0.3042586915035015
      0.3084281871322359
       0.312626676644042
      0.3168527619377241
      0.3211050247695888
      0.3253820269974255
       0.329682310852372
      0.3340043992398029
       0.338346796069974
       0.342707986618514
      0.3470864379175529
      0.3514805991779177
      0.3558889022424438
       0.360309762070888
      0.3647415772563826
      0.3691827305736022
      0.3736315895585788
       0.378086507119544
      0.3825458221792764
      0.3870078603477939
      0.3914709346253396
       0.395933346134704
      0.4003933848822075
      0.4048493305465787
      0.4092994532945251
      0.4137420146217756
      0.4181752682185661
      0.4225974608581266
      0.4270068333064286
      0.4314016212521424
      0.4357800562543565
       0.440140366707194
      0.4444807788186838
      0.4487995176026014
      0.4530948078809707
      0.4573648752952171
      0.4616079473245246
      0.4658222543085309
      0.4700060304735643
      0.4741575149591742
      0.4782749528439695
      0.4823565961690255
      0.4864007049568242
      0.4904055482242762
      0.4943694049882613
       0.498290565263157
      0.5021673310483149
      0.5059980173052423
      0.5097809529242714
       0.513514481678918
      0.5171969631692955
      0.5208267737539907
      0.5244023074706402
      0.5279219769463183
      0.5313842142982632
      0.5347874720260732
      0.5381302238970246
       0.541410965826092
      0.5446282167519433
      0.5477805195123459
      0.5508664417195992
      0.5538845766387732
      0.5568335440722588
      0.5597119912513845
      0.5625185937391938
      0.5652520563458957
      0.5679111140591274
      0.5704945329927521
      0.5730011113543521
      0.5754296804347867
      0.5777791056204615
      0.5800482874301621
       0.582236162576761
       0.584341705054009
      0.5863639272494814
      0.5883018810816506
      0.5901546591607492
      0.5919213959719228
      0.5936012690774863
      0.5951935003357953
       0.596697357133911
      0.5981121536284727
      0.5994372519912486
      0.6006720636533058
      0.6018160505427887
      0.6028687263081729
      0.6038296575222346
       0.604698464858079
      0.6054748242298404
      0.6061584678900174
      0.6067491854759324
      0.6072468249958671
      0.6076512937472147
      0.6079625591586069
      0.6081806495467499
      0.6083056547806994
       0.608337726845727
       0.608277080298838
      0.6081239926100659
      0.6078788043821984
       0.607541919443789
      0.6071138048098551
      0.6065949905068051
      0.6059860692575345
      0.6052876960241582
      0.6045005874069953
      0.6036255208988384
      0.6026633339949407
      0.6016149231595862
       0.600481242652391
      0.5992633032161176
      0.5979621706311703
      0.5965789641417136
      0.5951148547586305
        0.59357106344719
      0.5919488592055433
      0.5902495570438874
      0.5884745158719974
      0.5866251363042763
      0.5847028583939763
      0.5827091593047978
       0.580645550931527
      0.5785135774807381
       0.576314813021481
      0.5740508590177703
      0.5717233418530546
      0.5693339103578953
      0.5668842333509116
      0.5643759972034724
       0.561810903437253
      0.5591906663647643
      0.5565170107806356
      0.5537916697126917
       0.551016382240002
       0.548192891384409
      0.5453229420819204
        0.54240827924005
      0.5394506458848576
      0.5364517814015934
      0.5334134198733194
      0.5303372885184624
      0.5272251062299174
      0.5240785822166596
      0.5208994147472568
      0.5176892899964938
      0.5144498809926004
       0.511182846664152
      0.5078898309846726
       0.504572462212367
      0.5012323522210609
      0.4978710959199019
      0.4944902707576734
      0.4910914363070867
      0.4876761339258991
      0.4842458864882103
      0.4808021981835165
       0.477346554377199
      0.4738804215279092
      0.4704052471569026
      0.4669224598643583
       0.463433469388205
       0.459939666699784
       0.456442424132569
      0.4529430955391055
      0.4494430164716117
       0.445943504382123
      0.4424458588387012
      0.4389513617530698
      0.4354612776172034
       0.431976853744883
      0.4284993205152779
      0.4250298916161217
      0.4215697642838556
      0.4181201195380307
      0.4146821224088723
      0.4112569221552734
      0.4078456524722741
      0.4044494316867741
      0.4010693629397899
      0.3977065343552988
      0.3943620191941052
      0.3910368759929045
      0.3877321486877432
      0.3844488667223586
      0.3811880451406017
      0.3779506846635471
      0.3747377717517249
       0.371550278652483
      0.3683891634327578
      0.3652553699987013
      0.3621498281016038
      0.3590734533317774
      0.3560271471004701
      0.3530117966111069
      0.3500282748201599
      0.3470774403888433
      0.3441601376263298
      0.3412771964254832
      0.3384294321913972
      0.3356176457646084
       0.332842623338515
       0.330105136373182
      0.3274059415049989
      0.3247457804538916
      0.3221253799282629
      0.3195454515287914
      0.3170066916512447
      0.3145097813893371
      0.3120553864378941
      0.3096441569970842
      0.3072767276782133
      0.3049537174110525
      0.3026757293540433
      0.3004433508066276
      0.2982571531251124
      0.2961176916414608
      0.2940255055857361
      0.2919811180123915
      0.2899850357304731
      0.2880377492377048
      0.2861397326591954
       0.284291443689918
      0.2824933235418297
      0.2807457968954325
      0.2790492718552657
      0.2774041399099979
      0.2758107758969498
      0.2742695379703626
      0.2727807675742491
      0.2713447894191789
      0.2699619114626843
      0.2686324248939187
      0.2673566041216295
      0.2661347067658481
      0.2649669736529645
      0.2638536288139542
      0.2627948794857604
      0.2617909161155143
      0.2608419123676812
      0.2599480251337356
      0.2591093945442127
      0.2583261439832377
       0.257598380105164
      0.2569261928532731
      0.2563096554803346
      0.2557488245709887
      0.2552437400658502
        0.25479442528702
      0.2544008869653521
      0.2540631152688775
      0.2537810838325858
      0.2535547497896179
      0.2533840538036178
      0.2532689201022007
      0.2532092565117819
      0.2532049544933935
      0.2532558891798018
      0.2533619194139373
      0.2535228877884633
      0.2537386206866127
      0.2540089283247189
      0.2543336047958035
      0.2547124281153515
      0.2551451602681464
      0.2556315472573981
      0.2561713191558577
      0.2567641901588109
      0.2574098586396846
      0.2581080072081757
      0.2588583027708322
      0.2596603965948692
      0.2605139243751258
      0.2614185063042082
      0.2623737471465843
      0.2633792363160858
      0.2644345479583589
      0.2655392410367183
      0.2666928594235357
      0.2678949319959831
      0.2691449727372866
      0.2704424808433917
      0.2717869408352919
      0.2731778226773086
       0.274614581901735
      0.2760966597397867
      0.2776234832594863
      0.2791944655102872
      0.2808090056748599
      0.2824664892281695
      0.2841662881042216
      0.2859077608702227
      0.2876902529085146
      0.2895130966065829
      0.2913756115546763
      0.2932771047516585
      0.2952168708185937
      0.2971941922206175
      0.2992083394962984
      0.3012585714952823
      0.3033441356231082
      0.3054642680940171
      0.3076181941906594
      0.3098051285311859
      0.3120242753428945
      0.3142748287424994
      0.3165559730222843
      0.3188668829421065
      0.3212067240264282
        0.32357465286617
      0.3259698174249061
      0.3283913573482826
      0.3308384042768059
      0.3333100821608977
      0.3358055075775658
      0.3383237900481462
      0.3408640323564229
      0.3434253308659031
      0.3460067758361351
      0.3486074517369802
       0.351226437559679
      0.3538628071244957
      0.3565156293838068
      0.3591839687195637
      0.3618668852347525
      0.3645634350379018
      0.3672726705192697
      0.3699936406188855
      0.3727253910847952
       0.375466964721017
      0.3782174016248789
       0.380975739412295
      0.3837410134308422
      0.3865122569599463
      0.3892885013973609
      0.3920687764318267
      0.3948521102010595
       0.397637529434812
      0.4004240595830772
      0.4032107249283921
      0.4059965486830596
      0.4087805530704846
      0.4115617593909475
      0.4143391880721738
      0.4171118587048282
      0.4198787900630884
      0.4226390001111983
       0.425391505996643
      0.4281353240304676
      0.4308694696559389
       0.433592957406799
      0.4363048008560171
      0.4390040125571257
      0.4416896039790255
      0.4443605854364959
      0.4470159660187185
       0.449654753517817
      0.4522759543591478
      0.4548785735370188
      0.4574616145580952
      0.4600240793950851
       0.462564968455108
       0.465083280564287
      0.4675780129736848
      0.4700481613892062
      0.4724927200295579
      0.4749106817164824
      0.4773010380002969
      0.4796627793257988
      0.4819948952421926
      0.4842963746604579
      0.4865662061633271
      0.4888033783709681
       0.491006880366292
      0.4931757021842375
      0.4953088353671077
      0.4974052735904351
      0.4994640133619206
      0.5014840547955942
      0.5034644024634426
      0.5054040663264946
      0.5073020627458409
      0.5091574155754084
      0.5109691573349895
      0.5127363304637843
      0.5144579886527205
      0.5161331982542241
      0.5177610397659262
      0.5193406093845802
      0.5208710206268087
      0.5223514060111212
      0.5237809187950598
      0.5251587347615069
      0.5264840540458405
      0.5277561029971479
      0.5289741360638316
       0.530137437694251
      0.5312453242430425
      0.5322971458720921
      0.5332922884360624
      0.5342301753398986
      0.5351102693584129
      0.5359320744051955
      0.5366951372399184
      0.5373990491015465
      0.5380434472565392
      0.5386280164509397
      0.5391524902548553
      0.5396166522892614
      0.5400203373253857
      0.5403634322470487
      0.5406458768682089
      0.5408676645978345
      0.5410288429452874
      0.5411295138612225
      0.5411698339091547
      0.5411500142643887
      0.5410703205381069
      0.5409310724260031
      0.5407326431815686
      0.5404754589145008
      0.5401599977191122
      0.5397867886347708
      0.5393564104440014
      0.5388694903146894
      0.5383267022931899
      0.5377287656570693
      0.5370764431360088
      0.5363705390114788
      0.5356118971053109
      0.5348013986684232
      0.5339399601826499
      0.5330285310864257
      0.5320680914377035
      0.5310596495270036
      0.5300042394536011
      0.5289029186763101
      0.5277567655536617
      0.5265668768846237
      0.5253343654621973
      0.5240603576523348
      0.5227459910082961
      0.5213924119327908
       0.520000773396228
      0.5185722327216223
        0.51710794944475
      0.5156090832567241
      0.5140767920364208
      0.5125122299798007
       0.510916545829415
      0.5092908812113781
      0.5076363690808365
      0.5059541322802611
      0.5042452822124759
      0.5025109176293299
      0.5007521235360798
      0.4989699702117095
      0.4971655123449013
      0.4953397882818814
       0.493493819385972
      0.4916286095054728
      0.4897451445461217
      0.4878443921445832
      0.4859273014392341
      0.4839948029334435
      0.4820478084466159
      0.4800872111478257
      0.4781138856673911
      0.4761286882802899
      0.4741324571567465
      0.4721260126737629
      0.4701101577827164
      0.4680856784272523
      0.4660533440056264
      0.4640139078733512
      0.4619681078792613
       0.459916666931328
      0.4578602935865697
      0.4557996826603851
      0.4537355158509306
      0.4516684623739889
      0.4495991796044467
      0.4475283137201169
      0.4454565003447366
       0.443384365186068
      0.4413125246667098
      0.4392415865436309
       0.437172150515046
      0.4351048088107856
      0.4330401467650251
      0.4309787433684557
      0.4289211717987131
      0.4268679999275744
      0.4248197908024905
      0.4227771031026463
      0.4207404915676718
      0.4187105073981782
      0.4166876986279959
      0.4146726104670399
      0.4126657856147568
        0.41066776454383
      0.4086790857540598
      0.4067002859964721
       0.404731900467917
       0.402774462976012
       0.400828506075402
      0.3988945611752107
        0.39697315861852
       0.395064827734214
      0.3931700968622151
      0.3912894933526038
      0.3894235435391045
      0.3875727726884908
      0.3857377049261591
       0.383918863138862
      0.3821167688558783
      0.3803319421091703
      0.3785649012738059
      0.3768161628895363
      0.3750862414644948
      0.3733756492622247
      0.3716848960730254
      0.3700144889705013
      0.3683649320545874
      0.3667367261821597
      0.3651303686858511
      0.3635463530829928
      0.3619851687745702
      0.3604473007362923
       0.358933229202163
      0.3574434293418943
      0.3559783709330382
      0.3545385180287348
      0.3531243286222285
      0.3517362543093269
      0.3503747399490453
      0.3490402233240518
      0.3477331348014663
      0.3464538969950145
      0.3452029244293597
      0.3439806232073588
      0.3427873906813135
      0.3416236151286952
      0.3404896754331738
        0.33938594077204
      0.3383127703100882
      0.3372705129012386
      0.3362595067981981
      0.3352800793709201
      0.3343325468344521
      0.3334172139867532
      0.3325343739570043
      0.3316843079649234
      0.3308672850914376
      0.3300835620616469
      0.3293333830397815
      0.3286169794372525
      0.3279345697339091
        0.32728635931228
      0.3266725403062693
      0.3260932914637452
      0.3255487780231404
      0.3250391516051441
      0.3245645501188694
      0.3241250976828839
      0.3237209045616589
      0.3233520671166956
      0.3230186677732707
      0.3227207750022408
      0.3224584433170996
      0.3222317132863156
      0.3220406115609974
      0.3218851509171062
      0.3217653303132192
      0.3216811349626316
      0.3216325364200875
       0.321619492682871
      0.3216419483059402
      0.3216998345306753
      0.3217930694271146
      0.3219215580488322
      0.3220851926008914
      0.3222838526192176
      0.3225174051620915
      0.3227857050122593
      0.3230885948896401
      0.3234259056738293
      0.3237974566356509
       0.324203055677134
      0.3246424995794744
       0.325115574257577
      0.3256220550208387
      0.3261617068393119
      0.3267342846143867
      0.3273395334526619
      0.3279771889428899
      0.3286469774342275
      0.3293486163153517
      0.3300818142933878
      0.3308462716713018
      0.3316416806233817
      0.3324677254671174
      0.3333240829308202
      0.3342104224162681
      0.3351264062544725
      0.3360716899546984
      0.3370459224446946
      0.3380487463021188
      0.3390797979755873
