                       0
   1.287591312466669e-05
   5.159258001104129e-05
   0.0001163349071061986
    0.000207267679101243
    0.000324535509644673
   0.0004682628441538788
   0.0006385540142760559
   0.0008354933432592992
    0.001059145301237727
    0.001309554709182186
    0.001586746990021542
    0.001890728465200012
    0.002221486694704517
    0.002578990858373787
    0.002963192176089128
    0.003374024364246116
    0.003811404125718507
    0.004275231670350875
    0.004765391262856018
     0.00528175179484804
    0.005824167377612518
    0.006392477952102814
    0.006986509912556095
     0.00760607674004558
     0.00825097964222638
    0.008921008195492639
    0.009615940985742456
     0.01033554624394597
     0.01107958247272968
     0.01184779906022802
      0.0126399368775097
     0.01345572885596294
     0.01429490054111855
     0.01515717061950331
     0.01604225141524758
     0.01694984935331983
     0.01787966538642565
     0.01883139538278986
      0.0198047304722353
     0.02079935734818138
     0.02181495852340598
      0.0228512125376475
     0.02390779411536533
     0.02498437427222833
     0.02608062036915827
      0.0271961961130183
     0.02833076150330414
     0.02948397272446499
     0.03065548198375272
      0.0318449372947679
     0.03305198220713994
     0.03427625548304444
      0.0355173907215215
     0.03677501593181401
     0.03804875305719398
     0.03933821745098415
     0.04064301730671575
     0.04196275304458422
     0.04329701665657772
     0.04464539101285422
     0.04600744913213475
      0.0473827534190592
     0.04877085487161979
     0.05017129226194552
     0.05158359129385746
     0.05300726374075101
     0.05444180656748928
     0.05588670104010784
     0.05734141182724167
     0.05880538609728519
     0.06027805261539241
     0.06175882084451048
     0.06324708005472544
       0.064742198445275
     0.06624352228366152
     0.06775037506636596
     0.06926205670573776
     0.07077784274769965
     0.07229698362497464
      0.0738187039506053
     0.07534220185660007
     0.07686664838260132
     0.07839118691952983
     0.07991493271321612
     0.08143697243308148
     0.08295636381097897
     0.08447213535534578
      0.0859832861458503
     0.08748878571374091
     0.08898757401311255
     0.09047856148830462
     0.09196062924261954
     0.09343262931351279
     0.09489338505933823
     0.09634169166264248
       0.097776316754884
     0.09919600116729818
      0.1005994598124441
      0.1019853827007436
      0.1033524360960539
      0.1046992638140056
       0.106024488666482
      0.1073267140552042
      0.1086045257169364
      0.1098564936223115
      0.1110811740297183
      0.1122771116950782
      0.1134428422376724
      0.1145768946614609
      0.1156777940305716
      0.1167440642968228
      0.1177742312762864
      0.1187668257710077
      0.1197203868310696
      0.1206334651512408
      0.1215046265954773
       0.122332455841567
       0.123115560137232
      0.1238525731580367
      0.1245421589565016
      0.1251830159909206
      0.1257738812215085
       0.126313534260717
      0.1268008015638186
      0.1272345606452368
      0.1276137443055598
      0.1279373448537677
      0.1282044183089238
      0.1284140885654477
      0.1285655515061189
      0.1286580790471544
      0.1286910231000978
       0.128663819435825
      0.1285759914367603
      0.1284271537243796
      0.1282170156502802
      0.1279453846405151
      0.1276121693845179
      0.1272173828617905
      0.1267611452015747
      0.1262436863729804
      0.1256653487054736
      0.1250265892422406
      0.1243279819316986
      0.1235702196653171
      0.1227541161729058
      0.1218806077895897
      0.1209507551117915
      0.1199657445626286
      0.1189268898901638
      0.1178356336248487
      0.1166935485252178
      0.1155023390433211
      0.1142638428434357
      0.1129800324091431
      0.1116530167747546
      0.1102850434171193
      0.1088785003428542
      0.1074359184037137
      0.1059599738688417
      0.1044534912766505
       0.102919446580548
      0.1013609705911664
     0.09978135270245055
     0.09818404486920618
     0.09657266577862973
     0.09495100512699951
     0.09332302787412076
     0.09169287830127584
     0.09006488364245226
     0.08844355699281838
     0.08683359912256745
     0.08523989873879674
     0.08366753064457676
     0.08212175114580945
      0.0806079899579317
      0.0791318377736079
     0.07769902857995101
     0.07631541577359834
      0.0749869411315475
     0.07371959577514943
     0.07251937243529921
     0.07139220860839685
      0.0703439205993434
     0.06938012898351403
     0.06850617667210812
     0.06772704150130379
     0.06704724602815527
     0.06647076792526121
     0.06600095492577181
     0.06564044858057506
     0.06539112106479385
     0.06525402885881644
     0.06522938632778562
     0.06531656108915941
     0.06551409170216742
     0.06581972678637439
     0.06623048334316103
     0.06674272096195469
     0.06735222784952989
     0.06805431427615824
     0.06884390907825588
     0.06971565523521241
     0.07066400115762937
     0.07168328508210718
     0.07276781076614038
     0.07391191343554906
     0.07511001560020306
     0.07635667289030974
     0.07764661046540187
     0.07897475081760882
     0.08033623394631001
     0.08172643094441864
     0.08314095202998434
     0.08457565000161701
     0.08602662001043453
     0.08749019643918216
     0.08896294757161578
     0.09044166862968794
     0.09192337365739314
     0.09340528664108565
     0.09488483217794393
     0.09635962593721474
      0.0978274651024492
     0.09928631893624788
      0.1007343195709781
      0.1021697530983579
      0.1035910510065965
      0.1049967819948971
      0.1063856441806241
      0.1077564577034985
      0.1091081577231202
      0.1104397878003192
      0.1117504936488395
      0.1130395172412437
       0.114306191251379
      0.1155499338149941
       0.116770243589945
      0.1179666950976992
       0.119138934328424
      0.1202866745927195
      0.1214096926039559
      0.1225078247761444
      0.1235809637232597
      0.1246290549469215
      0.1256520937002921
      0.1266501220169702
      0.1276232258945119
      0.1285715326230178
      0.1294952082499615
      0.1303944551731179
      0.1312695098540682
      0.1321206406453206
      0.1329481457245972
      0.1337523511302974
      0.1345336088925589
      0.1352922952547151
      0.1360288089802789
      0.1367435697408868
      0.1374370165809074
       0.138109606454667
      0.1387618128324642
      0.1393941243717539
      0.1400070436500605
      0.1406010859563566
      0.1411767781378002
        0.14173465749887
      0.1422752707500781
      0.1427991730035716
      0.1433069268130575
      0.1437991012556052
      0.1442762710529934
      0.1447390157303828
      0.1451879188101994
      0.1456235670392156
      0.1460465496469235
      0.1464574576333858
      0.1468568830848496
      0.1472454185155009
      0.1476236562338263
      0.1479921877321398
      0.1483516030979126
      0.1487024904456329
      0.1490454353679942
      0.1493810204052944
       0.149709824531997
      0.1500324226594769
      0.1503493851540393
      0.1506612773693644
       0.150968659192594
      0.1512720846033253
      0.1515721012448377
      0.1518692500069291
      0.1521640646197795
      0.1524570712583132
      0.1527487881565654
      0.1530397252316051
      0.1533303837165997
      0.1536212558026433
      0.1539128242890083
      0.1542055622415054
      0.1544999326586762
      0.1547963881455678
      0.1550953705948706
      0.1553973108752305
      0.1557026285265742
      0.1560117314623136
      0.1563250156783317
      0.1566428649686688
      0.1569656506478707
      0.1572937312799755
      0.1576274524141592
      0.1579671463270769
      0.1583131317719738
      0.1586657137346642
      0.1590251831965086
      0.1593918169045414
      0.1597658771489372
      0.1601476115480191
      0.1605372528410416
      0.1609350186890052
      0.1613411114837747
      0.1617557181657946
      0.1621790100507082
      0.1626111426652023
      0.1630522555924068
      0.1635024723271819
      0.1639619001416393
      0.1644306299612264
      0.1649087362517163
      0.1653962769174265
      0.1658932932109867
      0.1663998096549549
      0.1669158339755757
      0.1674413570489416
      0.1679763528598094
      0.1685207784732924
      0.1690745740196292
      0.1696376626921968
      0.1702099507589204
      0.1707913275871927
      0.1713816656824008
      0.1719808207401235
      0.1725886317120459
      0.1732049208856109
      0.1738294939774102
      0.1744621402403003
      0.1751026325842139
      0.1757507277106298
      0.1764061662606581
      0.1770686729766931
      0.1777379568775926
      0.1784137114473447
      0.1790956148372028
      0.1797833300812718
      0.1804765053255626
      0.1811747740705447
      0.1818777554272612
      0.1825850543870939
      0.1832962621053068
      0.1840109561985228
      0.1847287010563319
      0.1854490481672615
      0.1861715364593782
      0.1868956926558232
      0.1876210316456229
      0.1883470568701417
      0.1890732607255756
      0.1897991249819019
      0.1905241212187269
      0.1912477112784746
      0.1919693477373686
      0.1926884743946475
       0.193404526780449
      0.1941169326827601
      0.1948251126938058
      0.1955284807761935
      0.1962264448490707
      0.1969184073944855
      0.1976037660840423
       0.198281914425856
       0.198952242431682
       0.199614137303979
      0.2002669841425123
      0.2009101666699512
      0.2015430679757434
       0.202165071277362
      0.2027755606978306
      0.2033739220582171
      0.2039595436835757
      0.2045318172205847
      0.2050901384648943
      0.2056339081959606
      0.2061625330168947
      0.2066754261966125
      0.2071720085113237
      0.2076517090821582
      0.2081139662054952
      0.2085582281723284
      0.2089839540727926
      0.2093906145817798
      0.2097776927213926
      0.2101446845958276
      0.2104911000941628
       0.210816463556417
      0.2111203143981965
      0.2114022076892213
      0.2116617146810453
      0.2118984232793577
      0.2121119384563692
       0.212301882598968
      0.2124678957885574
      0.2126096360087895
      0.2127267792777583
      0.2128190197016444
      0.2128860694472902
      0.2129276586317422
       0.212943535127419
      0.2129334642822585
      0.2128972285549474
      0.2128346270661557
      0.2127454750675777
      0.2126296033315054
      0.2124868574646366
      0.2123170971508429
       0.212120195328667
      0.2118960373103947
      0.2116445198506342
      0.2113655501734218
      0.2110590449679542
         0.2107249293641
      0.2103631358998674
      0.2099736034939672
      0.2095562764375214
      0.2091111034197899
       0.208638036603521
        0.20813703076616
       0.207608042523653
      0.2070510296539651
      0.2064659505376599
        0.20585276373297
       0.205211427702711
      0.2045419007101457
      0.2038441409004926
      0.2031181065841855
      0.2023637567372371
       0.201581051733132
      0.2007699543195896
      0.1999304308522879
       0.199062452796256
      0.1981659985041087
      0.1972410552786527
      0.1962876217256346
      0.1953057104005458
      0.1942953507514764
      0.1932565923580083
       0.192189508464107
      0.1910941998008869
      0.1899707986930352
       0.188819473440568
      0.1876404329654738
      0.1864339317106912
      0.1852002747767373
       0.183939823279182
      0.1826529999080089
      0.1813402946677206
      0.1800022707747931
       0.178639570686752
      0.1772529222346657
      0.1758431448282218
      0.1744111556996705
      0.1729579761497797
      0.1714847377554367
      0.1699926884946094
      0.1684831987399626
      0.1669577670674286
      0.1654180258203961
      0.1638657463638232
      0.1623028439554451
      0.1607313821532985
      0.1591535766700005
      0.1575717985746219
       0.155988576732659
      0.1544065993636594
      0.1528287145847228
      0.1512579297966707
      0.1496974097586165
       0.148150473186511
      0.1466205877027252
      0.1451113629577492
      0.1436265417426688
      0.1421699889134841
      0.1407456779568675
      0.1393576750431155
      0.1380101204372531
      0.1367072071749195
       0.135453156956944
      0.1342521932762067
        0.13310851186268
      0.1320262486169209
      0.1310094452972017
      0.1300620133283278
      0.1291876962071526
      0.1283900310858543
      0.1276723102131387
      0.1270375429988632
      0.1264884195320534
      0.1260272764190997
      0.1256560658122708
      0.1253763284644142
      0.1251891715720109
       0.125095252056565
      0.1250947657875369
      0.1251874430754761
      0.1253725505708429
      0.1256488995031053
      0.1260148599976117
      0.1264683810257119
      0.1270070153864881
      0.1276279489939645
       0.128328033656731
      0.1291038224895122
      0.1299516070874315
       0.130867455620133
      0.1318472510592189
      0.1328867288320385
      0.1339815132906684
      0.1351271524899142
      0.1363191508759892
      0.1375529995927344
      0.1388242042105862
      0.1401283097719129
      0.1414609231229431
      0.1428177325664343
      0.1441945249204405
      0.1455872001076685
      0.1469917834280094
      0.1484044356852425
      0.1498214613491022
      0.1512393149373289
      0.1526546058004346
      0.1540641014859462
      0.1554647298500066
      0.1568535800733455
      0.1582279027265903
      0.1595851090172825
      0.1609227693383071
      0.1622386112250792
      0.1635305168170278
      0.1647965199078555
      0.1660348026588132
      0.1672436920398909
      0.1684216560553827
      0.1695672998027106
      0.1706793614066644
      0.1717567078652696
      0.1727983308382713
      0.1738033424046501
      0.1747709708116181
      0.1757005562340865
      0.1765915465606184
       0.177443493219308
      0.1782560470548095
      0.1790289542658354
      0.1797620524108133
       0.180455266487976
      0.1811086050949611
      0.1817221566719544
      0.1822960858315187
      0.1828306297774775
      0.1833260948145563
      0.1837828529499022
      0.1842013385871005
      0.1845820453128593
       0.184925522776145
       0.185232373659208
      0.1855032507396267
      0.1857388540422278
       0.185939928079489
      0.1861072591788128
      0.1862416728948505
       0.186344031504878
       0.186415231585056
      0.1864562016652494
      0.1864678999599468
      0.1864513121726916
      0.1864074493713209
      0.1863373459312069
      0.1862420575436013
      0.1861226592861028
       0.185980243752204
      0.1858159192368102
      0.1856308079745808
      0.1854260444279142
       0.185202773621378
      0.1849621495193773
      0.1847053334438723
      0.1844334925289769
      0.1841477982093143
       0.183849424739066
      0.1835395477387288
      0.1832193427666893
      0.1828899839128454
      0.1825526424116373
       0.182208485272013
      0.1818586739220289
       0.181504362865987
      0.1811466983522384
      0.1807868170500209
      0.1804258447339674
      0.1800648949752106
      0.1797050678383116
      0.1793474485835684
      0.1789931063746021
      0.1786430929914708
       0.178298441549934
      0.1779601652278693
      0.1776292560002196
      0.1773066833842441
      0.1769933931972261
       0.176690306329169
      0.1763983175333804
       0.176118294238197
       0.175851075383431
      0.1755974702854279
      0.1753582575348957
      0.1751341839319028
      0.1749259634626429
      0.1747342763227114
      0.1745597679917379
       0.174403048364272
      0.1742646909418046
      0.1741452320907446
      0.1740451703710377
        0.17396496593993
      0.1739050400351304
      0.1738657745413176
      0.1738475116435743
      0.1738505535709182
       0.173875162432633
      0.1739215601495949
      0.1739899284822496
      0.1740804091563166
      0.1741931040867011
      0.1743280756994814
      0.1744853473512207
      0.1746649038442295
      0.1748666920357998
      0.1750906215388308
      0.1753365655107057
      0.1756043615267335
      0.1758938125339697
      0.1762046878807773
      0.1765367244170724
      0.1768896276598423
      0.1772630730182253
      0.1776567070721816
      0.1780701488986061
      0.1785029914385941
      0.1789548028994929
      0.1794251281853529
      0.1799134903494211
      0.1804193920623943
      0.1809423170902779
      0.1814817317758604
      0.1820370865180119
      0.1826078172432539
      0.1831933468643053
      0.1837930867205939
      0.1844064379960254
       0.185032793109612
      0.1856715370748909
      0.1863220488243842
      0.1869837024956816
      0.1876558686760496
      0.1883379156027905
      0.1890292103168792
      0.1897291197677066
      0.1904370118670351
      0.1911522564905495
      0.1918742264256232
      0.1926022982641722
       0.193335853239668
      0.1940742780075898
      0.1948169653687746
      0.1955633149352859
      0.1963127337385641
      0.1970646367797605
      0.1978184475222629
      0.1985735983265246
      0.1993295308273983
      0.2000856962542491
      0.2008415556941913
      0.2015965802988481
      0.2023502514350869
      0.2031020607802319
      0.2038515103622882
       0.204598112545769
      0.2053413899637402
      0.2060808753967528
      0.2068161115993693
      0.2075466510750477
      0.2082720558001928
      0.2089918968982553
      0.2097057542648288
      0.2104132161447712
      0.2111138786624779
      0.2118073453065308
      0.2124932263700683
      0.2131711383483538
      0.2138407032951604
      0.2145015481397524
      0.2151533039664169
      0.2157956052586898
      0.2164280891106186
      0.2170503944076267
      0.2176621609797699
      0.2182630287304206
      0.2188526367436663
      0.2194306223739766
      0.2199966203219552
      0.2205502617002796
      0.2210911730942081
      0.2216189756213111
      0.2221332839953722
      0.2226337055996776
      0.2231198395751814
      0.2235912759292938
      0.2240475946712887
      0.2244883649805557
      0.2249131444141258
      0.2253214781600971
      0.2257128983437374
      0.2260869233931755
      0.2264430574716924
      0.2267807899836838
      0.2270995951613879
      0.2273989317394653
      0.2276782427244514
        0.22793695526601
      0.2281744806367585
      0.2283902143272681
       0.228583536262572
      0.2287538111462719
      0.2289003889379745
      0.2290226054694433
      0.2291197832044234
      0.2291912321466618
      0.2292362509001431
      0.2292541278850481
      0.2292441427123874
      0.2292055677196726
      0.2291376696693991
      0.2290397116114663
      0.2289109549100404
       0.228750661434695
      0.2285580959150118
      0.2283325284571505
      0.2280732372202315
      0.2277795112497154
      0.2274506534642927
      0.2270859837921642
      0.2266848424519437
      0.2262465933727928
      0.2257706277478021
      0.2252563677140249
      0.2247032701520136
      0.2241108305971466
      0.2234785872544928
      0.2228061251084495
      0.2220930801178664
      0.2213391434868842
      0.2205440660012118
      0.2197076624190863
      0.2188298159056571
      0.2179104824990369
      0.2169496955957307
      0.2159475704426038
      0.2149043086219572
       0.213820202515623
      0.2126956397332899
      0.2115311074894639
      0.2103271969125715
      0.2090846072687035
      0.2078041500813192
      0.2064867531269245
      0.2051334642851989
       0.203745455220328
       0.202324024868299
      0.2008706027026761
      0.1993867517487987
       0.197874171313474
      0.1963346993939876
       0.194770314726654
      0.1931831384311471
      0.1915754352024873
      0.1899496139978355
      0.1883082281601946
      0.1866539749157962
      0.1849896941764369
      0.1833183665724709
      0.1816431106366944
      0.1799671790542242
      0.1782939538889198
      0.1766269406932696
      0.1749697614063602
      0.1733261459440115
      0.1716999223869439
       0.170095005677491
      0.1685153847435282
      0.1669651079805531
      0.1654482670398585
      0.1639689788930199
      0.1625313661708965
      0.1611395358092865
      0.1597975560732574
      0.1585094320776842
      0.1572790799719522
      0.1561103000109531
      0.1550067487908033
      0.1539719109840052
      0.1530090709625189
      0.1521212847454937
      0.1513113527481307
      0.1505817938361617
      0.1499348212038399
      0.1493723205897061
      0.1488958313220065
      0.1485065306437767
      0.1482052217066229
      0.1479923255437804
      0.1478678772398656
      0.1478315264107691
      0.1478825419970103
      0.1480198212628033
      0.1482419027863152
      0.1485469831291496
      0.1489329367892848
      0.1493973389749074
      0.1499374906890297
      0.1505504455874248
      0.1512330380649931
      0.1519819120368443
      0.1527935499078791
      0.1536643012656177
      0.1545904108821931
      0.1555680456694608
      0.1565933202928504
      0.1576623212119815
      0.1587711289766965
      0.1599158386640497
      0.1610925783934578
      0.1622975259027239
      0.1635269232064668
      0.1647770893905177
      0.1660444316212748
      0.1673254544682453
      0.1686167676516505
      0.1699150923356871
      0.1712172660925355
      0.1725202466632158
      0.1738211146395688
      0.1751170751876282
      0.1764054589269857
      0.1776837220739462
      0.1789494459486969
      0.1802003359387434
      0.1814342200027498
      0.1826490467908756
      0.1838428834498919
      0.1850139131739004
       0.186160432554446
      0.1872808487772696
      0.1883736767069016
      0.1894375358947746
      0.1904711475415186
      0.1914733314395809
      0.1924430029182645
      0.1933791698096718
      0.1942809294508485
      0.1951474657346073
      0.1959780462190518
      0.1967720193036602
      0.1975288114779445
      0.1982479246470794
      0.1989289335375291
      0.1995714831845308
      0.2001752865022998
      0.2007401219370039
      0.2012658312018597
      0.2017523170931496
      0.2021995413855002
      0.2026075228044048
      0.2029763350736954
      0.2033061050354551
      0.2035970108397175
      0.2038492802011923
      0.2040631887202007
      0.2042390582649751
      0.2043772554124771
      0.2044781899449165
      0.2045423133991831
      0.2045701176664573
      0.2045621336393249
      0.2045189299037738
      0.2044411114735221
      0.2043293185641786
      0.2041842254047963
      0.2040065390844285
      0.2037969984313386
      0.2035563729225504
      0.2032854616214463
      0.2029850921411408
      0.2026561196313543
      0.2022994257865103
      0.2019159178727636
      0.2015065277716309
       0.201072211037878
      0.2006139459692554
      0.2001327326856346
      0.1996295922150385
      0.1991055655839976
      0.1985617129095992
      0.1979991124905343
      0.1974188598943817
      0.1968220670383097
      0.1962098612603151
      0.1955833843780841
      0.1949437917325052
      0.1942922512128568
      0.1936299422606707
      0.1929580548492892
      0.1922777884361612
      0.1915903508849793
      0.1908969573548354
      0.1901988291536932
      0.1894971925536042
      0.1887932775652854
      0.1880883166698787
      0.1873835435059677
      0.1866801915102256
       0.185979492510391
      0.1852826752696516
      0.1845909639819354
      0.1839055767180615
      0.1832277238232114
       0.182558606266718
      0.1818994139457462
      0.1812513239450483
      0.1806154987556109
      0.1799930844556707
      0.1793852088582513
      0.1787929796300496
      0.1782174823871851
      0.1776597787739953
      0.1771209045317077
       0.176601867564441
      0.1761036460105608
      0.1756271863279389
      0.1751734014021227
      0.1747431686867945
      0.1743373283862023
      0.1739566816894259
      0.1736019890664382
      0.1732739686358923
      0.1729732946144175
      0.1727005958569426
      0.1724564544971704
        0.17224140469681
       0.172055931511544
       0.171900469880951
      0.1717754037487624
       0.171681065318874
      0.1716177344515163
      0.1715856382028955
      0.1715849505104753
       0.171615792024909
        0.17167823008845
      0.1717722788585085
      0.1718978995738784
      0.1720550009600742
      0.1722434397691931
      0.1724630214487769
      0.1727135009332978
      0.1729945835511632
      0.1733059260395066
      0.1736471376585383
      0.1740177813968595
      0.1744173752589036
      0.1748453936255532
      0.1753012686789913
      0.1757843918829678
      0.1762941155098947
      0.1768297542065082
      0.1773905865902508
      0.1779758568690023
      0.1785847764773354
      0.1792165257230454
      0.1798702554383205
      0.1805450886305423
