                       0
    1.28759131246667e-05
    5.15925800110413e-05
   0.0001163349071061979
    0.000207267679101242
    0.000324535509644671
   0.0004682628441538748
   0.0006385540142760525
   0.0008354933432592959
    0.001059145301237725
    0.001309554709182184
    0.001586746990021542
    0.001890728465200001
    0.002221486694704496
    0.002578990858373767
    0.002963192176089111
    0.003374024364246101
    0.003811404125718488
    0.004275231670350895
    0.004765391262856151
    0.005281751794848336
    0.005824167377613159
    0.006392477952104057
    0.006986509912558459
    0.007606076740049883
    0.008250979642234035
    0.008921008195505916
    0.009615940985765013
     0.01033554624398347
     0.01107958247279093
     0.01184779906032629
     0.01263993687766492
     0.01345572885620442
     0.01429490054148909
     0.01515717062006426
     0.01604225141608645
     0.01694984935455951
     0.01787966538823742
     0.01883139538540963
      0.0198047304759855
      0.0207993573534989
     0.02181495853087768
     0.02285121254805522
     0.02390779412974311
     0.02498437429193385
     0.02608062039596178
     0.02719619614921275
     0.02833076155184006
     0.02948397278911636
     0.03065548206931823
     0.03184493740731404
      0.0330519823542938
     0.03427625567434411
     0.03551739096883322
     0.03677501624982742
     0.03804875346400434
     0.03933821796877742
     0.04064301796256844
     0.04196275387139297
     0.04329701769413501
     0.04464539230908853
     0.04600745074453053
     0.04738275541627886
     0.04877085733534313
     0.05017129528895031
     0.05158359499835675
     0.05300726825700766
     0.05444181205272201
     0.05588670767770768
     0.05734141983030386
     0.05880539571246921
     0.06027806412710514
       0.061758834579411
     0.06324709638653025
     0.06474221779984024
     0.06624354514429441
     0.06775040197931234
     0.06926208828576337
     0.07077787968366281
     0.07229702668525821
     0.07381875398824728
     0.07534225981392222
     0.07686671529509218
     0.07839126391869401
      0.0799150210280436
     0.08143707338973237
     0.08295647883021058
     0.08447226594713375
     0.08598343390057347
     0.08748895228920847
      0.0889877611166148
     0.09047877085276257
     0.09196086259579789
     0.09343288833913352
     0.09489367134881566
     0.09634200665602162
      0.0977766616694291
     0.09919637691204022
      0.1005998668868611
      0.1019858210755971
      0.1033529050742809
      0.1046997618694399
      0.1060250132580527
      0.1073272614141686
      0.1086050906046173
      0.1098570690557532
      0.1110817509726553
      0.1122776787116187
      0.1134433851061473
      0.1145773959460103
      0.1156782326081933
      0.1167444148378378
      0.1177744636764912
      0.1187669045341591
      0.1197202704008317
      0.1206331051922963
       0.121503967224184
      0.1223314328073363
      0.1231140999567126
      0.1238505922052178
       0.124539562513007
      0.1251796972620474
      0.1257697203249694
      0.1263083971965787
      0.1267945391757814
       0.127227007585145
      0.1276047180148971
      0.1279266445778267
      0.1281918241613435
      0.1283993606628545
       0.128548429194668
      0.1286382802448419
      0.1286682437806994
      0.1286377332822704
      0.1285462496935708
      0.1283933852804486
      0.1281788273847596
      0.1279023620657787
      0.1275638776211201
       0.127163367980927
      0.1267009359708013
      0.1261767964407295
      0.1255912792592676
      0.1249448321743475
      0.1242380235442829
      0.1234715449448845
      0.1226462136610117
      0.1217629750733029
      0.1208229049533168
      0.1198272116827559
      0.1187772384147804
      0.1176744651976737
      0.1165205110831091
      0.1153171362429804
      0.1140662441200591
      0.1127698836384587
      0.1114302514998966
      0.1100496945908342
       0.108630712523423
      0.1071759603295955
      0.1056882513221352
      0.1041705601287365
      0.1026260258944116
        0.10105795563345
     0.09946982769381708
     0.09786529527358387
     0.09624818989980567
     0.09462252474434979
     0.09299249760755952
     0.09136249334858125
     0.08973708548005406
     0.08812103657456642
      0.0865192970513227
     0.08493700182535284
     0.08337946421132778
     0.08185216638435135
     0.08036074561820392
     0.07891097545736006
     0.07750874094570967
     0.07616000704831169
      0.0748707794810957
      0.0736470573265455
     0.07249477707892546
     0.07141974814343312
     0.07042758031309478
     0.06952360435416946
      0.0687127875150997
     0.06799964648391044
     0.06738816098180418
     0.06688169170884421
     0.06648290665934493
     0.06619371981987067
     0.06601524590072998
     0.06594777402632689
      0.0659907622675527
     0.06614285363869161
     0.06640191283809062
     0.06676508173752096
     0.06722885056011789
     0.06778914093648966
     0.06844139664806348
     0.06918067785640225
     0.07000175492980089
     0.07089919853379599
     0.07186746335529663
      0.0729009635878608
     0.07399413903970324
     0.07514151137928525
     0.07633773057172119
     0.07757761196944071
     0.07885616480528242
       0.080168613008998
     0.08151040934833562
     0.08287724390466268
     0.08426504785074058
     0.08566999342253694
     0.08708849088229281
      0.0885171831675043
     0.08995293881789856
     0.09139284367524393
     0.09283419176199756
     0.09427447566608436
     0.09571137669087096
     0.09714275497152636
     0.09856663971059103
     0.09998121964585774
      0.1013848338314391
      0.1027759627871458
      0.1041532200510071
      0.1055153441539607
      0.1068611910237049
      0.1081897268156402
      0.1095000211621878
      0.1107912408270872
      0.1120626437480457
      0.1133135734490817
      0.1145434538027787
      0.1157517841221887
      0.1169381345621778
      0.1181021418103929
      0.1192435050487254
      0.1203619821669369
      0.1214573862110827
      0.1225295820503658
       0.123578483247057
      0.1246040491151567
      0.1256062819544534
      0.1265852244475779
      0.1275409572085942
      0.1284735964724805
      0.1293832919156872
      0.1302702245986927
        0.13113460502216
      0.1319766712889529
      0.1327966873648414
      0.1335949414312672
      0.1343717443240447
      0.1351274280523044
       0.135862344392419
      0.1365768635520192
      0.1372713728995571
      0.1379462757551873
      0.1386019902390385
       0.139238948173196
      0.1398575940339843
      0.1404583839513527
      0.1410417847523705
      0.1416082730460623
      0.1421583343469569
      0.1426924622349159
      0.1432111575489758
      0.1437149276130416
      0.1442042854914756
      0.1446797492726963
       0.145141841379048
      0.1455910879013422
      0.1460280179565353
      0.1464531630671562
       0.146867056561167
      0.1472702329910523
      0.1476632275709968
      0.1480465756311277
      0.1484208120878424
      0.1487864709293407
      0.1491440847155349
      0.1494941840915771
      0.1498372973143041
      0.1501739497909603
      0.1505046636296012
      0.1508299572006247
      0.1511503447089293
        0.15146633577623
      0.1517784350331085
      0.1520871417203721
      0.1523929492993757
      0.1526963450709467
      0.1529978098025897
      0.1532978173636683
      0.1535968343682817
      0.1538953198255687
      0.1541937247971884
      0.1544924920617434
      0.1547920557859263
      0.1550928412021859
      0.1553952642927135
      0.1556997314795934
      0.1560066393209403
       0.156316374212887
      0.1566293120973026
      0.1569458181751273
      0.1572662466252345
      0.1575909403287712
      0.1579202305989086
       0.158254436915996
       0.158593866668118
      0.1589388148970771
      0.1592895640498631
      0.1596463837356756
      0.1600095304886074
      0.1603792475361142
      0.1607557645734309
      0.1611392975440994
      0.1615300484268032
      0.1619282050287421
      0.1623339407857746
      0.1627474145695747
      0.1631687705020766
      0.1635981377774898
        0.16403563049215
       0.164481347482521
      0.1649353721716156
      0.1653977724241358
      0.1658686004106109
      0.1663478924808025
      0.1668356690466509
       0.167331934474989
      0.1678366769902736
      0.1683498685875237
      0.1688714649556539
      0.1694014054113764
      0.1699396128437895
      0.1704859936697763
      0.1710404378002771
      0.1716028186175217
      0.1721729929632144
      0.1727508011377153
       0.173336066910178
      0.1739285975396134
      0.1745281838068461
      0.1751346000572707
       0.175747604254359
      0.1763669380438203
      0.1769923268283486
      0.1776234798528789
        0.17826009030027
      0.1789018353973908
      0.1795483765315481
      0.1801993593772706
      0.1808544140334464
      0.1815131551708964
      0.1821751821904462
      0.1828400793916691
      0.1835074161524499
      0.1841767471196334
      0.1848476124110205
      0.1855195378290845
      0.1861920350867897
       0.186864602045984
       0.187536722968882
      0.1882078687832448
      0.1888774973618717
      0.1895450538171212
      0.1902099708112222
      0.1908716688831939
      0.1915295567932214
      0.1921830318854298
      0.1928314804699823
      0.1934742782255228
      0.1941107906229904
      0.1947403733718394
       0.195362372889779
      0.1959761267971009
      0.1965809644366954
      0.1971762074208896
      0.1977611702061628
      0.1983351606968612
      0.1988974808789372
       0.199447427484792
      0.1999842926901742
      0.2005073648441132
      0.2010159292327823
      0.2015092688781323
      0.2019866653720764
      0.2024473997469059
      0.2028907533825881
      0.2033160089514356
      0.2037224514006071
      0.2041093689727655
      0.2044760542650812
      0.2048218053267146
      0.2051459267947295
      0.2054477310682781
       0.205726539520761
      0.2059816837495083
       0.206212506862384
       0.206418364800534
      0.2065986276963535
      0.2067526812655357
      0.2068799282319116
      0.2069797897835511
      0.2070517070584285
      0.2070951426577116
      0.2071095821845085
      0.2070945358056712
      0.2070495398340107
      0.2069741583280169
       0.206867984705862
      0.2067306433702689
      0.2065617913404394
      0.2063611198869921
      0.2061283561655022
      0.2058632648439502
      0.2055656497190111
      0.2052353553157761
      0.2048722684651858
       0.204476319853051
      0.2040474855341912
      0.2035857884048932
      0.2030912996264843
      0.2025641399924962
      0.2020044812315557
      0.2014125472377764
      0.2007886152201575
      0.2001330167621614
      0.1994461387824113
      0.1987284243871891
      0.1979803736052471
      0.1972025439952713
      0.1963955511162549
      0.1955600688509757
      0.1946968295728087
        0.19380662414619
      0.1928903017511958
      0.1919487695230073
      0.1909829919972948
      0.1899939903530812
      0.1889828414451352
      0.1879506766186303
      0.1868986802995887
      0.1858280883555268
       0.184740186221747
      0.1836363067899171
       0.182517828056847
      0.1813861705328504
      0.1802427944106463
       0.179089196497479
      0.1779269069150218
      0.1767574855735639
      0.1755825184291516
      0.1744036135345335
      0.1732223968970936
      0.1720405081593272
      0.1708595961198798
      0.1696813141156334
      0.1685073152877604
      0.1673392477571391
      0.1661787497367991
      0.1650274446113413
      0.1638869360152569
      0.1627588029439126
      0.1616445949324732
      0.1605458273392341
      0.1594639767706302
      0.1584004766855193
      0.1573567132162298
      0.1563340212431436
      0.1553336807583438
      0.1543569135520038
      0.1534048802527039
      0.1524786777497686
      0.1515793370220395
      0.1507078213931868
      0.1498650252289029
      0.1490517730860167
      0.1482688193179347
      0.1475168481348627
      0.1467964741111306
      0.1461082431257517
      0.1454526337162156
       0.144830058819567
      0.1442408678692098
       0.143685349210698
      0.1431637327951844
      0.1426761931052616
      0.1422228522647869
      0.1418037832819717
      0.1414190133736083
      0.1410685273178578
      0.1407522707834841
      0.1404701535848716
      0.1402220528144745
      0.1400078158075631
      0.1398272628980852
      0.1396801899291694
      0.1395663704870441
      0.1394855578329318
      0.1394374865136014
      0.1394218736376364
      0.1394384198109659
      0.1394868097316856
      0.1395667124505468
      0.1396777813095827
      0.1398196535770833
      0.1399919498024248
      0.1401942729189661
      0.1404262071273853
      0.1406873165952135
      0.1409771440110839
      0.1412952090341281
      0.1416410066801446
      0.1420140056865649
      0.1424136468978963
      0.1428393417122387
      0.1432904706277056
      0.1437663819252047
       0.144266390521074
      0.1447897770196491
      0.1453357869920079
      0.1459036305029916
      0.1464924819042486
      0.1471014799065659
      0.1477297279402076
      0.1483762948075142
       0.149040215627664
      0.1497204930693278
      0.1504160988630914
      0.1511259755819026
       0.151849038674635
      0.1525841787350211
      0.1533302639858201
      0.1540861429561186
      0.1548506473281403
      0.1556225949288031
      0.1564007928406281
      0.1571840406062312
      0.1579711335007497
      0.1587608658468967
      0.1595520343480765
      0.1603434414158989
      0.1611338984696315
      0.1619222291864664
      0.1627072726830002
      0.1634878866099342
      0.1642629501436778
      0.1650313668603091
      0.1657920674790815
      0.1665440124644325
      0.1672861944771543
      0.1680176406670911
      0.1687374148013038
      0.1694446192232168
      0.1701383966396616
      0.1708179317341375
       0.171482452605801
      0.1721312320349192
      0.1727635885764768
       0.173378887484643
      0.1739765414715797
      0.1745560113048557
      0.1751168062483093
      0.1756584843517953
      0.1761806525956655
      0.1766829668962284
      0.1771651319786994
       0.177626901124373
       0.178068075798926
      0.1784885051687965
       0.178888085512675
      0.1792667595350678
      0.1796245155888719
      0.1799613868137639
      0.1802774501970938
      0.1805728255637851
      0.1808476745015328
      0.1811021992273968
      0.1813366414016357
      0.1815512808943569
      0.1817464345103123
      0.1819224546768692
      0.1820797280999173
      0.1822186743921816
       0.182339744678106
      0.1824434201791987
      0.1825302107834407
      0.1826006536020594
      0.1826553115167081
       0.182694771719829
      0.1827196442506805
      0.1827305605293018
      0.1827281718904187
      0.1827131481190841
      0.1826861759896187
      0.1826479578092398
      0.1825992099675573
      0.1825406614929683
      0.1824730526168336
      0.1823971333461481
      0.1823136620453815
       0.182223404027965
      0.1821271301579195
      0.1820256154619847
      0.1819196377526231
      0.1818099762622162
      0.1816974102887747
      0.1815827178535007
      0.1814666743705783
      0.1813500513295966
      0.1812336149910871
      0.1811181250957346
      0.1810043335879025
      0.1808929833542222
      0.1807848069781211
      0.1806805255112536
      0.1805808472629637
      0.1804864666090278
      0.1803980628210382
      0.1803162989179685
      0.1802418205415647
      0.1801752548573282
      0.1801172094830084
      0.1800682714466116
      0.1800290061760443
      0.1799999565225748
      0.1799816418204022
      0.1799745569846359
      0.1799791716500521
      0.1799959293529779
      0.1800252467586389
      0.1800675129363199
      0.1801230886845323
      0.1801923059083944
      0.1802754670512548
      0.1803728445824762
      0.1804846805431367
      0.1806111861512346
      0.1807525414677595
      0.1809088951248078
       0.181080364116653
       0.181267033654448
      0.1814689570849988
      0.1816861558737357
      0.1819186196517925
      0.1821663063267974
      0.1824291422567128
      0.1827070224858235
      0.1829998110416877
       0.183307341291623
      0.1836294163571027
      0.1839658095841756
      0.1843162650678538
      0.1846804982282471
      0.1850581964360275
      0.1854490196847299
       0.185852601307239
      0.1862685487337653
      0.1866964442885314
      0.1871358460223628
      0.1875862885783742
      0.1880472840879291
      0.1885183230941213
      0.1889988755000258
      0.1894883915390925
       0.189986302765096
      0.1904920230591763
      0.1910049496516197
      0.1915244641561352
      0.1920499336145334
       0.192580711549816
      0.1931161390258611
      0.1936555457120044
      0.1941982509509574
      0.1947435648286558
      0.1952907892447454
       0.195839218982548
      0.1963881427774862
      0.1969368443830312
      0.1974846036333489
      0.1980306975019614
      0.1985744011557292
      0.1991149890036444
      0.1996517357399046
       0.200183917380834
      0.2007108122952505
       0.201231702227914
      0.2017458733157004
      0.2022526170961799
      0.2027512315082775
      0.2032410218846825
      0.2037213019356648
      0.2041913947239694
      0.2046506336303824
      0.2050983633096116
      0.2055339406360094
       0.205956735638717
      0.2063661324257053
       0.206761530096205
      0.2071423436409345
      0.2075080048295342
      0.2078579630845505
      0.2081916863412933
      0.2085086618928289
      0.2088083972193686
      0.2090904208012204
      0.2093542829144985
      0.2095995564086787
      0.2098258374650961
      0.2100327463354141
      0.2102199280590455
      0.2103870531584765
      0.2105338183113729
       0.210659946998268
      0.2107651901246342
       0.210849326615967
      0.2109121639845075
      0.2109535388661163
      0.2109733175256664
      0.2109713963292772
      0.2109477021815256
      0.2109021929256886
      0.2108348577048795
      0.2107457172818029
      0.2106348243146807
      0.2105022635867591
      0.2103481521865518
      0.2101726396358677
      0.2099759079624354
      0.2097581717137505
      0.2095196779086326
      0.2092607059227539
      0.2089815673042744
      0.2086826055155864
      0.2083641955970391
      0.2080267437484492
      0.2076706868241527
      0.2072964917373719
      0.2069046547697061
      0.2064957007816789
      0.2060701823204829
      0.2056286786212371
      0.2051717944985215
      0.2047001591252556
      0.2042144246965819
      0.2037152649769526
      0.2032033737293788
      0.2026794630265437
      0.2021442614444172
      0.2015985121399942
      0.2010429708158568
      0.2004784035754647
      0.1999055846743231
      0.1993252941735223
      0.1987383155035201
      0.1981454329475009
      0.1975474290550979
      0.1969450819987401
      0.1963391628863592
      0.1957304330456253
      0.1951196412962308
      0.1945075212280403
      0.1938947885041091
      0.1932821382085662
      0.1926702422602923
      0.1920597469139134
      0.1914512703701777
       0.190845400517946
      0.1902426928300297
      0.1896436684347949
      0.1890488123848595
      0.1884585721433527
      0.1878733563070079
      0.1872935335839388
      0.1867194320421804
      0.1861513386430911
      0.1855894990714567
      0.1850341178716524
      0.1844853588965887
      0.1839433460733015
      0.1834081644861281
      0.1828798617753716
      0.1823584498462865
       0.181843906880151
      0.1813361796361396
       0.180835186029806
      0.1803408179710979
      0.1798529444422161
      0.1793714147930999
       0.178896062230078
      0.1784267074711949
      0.1779631625399475
      0.1775052346676768
      0.1770527302736478
       0.176605458990902
      0.1761632377053556
      0.1757258945751996
      0.1752932729976087
       0.174865235489904
      0.1744416674527347
      0.1740224807834867
      0.1736076173089871
       0.173197052007654
       0.172790795992463
      0.1723888992275683
      0.1719914529529749
      0.1715985917934071
       0.171210495529408
      0.1708273905107205
      0.1704495506941313
      0.1700772982902724
      0.1697110040062519
      0.1693510868735383
      0.1689980136531899
      0.1686522978133003
      0.1683144980764842
      0.1679852165382812
       0.167665096360531
      0.1673548190471016
      0.1670551013127625
      0.1667666915595382
      0.1664903659784383
      0.1662269242981526
      0.1659771852059404
      0.1657419814695988
      0.1655221547929941
      0.1653185504410774
      0.1651320116736298
      0.1649633740300063
       0.164813459509913
      0.1646830706976211
      0.1645729848789744
      0.1644839482019599
      0.1644166699324939
      0.1643718168573484
      0.1643500078856863
      0.1643518088996281
      0.1643777279024261
      0.1644282105103229
      0.1645036358309316
      0.1646043127671242
      0.1647304767808896
      0.1648822871466121
      0.1650598247177142
       0.165263090224738
      0.1654920031168253
      0.1657464009523114
      0.1660260393378403
      0.1663305924092532
      0.1666596538415098
      0.1670127383692842
      0.1673892837946565
      0.1677886534535878
       0.168210139108796
      0.1686529642331166
      0.1691162876446572
      0.1695992074529227
      0.1701007652736695
      0.1706199506695038
      0.1711557057731553
      0.1717069300508578
      0.1722724851643459
      0.1728511998915331
      0.1734418750679063
      0.1740432885130314
      0.1746541999091548
       0.175273355601729
      0.1758994932946469
      0.1765313466160432
      0.1771676495335509
      0.1778071406009742
       0.178448567021291
      0.1790906885137293
      0.1797322809753974
      0.1803721399304331
      0.1810090837620239
      0.1816419567247699
      0.1822696317367946
      0.1828910129527399
      0.1835050381203008
      0.1841106807242563
      0.1847069519231007
      0.1852929022842677
      0.1858676233247599
      0.1864302488645382
      0.1869799562005293
      0.1875159671093846
      0.1880375486873677
      0.1885440140358042
      0.1890347228005508
      0.1895090815738373
      0.1899665441667023
      0.1904066117600243
      0.1908288329418842
        0.19123280363869
       0.191618166947176
      0.1919846128740103
      0.1923318779893834
      0.1926597450005349
      0.1929680422508186
      0.1932566431494561
      0.1935254655367654
      0.1937744709892451
      0.1940036640684921
      0.1942130915175799
       0.194402841408128
      0.1945730422409699
      0.1947238620029791
      0.1948555071822677
      0.1949682217437493
      0.1950622860666709
      0.1951380158455716
      0.1951957609557922
      0.1952359042845241
      0.1952588605281564
      0.1952650749565072
      0.1952550221444319
      0.1952292046711446
      0.1951881517875229
      0.1951324180516093
      0.1950625819324849
       0.194979244382692
      0.1948830273794261
      0.1947745724347306
      0.1946545390750683
      0.1945236032907103
      0.1943824559555535
      0.1942318012181344
      0.1940723548648065
      0.1939048426562743
      0.1937299986389209
      0.1935485634326326
      0.1933612824971308
      0.1931689043790994
      0.1929721789427604
       0.192771855586849
       0.192568681451314
      0.1923633996173977
      0.1921567473051166
      0.1919494540725149
      0.1917422400213672
      0.1915358140143856
      0.1913308719092488
      0.1911280948150776
      0.1909281473772202
      0.1907316760964435
      0.1905393076887925
      0.1903516474925255
      0.1901692779286129
      0.1899927570213283
      0.1898226169854197
      0.1896593628862854
      0.1895034713794342
      0.1893553895352759
      0.1892155337550655
      0.1890842887834387
      0.1889620068226204
      0.1888490067529167
      0.1887455734635939
      0.1886519572976803
      0.1885683736136304
      0.1884950024661247
      0.1884319884076035
       0.188379440411426
      0.1883374319167962
      0.1883060009948556
      0.1882851506346434
      0.1882748491467986
      0.1882750306822225
      0.1882855958621897
      0.1883064125156973
      0.1883373165192488
      0.1883781127336232
       0.188428576031658
       0.188488452410586
      0.1885574601820058
      0.1886352912322156
      0.1887216123453265
      0.1888160665813235
      0.1889182747010596
      0.1890278366300832
      0.1891443329531298
      0.1892673264311455
      0.1893963635327799
       0.189530975972435
      0.1896706822471388
      0.1898149891647725
      0.1899633933564569
      0.1901153827662443
      0.1902704381116387
      0.1904280343088575
      0.1905876418571892
      0.1907487281772752
      0.1909107588985775
