                       0
   2.785302167939687e-05
   0.0001115823510571723
   0.0002514998771944391
   0.0004477880911052555
   0.0007005052525509807
    0.001009593459243213
    0.001374889214554822
    0.001796135978695309
    0.002272998109688922
    0.002805075556328304
     0.00339191865775582
    0.004033042433327221
    0.004727939809443033
    0.005476093322330971
    0.006276984950585739
    0.007130103860357502
    0.008034951980253327
    0.008991047452909504
    0.009997926127005284
     0.01105514134970988
     0.01216226238958271
     0.01331887186052295
     0.01452456252778293
     0.01577893385912245
     0.01708158864191381
     0.01843212992616994
     0.01983015848091618
      0.0212752708743157
     0.02276705821344114
     0.02430510551360293
     0.02588899161435089
     0.02751828952262114
     0.02919256704416178
     0.03091138756176517
      0.0326743108308799
     0.03448089368664756
     0.03633069058735677
     0.03822325395352465
     0.04015813429527536
     0.04213488014992146
     0.04415303787405315
      0.0462121513484172
     0.04831176165891859
     0.05045140681372371
      0.0526306215460692
     0.05484893723698392
     0.05710588197407068
     0.05940098074416076
     0.06173375574123584
     0.06410372675824483
     0.06651041162347739
     0.06895332663947532
     0.07143198698488962
     0.07394590704647926
     0.07649460065840635
     0.07907758123766621
     0.08169436181638573
     0.08434445498242057
     0.08702737274805293
     0.08974262637186865
     0.09248972616075697
     0.09526818127753116
     0.09807749957540787
      0.1009171874742948
      0.1037867498864777
      0.1066856901918728
      0.1096135102564469
      0.1125697104824283
      0.1155537898760314
       0.118565246117749
      0.1216035756217254
       0.124668273573924
      0.1277588339431693
      0.1308747494640113
      0.1340155115950248
       0.137180610460021
      0.1403695347822338
      0.1435817718225869
      0.1468168073325981
      0.1500741255304927
      0.1533532091060101
      0.1566535392556624
      0.1599745957463501
      0.1633158570017609
      0.1666768002033064
      0.1700569013957825
      0.1734556355876237
      0.1768724768365335
      0.1803068983132435
      0.1837583723388751
       0.187226370394484
      0.1907103631044422
      0.1942098201979912
      0.1977242104552701
      0.2012530016451898
      0.2047956604626151
      0.2083516524714966
       0.211920442059022
      0.2155014924037939
       0.219094265458798
       0.222698221947787
      0.2263128213719813
      0.2299375220228396
      0.2335717809962365
      0.2372150542036739
      0.2408667963770994
      0.2445264610653057
      0.2481935006215506
      0.2518673661836988
      0.2555475076496219
       0.259233373651611
      0.2629244115340139
       0.266620067338181
      0.2703197857980993
      0.2740230103489411
      0.2777291831493066
       0.281437745116402
      0.2851481359719707
      0.2888597942956661
      0.2925721575818671
      0.2962846622957462
      0.2999967439247559
      0.3037078370224842
      0.3074173752429871
      0.3111247913650285
      0.3148295173070114
      0.3185309841345563
      0.3222286220635898
      0.3259218604622754
      0.3296101278551902
      0.3332928519327717
       0.336969459568348
      0.3406393768441083
      0.3443020290863273
       0.347956840909154
      0.3516032362654625
      0.3552406385027274
      0.3588684704217004
      0.3624861543358239
      0.3660931121297976
      0.3696887653164219
      0.3732725350916825
      0.3768438423888643
      0.3804021079332161
      0.3839467522991714
      0.3874771959723518
       0.390992859418482
      0.3944931631609541
      0.3979775278681323
      0.4014453744507382
      0.4048961241687965
      0.4083291987468874
      0.4117440204958468
      0.4151400124386996
      0.4185165984385478
      0.4218732033263423
      0.4252092530269407
      0.4285241746825059
      0.4318173967730461
      0.4350883492346594
      0.4383364635766828
      0.4415611729994376
      0.4447619125144881
      0.4479381190693324
      0.4510892316781815
        0.45421469156003
       0.457313942284638
      0.4603864299264111
      0.4634316032255749
      0.4664489137555656
      0.4694378160952652
      0.4723977680046244
      0.4753282306023555
      0.4782286685446864
      0.4810985502046424
      0.4839373478518371
      0.4867445378332795
      0.4895196007561355
      0.4922620216736791
      0.4949712902757631
      0.4976469010850594
      0.5002883536600226
      0.5028951528051212
       0.505466808788347
       0.508002837565493
      0.5105027610101947
      0.5129661071483741
      0.5153924103955146
      0.5177812117951838
      0.5201320592573957
      0.5224445077957419
      0.5247181197626672
       0.526952465082782
      0.5291471214845914
      0.5313016747314455
      0.5334157188527959
      0.5354888563769804
      0.5375206985666895
      0.5395108656580644
      0.5414589871040226
       0.543364701821974
      0.5452276584456467
      0.5470475155803228
      0.5488239420604772
       0.550556617208616
      0.5522452310941013
      0.5538894847908669
      0.5554890906331964
      0.5570437724690905
      0.5585532659111402
      0.5600173185852234
      0.5614356903776232
      0.5628081536813924
      0.5641344936428292
      0.5654145084088444
      0.5666480093757678
      0.5678348214398173
       0.568974783249054
      0.5700677474562613
      0.5711135809718323
      0.5721121652154972
      0.5730633963656098
      0.5739671856047192
      0.5748234593603381
       0.575632159540083
      0.5763932437607493
      0.5771066855712543
      0.5777724746697881
      0.5783906171157969
      0.5789611355376234
      0.5794840693367025
      0.5799594748891123
      0.5803874257450921
      0.5807680128268261
      0.5811013446244221
      0.5813875473896732
      0.5816267653268352
      0.5818191607794417
      0.5819649144120453
      0.5820642253857853
      0.5821173115268247
      0.5821244094869457
      0.5820857748958952
      0.5820016825054311
      0.5818724263253252
      0.5816983197518315
      0.5814796956892851
      0.5812169066655101
       0.580910324941633
       0.580560342616658
      0.5801673717268993
      0.5797318443399839
      0.5792542126428442
      0.5787349490227949
      0.5781745461406232
       0.577573516994511
      0.5769323949736693
      0.5762517339007198
      0.5755321080621184
       0.574774112226239
        0.57397836164907
      0.5731454920677851
      0.5722761596826782
      0.5713710411280863
      0.5704308334329191
      0.5694562539712914
      0.5684480404035231
      0.5674069506074413
      0.5663337625995772
      0.5652292744454834
       0.564094304158098
      0.5629296895828784
      0.5617362882683118
      0.5605149773204458
       0.559266653240222
       0.557992231742624
      0.5566926475569535
      0.5553688542078515
       0.554021823776955
      0.5526525466452972
      0.5512620312166409
      0.5498513036219459
      0.5484214074050048
      0.5469734031890798
      0.5455083683240282
      0.5440273965131049
      0.5425315974182792
      0.5410220962426633
      0.5395000332884748
      0.5379665634889149
      0.5364228559124279
      0.5348700932379921
      0.5333094712003981
      0.5317421980047959
      0.5301694937101469
      0.5285925895815287
       0.527012727411468
       0.525431158810618
      0.5238491444680867
      0.5222679533816328
      0.5206888620577287
      0.5191131536812379
      0.5175421172541713
      0.5159770467027307
      0.5144192399516853
      0.5128699979650684
      0.5113306237522371
      0.5098024213385738
      0.5082866947004271
      0.5067847466643323
      0.5052978777710418
       0.503827385105394
      0.5023745610935251
      0.5009406922692925
      0.4995270580120835
      0.4981349292583315
      0.4967655671891123
      0.4954202218961572
      0.4941001310285126
      0.4928065184219757
       0.491540592713343
      0.4903035459415228
       0.489096552137647
      0.4879207659065562
      0.4867773210023609
      0.4856673289012299
      0.4845918773750605
      0.4835520290701989
      0.4825488200958833
       0.481583258627469
       0.480656323529801
      0.4797689630062161
      0.4789220932786581
      0.4781165973042055
      0.4773533235330411
       0.476633084712522
      0.4759566567416098
      0.4753247775795463
      0.4747381462123346
      0.4741974216803453
      0.4737032221702422
      0.4732561241743728
      0.4728566617208185
      0.4725053256773601
       0.472202563132697
      0.4719487768582635
      0.4717443248539032
      0.4715895199804571
      0.4714846296819467
      0.4714298757995399
      0.4714254344788438
      0.4714714361713503
      0.4715679657300852
      0.4717150625987581
      0.4719127210929968
      0.4721608907716527
      0.4724594768956866
      0.4728083409718043
      0.4732073013778077
      0.4736561340665271
      0.4741545733451769
      0.4747023127269749
      0.4752990058518454
      0.4759442674729608
       0.476637674505718
      0.4773787671354938
       0.478167049980199
      0.4790019933032408
      0.4798830342720846
      0.4808095782571912
       0.481781000165764
      0.4827966458044967
      0.4838558332654077
      0.4849578543289043
      0.4861019758784189
      0.4872874413212979
      0.4885134720110755
      0.4897792686667547
      0.4910840127852407
      0.4924268680435411
      0.4938069816877563
      0.4952234859061819
      0.4966754991840351
      0.4981621276374092
      0.4996824663240585
      0.5012356005285762
       0.502820607019469
      0.5044365552756167
      0.5060825086796478
      0.5077575256758963
      0.5094606608908634
      0.5111909662144312
      0.5129474918405167
      0.5147292872663179
      0.5165354022497894
      0.5183648877254325
      0.5202167966788699
      0.5220901849809501
      0.5239841121822817
      0.5258976422691621
      0.5278298443817657
      0.5297797934953496
      0.5317465710650169
      0.5337292656343969
      0.5357269734084453
      0.5377387987904635
      0.5397638548834554
      0.5418012639560179
      0.5438501578731612
      0.5459096784927208
      0.5479789780283169
      0.5500572193801312
      0.5521435764350561
      0.5542372343379653
      0.5563373897359862
      0.5584432509976619
      0.5605540384088016
      0.5626689843466366
      0.5647873334336503
      0.5669083426721835
      0.5690312815606324
      0.5711554321918442
        0.57328008933414
      0.5754045604953328
      0.5775281659701281
      0.5796502388713938
      0.5817701251459646
      0.5838871835758465
      0.5860007857659069
       0.588110316119293
       0.590215171801964
      0.5923147626977342
      0.5944085113551808
       0.596495852927622
       0.598576235107155
      0.6006491180534753
      0.6027139743179305
      0.6047702887629903
      0.6068175584771123
      0.6088552926848501
      0.6108830126519975
      0.6129002515856132
       0.614906554528895
      0.6169014782510657
      0.6188845911326299
      0.6208554730466131
      0.6228137152365402
       0.624758920192063
      0.6266907015231763
       0.628608683833922
      0.6305125025963655
      0.6324018040254282
      0.6342762449549315
      0.6361354927149752
      0.6379792250105263
      0.6398071298009467
      0.6416189051800598
      0.6434142592563442
       0.645192910032896
      0.6469545852869332
      0.6486990224487886
      0.6504259684805537
      0.6521351797547165
      0.6538264219333126
      0.6554994698481946
      0.6571541073830659
      0.6587901273578584
      0.6604073314159127
      0.6620055299142289
      0.6635845418168416
      0.6651441945911508
      0.6666843241068393
      0.6682047745368691
      0.6697053982599698
      0.6711860557640413
      0.6726466155499773
      0.6740869540355665
      0.6755069554593243
       0.676906511784319
      0.6782855226022673
      0.6796438950383248
      0.6809815436571091
      0.6822983903705159
      0.6835943643478332
      0.6848694019285487
      0.6861234465380498
      0.6873564486062294
      0.6885683654887894
       0.689759161390858
      0.6909288072924099
      0.6920772808749104
       0.693204566448625
      0.6943106548801206
      0.6953955435196283
      0.6964592361281386
      0.6975017428042771
      0.6985230799112115
       0.699523270003978
      0.7005023417576902
      0.7014603298971147
      0.7023972751280213
      0.7033132240705952
      0.7042082291950124
      0.7050823487590905
       0.705935646747723
      0.7067681928136427
       0.707580062218959
      0.7083713357768625
       0.709142099792937
      0.7098924460056124
      0.7106224715254715
      0.7113322787732929
      0.7120219754169506
      0.7126916743074285
         0.7133414934144
      0.7139715557618388
      0.7145819893641795
      0.7151729271634351
      0.7157445069675625
      0.7162968713901825
      0.7168301677915598
      0.7173445482205552
      0.7178401693571014
      0.7183171924546746
      0.7187757832821581
      0.7192161120645831
      0.7196383534223147
      0.7200426863084045
      0.7204292939440536
      0.7207983637522999
      0.7211500872902149
      0.7214846601800381
      0.7218022820397221
       0.722103156413347
      0.7223874907017932
      0.7226554960939151
      0.7229073874982636
      0.7231433834752361
      0.7233637061693367
      0.7235685812410819
      0.7237582377980233
      0.7239329083243273
      0.7240928286084233
      0.7242382376683564
      0.7243693776746487
      0.7244864938706821
      0.7245898344907907
      0.7246796506764575
      0.7247561963910675
      0.7248197283337733
      0.7248705058529624
      0.7249087908597336
       0.724934847741642
      0.7249489432767554
      0.7249513465478977
      0.7249423288567527
      0.7249221636373601
      0.7248911263684801
      0.7248494944842673
       0.724797547282796
      0.7247355658320902
       0.724663832873503
      0.7245826327224837
      0.7244922511669648
      0.7243929753637823
      0.7242850937336081
      0.7241688958549618
      0.7240446723577926
      0.7239127148170387
      0.7237733156464071
      0.7236267679924319
      0.7234733656286599
      0.7233134028496713
      0.7231471743644891
      0.7229749751888883
       0.722797100536129
      0.7226138457057316
      0.7224255059700403
      0.7222323764585373
      0.7220347520400551
      0.7218329272032323
      0.7216271959357052
      0.7214178516026346
      0.7212051868251547
      0.7209894933593097
       0.720771061975882
      0.7205501823413696
      0.7203271429001407
      0.7201022307576045
      0.7198757315640616
      0.7196479293987726
      0.7194191066537277
       0.719189543916641
      0.7189595198527804
      0.7187293110854019
      0.7184991920747725
      0.7182694349959489
      0.7180403096157001
      0.7178120831690935
      0.7175850202363446
      0.7173593826205618
      0.7171354292269292
      0.7169134159437488
      0.7166935955255734
      0.7164762174784757
      0.7162615279472738
      0.7160497696044001
      0.7158411815399671
      0.7156359991525753
      0.7154344540404233
      0.7152367738924318
      0.7150431823792176
      0.7148538990440089
      0.7146691391937525
      0.7144891137908782
      0.7143140293463082
      0.7141440878143421
      0.7139794864900645
      0.7138204179097963
      0.7136670697549631
      0.7135196247595579
      0.7133782606211266
      0.7132431499150438
      0.7131144600116195
      0.7129923529955433
      0.7128769855870921
      0.7127685090646169
      0.7126670691879526
      0.7125728061225671
      0.7124858543644881
      0.7124063426662741
      0.7123343939644543
      0.7122701253090105
      0.7122136477955304
      0.7121650665006222
      0.7121244804210898
      0.7120919824172011
      0.7120676591601628
      0.7120515910837258
      0.7120438523396094
      0.7120445107563129
      0.7120536278007829
      0.7120712585424011
      0.7120974516188452
       0.712132249203502
      0.7121756869743242
      0.7122277940842322
      0.7122885931333705
      0.7123581001437025
      0.7124363245365268
      0.7125232691135432
      0.7126189300420243
      0.7127232968445332
      0.7128363523934254
      0.7129580729101557
      0.7130884279691766
      0.7132273805060244
      0.7133748868290277
      0.7135308966340156
      0.7136953530214095
      0.7138681925151883
      0.7140493450833748
       0.714238734159912
      0.7144362766680338
      0.7146418830454445
      0.7148554572718036
      0.7150768968991191
      0.7153060930856807
      0.7155429306340889
      0.7157872880338262
      0.7160390375085991
      0.7162980450684647
      0.7165641705665426
      0.7168372677599003
      0.7171171843741037
       0.717403762170833
       0.717696837018038
      0.7179962389621823
      0.7183017923023378
      0.7186133156660952
      0.7189306220874827
      0.7192535190873057
      0.7195818087564699
      0.7199152878429196
      0.7202537478428502
      0.7205969750967264
      0.7209447508904929
      0.7212968515621538
      0.7216530486136307
      0.7220131088276053
      0.7223767943888458
      0.7227438630094041
      0.7231140680570239
       0.723487158686168
      0.7238628799711905
      0.7242409730413898
      0.7246211752179128
      0.7250032201527156
      0.7253868379700091
      0.7257717554107582
      0.7261576959808851
      0.7265443801038165
      0.7269315252778966
      0.7273188462390291
      0.7277060551286678
      0.7280928616670423
        0.72847897333127
      0.7288640955378218
      0.7292479318287001
      0.7296301840606564
      0.7300105525968538
      0.7303887365004976
      0.7307644337302016
      0.7311373413370499
       0.731507155663574
      0.7318735725450521
       0.732236287513651
       0.732594996006009
      0.7329493935747742
      0.7332991761044967
      0.7336440400320744
      0.7339836825716717
      0.7343178019438095
      0.7346460976080501
        0.73496827049855
      0.7352840232616344
      0.7355930604945438
      0.7358950889845954
      0.7361898179481567
      0.7364769592690714
      0.7367562277364074
       0.737027341281661
      0.7372900212157284
      0.7375439924661092
      0.7377889838148061
      0.7380247281373699
      0.7382509626433509
      0.7384674291182273
      0.7386738741666032
      0.7388700494562229
      0.7390557119620907
      0.7392306242098456
      0.7393945545174134
      0.7395472772340064
      0.7396885729756218
      0.7398182288563842
      0.7399360387153109
      0.7400418033383505
      0.7401353306757686
      0.7402164360551676
      0.7402849423905197
      0.7403406803876345
      0.7403834887463716
       0.740413214359768
      0.7404297125099923
      0.7404328470607727
      0.7404224906456837
      0.7403985248514334
      0.7403608403951549
      0.7403093372946256
      0.7402439250303882
       0.740164522698898
      0.7400710591560079
      0.7399634731504358
      0.7398417134470816
      0.7397057389403882
      0.7395555187580937
      0.7393910323558864
      0.7392122696034621
      0.7390192308624028
      0.7388119270561185
      0.7385903797318456
      0.7383546211144081
      0.7381046941512086
      0.7378406525476515
      0.7375625607920988
      0.7372704941693969
      0.7369645387620927
      0.7366447914386284
      0.7363113598280554
      0.7359643622811209
      0.7356039278178754
      0.7352301960622475
      0.7348433171642321
      0.7344434517104509
      0.7340307706238539
      0.7336054550532159
      0.7331676962528844
      0.7327176954529755
      0.7322556637199079
      0.7317818218069122
      0.7312963999939264
      0.7307996379161673
      0.7302917843806572
       0.729773097170106
      0.7292438428337332
      0.7287042964649555
      0.7281547414661678
      0.7275954693012101
      0.7270267792364143
      0.7264489780713249
      0.7258623798603153
      0.7252673056262934
      0.7246640830675609
      0.7240530462586502
      0.7234345353456808
      0.7228088962364397
      0.7221764802851034
      0.7215376439713079
      0.7208927485731286
       0.720242159833548
      0.7195862476201215
      0.7189253855777853
      0.7182599507750778
      0.7175903233444048
      0.7169168861173446
      0.7162400242562742
      0.7155601248838093
      0.7148775767116279
        0.71419276967018
      0.7135060945406081
      0.7128179425899124
      0.7121287052100376
      0.7114387735611956
      0.7107485382194085
      0.7100583888280112
      0.7093687137527093
      0.7086798997398398
       0.707992331577575
      0.7073063917601149
      0.7066224601552558
      0.7059409136760801
      0.7052621259579079
      0.7045864670419011
      0.7039143030669157
      0.7032459959711981
      0.7025819032054152
      0.7019223774582416
      0.7012677663953479
      0.7006184124122167
      0.6999746524007657
      0.6993368175293798
       0.698705233035665
      0.6980802180310998
      0.6974620853167706
      0.6968511412095363
      0.6962476853782666
       0.695652010690169
      0.6950644030676202
      0.6944851413562948
      0.6939144972056515
      0.6933527349629964
      0.6928001115823158
      0.6922568765488933
      0.6917232718203977
       0.691199531784682
       0.690685883234045
      0.6901825453552239
      0.6896897297339671
      0.6892076403727582
       0.688736473720139
      0.6882764187101266
       0.687827656810458
      0.6873903620787404
      0.6869647012260464
       0.686550833687938
      0.6861489117033328
      0.6857590804019131
      0.6853814779009311
      0.6850162354122219
      0.6846634773599938
      0.6843233215096078
      0.6839958791070303
      0.6836812550281242
      0.6833795479364222
      0.6830908504476007
      0.6828152492986245
       0.682552825519453
      0.6823036546053418
      0.6820678066880886
      0.6818453467050619
      0.6816363345653779
      0.6814408253131802
       0.681258869288444
      0.6810905122860968
      0.6809357957144011
      0.6807947567534959
      0.6806674285147513
      0.6805538402011327
      0.6804540172682656
      0.6803679815852733
      0.6802957515939605
      0.6802373424644794
      0.6801927662454147
      0.6801620320062126
      0.6801451459701239
      0.6801421116362663
      0.6801529298900186
      0.6801775991016132
      0.6802161152134703
      0.6802684718173658
      0.6803346602229101
      0.6804146695189687
      0.6805084866295558
      0.6806160963653993
      0.6807374814718447
      0.6808726226731187
      0.6810214987123113
      0.6811840863858201
      0.6813603605705733
      0.6815502942421364
      0.6817538584818575
      0.6819710224715453
      0.6822017534747162
      0.6824460168041976
      0.6827037757766367
       0.682974991655252
      0.6832596235827709
      0.6835576285068994
      0.6838689611007871
      0.6841935736807706
      0.6845314161232182
      0.6848824357816186
      0.6852465774042631
      0.6856237830520558
      0.6860139920152695
      0.6864171407275824
       0.686833162675486
      0.6872619883012883
       0.687703544898339
      0.6881577564978113
       0.688624543747234
      0.6891038237819141
      0.6895955100912536
      0.6900995123826443
      0.6906157364460161
      0.6911440840221605
      0.6916844526776142
      0.6922367356882312
      0.6928008219326593
      0.6933765957958881
      0.6939639370820059
      0.6945627209344107
      0.6951728177611151
       0.695794093162557
      0.6964264078594931
       0.697069617619137
      0.6977235731786108
      0.6983881201658946
      0.6990630990196456
      0.6997483449103314
      0.7004436876659519
      0.7011489517060341
      0.7018639559875874
      0.7025885139661696
      0.7033224335742917
      0.7040655172181426
      0.7048175617921895
      0.7055783587098428
      0.7063476939472141
      0.7071253480962164
       0.707911096423012
      0.7087047089281021
      0.7095059504052216
      0.7103145804974916
      0.7111303537508795
      0.7119530196666767
      0.7127823227562192
      0.7136180026022049
      0.7144597939315499
      0.7153074267046141
      0.7161606262248452
      0.7170191132714593
      0.7178826042558607
      0.7187508114003567
      0.7196234429355975
      0.7205002033113775
      0.7213807934142303
      0.7222649107848431
      0.7231522498288272
      0.7240425020158217
      0.7249353560641018
      0.7258304981106649
       0.726727611869754
      0.7276263787856556
      0.7285264781878946
      0.7294275874583127
       0.730329382219737
      0.7312315365547101
      0.7321337232601965
      0.7330356141403614
       0.733936880334749
      0.7348371926738891
      0.7357362220490784
      0.7366336397783004
      0.7375291179465681
      0.7384223296967922
      0.7393129494469414
      0.7402006530109448
      0.7410851176043874
