                       0
   2.785302167939681e-05
   0.0001115823510571696
   0.0002514998771943632
   0.0004477880911045292
   0.0007005052525466797
    0.001009593459224561
    0.001374889214490688
    0.001796135978508429
    0.002272998109208998
    0.002805075555213528
    0.003391918655368171
    0.004033042428544365
    0.004727939800386879
    0.005476093305986917
     0.00627698492228564
    0.007130103813091605
    0.008034951903775976
    0.008991047332595705
    0.009997925942412325
     0.01105514107279386
     0.01216226198251213
     0.01331887127303125
     0.01452456169399084
     0.01577893269375973
     0.01708158703586601
      0.0184321277412678
     0.01983015554387422
     0.02127526696974035
     0.02276705307580299
     0.02430509881807002
     0.02588898296638511
     0.02751827844621735
     0.02919255296862129
     0.03091136980688244
     0.03267428859041629
     0.03448086600996261
     0.03633065635907509
     0.03822321187108965
     0.04015808284426094
     0.04213481757694889
     0.04415296215718434
     0.04621206016485006
     0.04831165234985855
      0.0504512763462594
     0.05263046647190519
     0.05484875364787115
     0.05710566545378069
     0.05940072631684262
     0.06173345781598991
     0.06410337906977089
     0.06651000716861306
     0.06895285760949592
     0.07143144469338995
     0.07394528185268584
     0.07649388188576126
     0.07907675708753253
     0.08169341927671285
     0.08434337973123035
     0.08702614905157995
     0.08974123697721573
     0.09248815218292525
     0.09526640208068064
     0.09807549264822249
      0.1009149282993314
      0.1037842118033381
      0.1066828442541423
      0.1096103250822374
      0.1125661520984635
      0.1155498215551504
       0.118560828209778
      0.1215986653775965
      0.1246628249630085
      0.1277527974637226
      0.1308680719466893
      0.1340081359994811
      0.1371724756644439
      0.1403605753658905
      0.1435719178413034
      0.1468059840872049
      0.1500622533282492
       0.153340203015006
      0.1566393088522824
      0.1599590448557926
      0.1632988834317432
      0.1666582954710117
      0.1700367504481312
      0.1734337165150137
      0.1768486605801759
      0.1802810483661979
      0.1837303444410297
      0.1871960122215005
      0.1906775139510184
      0.1941743106556017
      0.1976858620845432
       0.201211626643224
      0.2047510613255495
      0.2083036216525144
      0.2118687616222253
      0.2154459336741368
      0.2190345886686053
      0.2226341758801008
      0.2262441430011793
      0.2298639361530123
      0.2334929998976903
      0.2371307772480007
      0.2407767096714094
      0.2444302370860594
      0.2480907978484697
      0.2517578287344118
      0.2554307649155528
      0.2591090399356762
      0.2627920856908317
      0.2664793324173759
      0.2701702086913808
      0.2738641414416183
      0.2775605559770937
      0.2812588760280739
      0.2849585237987904
      0.2886589200282994
        0.29235948405556
      0.2960596338847708
      0.2997587862467693
      0.3034563566537734
      0.3071517594454627
      0.3108444078258987
      0.3145337138920585
      0.3182190886559276
      0.3218999420630424
      0.3255756830109543
      0.3292457193708613
      0.3329094580154719
      0.3365663048557408
      0.3402156648872525
      0.3438569422472297
       0.347489540281035
      0.3511128616168918
       0.354726308246572
      0.3583292816102867
      0.3619211826831749
      0.3655014120620866
      0.3690693700518012
      0.3726244567505033
      0.3761660721355182
       0.379693616150475
      0.3832064887962853
      0.3867040902279403
      0.3901858208591922
      0.3936510814771595
      0.3970992733674119
      0.4005297984505458
       0.403942059428997
      0.4073354599434686
      0.4107094047364383
      0.4140632998212539
       0.417396552653782
      0.4207085723048997
      0.4239987696321563
      0.4272665574495532
      0.4305113506951343
      0.4337325665971517
      0.4369296248396483
      0.4401019477293467
      0.4432489603655351
      0.4463700908149593
       0.449464770293275
      0.4525324333543539
      0.4555725180874981
      0.4585844663233759
      0.4615677238468384
      0.4645217406167892
      0.4674459709904051
      0.4703398739510039
      0.4732029133379783
      0.4760345580773752
      0.4788342824127469
      0.4816015661362731
      0.4843358948202884
       0.487036760050356
      0.4897036596607506
      0.4923360979736516
      0.4949335860435119
      0.4974956419069796
      0.5000217908392046
      0.5025115656162942
      0.5049645067831506
      0.5073801629260355
      0.5097580909477127
      0.5120978563441336
      0.5143990334807088
      0.5166612058663801
       0.518883966424813
      0.5210669177614441
      0.5232096724267222
      0.5253118531752455
      0.5273730932218508
      0.5293930364956942
      0.5313713378930888
      0.5333076635304892
      0.5352016909983751
      0.5370531096164409
      0.5388616206903758
      0.5406269377696048
      0.5423487869052519
      0.5440269069074221
      0.5456610496002442
       0.547250980073446
      0.5487964769291948
      0.5502973325236636
      0.5517533532020548
      0.5531643595274182
      0.5545301865036895
       0.555850683792947
      0.5571257159278572
      0.5583551625202858
      0.5595389184666313
      0.5606768941507368
      0.5617690156437916
       0.562815224901859
      0.5638154799600313
      0.5647697551222358
      0.5656780411456127
      0.5665403454183215
      0.5673566921288328
      0.5681271224263733
      0.5688516945712381
      0.5695304840749046
      0.5701635838292749
      0.5707511042259792
      0.5712931732661954
       0.571789936662032
       0.572241557929791
      0.5726482184769448
      0.5730101176826742
      0.5733274729728373
      0.5736005198887452
      0.5738295121505392
      0.5740147217128393
      0.5741564388132991
      0.5742549720120309
      0.5743106482214643
      0.5743238127252046
      0.5742948291855774
      0.5742240796397546
      0.5741119644839892
       0.573958902446862
      0.5737653305516738
      0.5735317040692487
      0.5732584964617045
      0.5729461993179408
      0.5725953222813054
      0.5722063929698954
       0.571779956889316
      0.5713165773369437
      0.5708168352977308
      0.5702813293302773
      0.5697106754417803
      0.5691055069515588
      0.5684664743416552
      0.5677942450949915
      0.5670895035194029
      0.5663529505591997
      0.5655853035937292
      0.5647872962241213
      0.5639596780487459
      0.5631032144285759
       0.562218686242969
       0.561306889636251
      0.5603686357554923
      0.5594047504793481
      0.5584160741372155
      0.5574034612180351
      0.5563677800676619
      0.5553099125737634
      0.5542307538368755
      0.5531312118273196
      0.5520122070268746
      0.5508746720544424
       0.549719551277017
      0.5485478004046126
       0.547360386071009
      0.5461582854000365
      0.5449424855585836
       0.543713983296603
      0.5424737844744348
       0.541222903577532
      0.5399623632180383
      0.5386931936229667
       0.537416432107931
      0.5361331225352832
       0.534844314756014
      0.5335510640340075
      0.5322544304528457
      0.5309554783032484
      0.5296552754531064
       0.528354892698652
      0.5270554030985937
      0.5257578812917799
      0.5244634027994002
      0.5231730433125972
      0.5218878779671877
      0.5206089806052574
      0.5193374230250011
      0.5180742742182434
      0.5168205995962016
       0.515577460203032
      0.5143459119163577
       0.513127004635363
      0.5119217814554134
      0.5107312778301231
      0.5095565207209121
      0.5083985277352117
      0.5072583062548821
       0.506136852556382
      0.5050351509247522
      0.5039541727640247
      0.5028948757059294
      0.5018582027192614
      0.5008450812221873
      0.4998564221989248
      0.4988931193228356
      0.4979560480868612
      0.4970460649427572
      0.4961640064502549
       0.495310688437313
      0.4944869051729181
      0.4936934285539101
      0.4929310073084457
      0.4922003662176719
      0.4915022053588508
      0.4908371993727479
      0.4902059967582816
      0.4896092191976679
      0.4890474609148843
      0.4885212880701634
      0.4880312381927626
      0.4875778196539334
      0.4871615111815041
      0.4867827614170454
      0.4864419885164535
      0.4861395797940288
      0.4858758914110243
      0.4856512481084275
      0.4854659429847999
      0.4853202373198217
      0.4852143604442459
      0.4851485096573675
      0.4851228501928717
      0.4851375152342994
       0.485192605980828
       0.485288191764157
      0.4854243102161525
      0.4856009674876603
      0.4858181385171845
      0.4860757673481858
      0.4863737674934815
      0.4867120223445566
      0.4870903856236506
      0.4875086818759503
       0.487966707000248
      0.4884642288152169
      0.4890009876598217
      0.4895766970259222
      0.4901910442217462
      0.4908436910644436
      0.4915342746006217
      0.4922624078531682
      0.4930276805926279
      0.4938296601313333
      0.4946678921377917
      0.4955419014685904
       0.496451193015064
      0.4973952525616999
       0.498373547652438
      0.4993855284622943
      0.5004306286709753
      0.5015082663356459
      0.5026178447604653
      0.5037587533610067
      0.5049303685218178
      0.5061320544459531
      0.5073631639954567
      0.5086230395219981
      0.5099110136871622
      0.5112264102712529
      0.5125685449700729
      0.5139367261784906
       0.515330255759332
      0.5167484297966725
      0.5181905393315968
      0.5196558710790999
      0.5211437081249225
      0.5226533306008626
       0.524184016337837
      0.5257350414962585
      0.5273056811735261
      0.5288952099887428
      0.5305029026452495
      0.5321280344715896
      0.5337698819417882
      0.5354277231754521
      0.5371008384184569
       0.538788510504955
       0.540490025299769
      0.5422046721229439
       0.543931744154213
      0.5456705388183219
       0.547420358150735
      0.5491805091424997
      0.5509503040649916
       0.552729060774359
      0.5545161029957283
      0.5563107605881968
      0.5581123697914837
      0.5599202734550888
       0.561733821251545
      0.5635523698751727
      0.5653752832268133
      0.5672019325865902
      0.5690316967747157
      0.5708639623013819
      0.5726981235056072
      0.5745335826837181
      0.5763697502065783
      0.5782060446264108
      0.5800418927723081
      0.5818767298349604
      0.5837099994406824
      0.5855411537151282
      0.5873696533375369
      0.5891949675863036
      0.5910165743765886
      0.5928339602919186
      0.5946466206094547
      0.5964540593213621
      0.5982557891519037
      0.6000513315707786
      0.6018402168037882
      0.6036219838396307
        0.60539618043364
      0.6071623631072535
      0.6089200971430414
      0.6106689565758132
      0.6124085241778264
      0.6141383914401795
      0.6158581585485701
      0.6175674343556653
      0.6192658363493706
      0.6209529906187768
      0.6226285318178503
      0.6242921031280149
       0.625943356220432
      0.6275819512185749
      0.6292075566603634
      0.6308198494618265
      0.6324185148800961
      0.6340032464766049
      0.6355737460796038
      0.6371297237461517
       0.638670897721887
      0.6401969943993445
      0.6417077482749187
      0.6432029019034969
      0.6446822058518974
      0.6461454186518492
      0.6475923067518676
      0.6490226444703722
      0.6504362139491372
      0.6518328051084477
      0.6532122156034016
      0.6545742507826829
      0.6559187236481426
      0.6572454548160466
      0.6585542724785372
      0.6598450123655468
      0.6611175177059547
      0.6623716391876775
      0.6636072349163655
      0.6648241703727081
      0.6660223183684153
      0.6672015590004644
      0.6683617796052527
      0.6695028747123263
      0.6706247459981926
      0.6717273022415743
      0.6728104592798629
      0.6738741399669296
      0.6749182741326064
        0.67594279854386
      0.6769476568664867
      0.6779327996276523
      0.6788981841784361
      0.6798437746554328
      0.6807695419414398
      0.6816754636248009
      0.6825615239571678
      0.6834277138095852
      0.6842740306277326
       0.685100478386075
       0.685907067542041
      0.6866938149898835
      0.6874607440156797
      0.6882078842531325
      0.6889352716404343
      0.6896429483780704
      0.6903309628877148
      0.6909993697707826
      0.6916482297674752
      0.6922776097143084
      0.6928875825005989
      0.6934782270229686
       0.694049628137939
      0.6946018766116678
      0.6951350690684006
      0.6956493079361519
      0.6961447013919045
      0.6966213633054461
       0.697079413182728
      0.6975189761099847
      0.6979401826974732
      0.6983431690246503
      0.6987280765847987
      0.6990950522308876
      0.6994442481203765
      0.6997758216596539
      0.7000899354469181
      0.7003867572132516
      0.7006664597611937
      0.7009292209009468
       0.701175223383616
      0.7014046548321137
       0.701617707669828
      0.7018145790472073
      0.7019954707676546
      0.7021605892117613
      0.7023101452620956
      0.7024443542270017
      0.7025634357649951
       0.702667613808443
      0.7027571164870654
      0.7028321760504528
      0.7028930287889025
      0.7029399149522034
        0.70297307866606
      0.7029927678453175
      0.7029992341040837
       0.702992732663078
      0.7029735222532848
      0.7029418650181903
      0.7028980264127599
      0.7028422751019474
      0.7027748828575889
      0.7026961244550599
      0.7026062775696515
      0.7025056226726513
      0.7023944429270309
      0.7022730240826122
      0.7021416543700096
      0.7020006243925599
      0.7018502270166401
      0.7016907572584602
      0.7015225121683688
      0.7013457907114952
      0.7011608936452663
      0.7009681233939596
      0.7007677839206797
      0.7005601805972032
      0.7003456200724043
      0.7001244101397036
      0.6998968596038587
      0.6996632781478517
      0.6994239761987608
      0.6991792647943482
      0.6989294554479147
      0.6986748600130518
      0.6984157905457511
      0.6981525591653932
      0.6978854779126101
      0.6976148586046222
      0.6973410126878793
      0.6970642510881367
      0.6967848840580926
      0.6965032210234575
      0.6962195704283488
      0.6959342395794365
      0.6956475344912143
      0.6953597597312867
      0.6950712182667934
      0.6947822113117881
      0.6944930381756033
      0.6942039961115404
      0.6939153801659661
      0.6936274830266155
      0.6933405948704263
      0.6930550032098977
      0.6927709927381338
      0.6924888451724805
      0.6922088390971873
      0.6919312498050949
      0.6916563491392997
      0.6913844053355148
      0.6911156828656732
      0.6908504422834328
       0.690588940071974
      0.6903314284948929
      0.6900781554495525
      0.6898293643235459
      0.6895852938532628
      0.6893461779848956
      0.6891122457370076
      0.6888837210644132
      0.6886608227233365
      0.6884437641372028
      0.6882327532642196
      0.6880279924660148
      0.6878296783784482
      0.6876380017855127
      0.6874531474964499
      0.6872752942274249
      0.6871046144880382
      0.6869412744731129
      0.6867854339603391
      0.6866372462135945
      0.6864968578917178
       0.686364408962272
      0.6862400326203606
      0.6861238552112446
      0.6860159961568926
       0.685916567886061
      0.6858256757675513
      0.6857434180467659
       0.685669885786454
       0.685605162811305
      0.6855493256578515
      0.6855024435296689
      0.6854645782590786
      0.6854357842756134
       0.685416108581745
       0.685405590736184
       0.685404262844129
      0.6854121495548473
      0.6854292680658256
      0.6854556281328155
      0.6854912320855718
      0.6855360748483287
      0.6855901439652983
      0.6856534196302542
      0.6857258747210263
      0.6858074748390645
      0.6858981783536631
      0.6859979364527491
      0.6861066931998736
      0.6862243855981879
      0.6863509436617613
      0.6864862904945347
      0.6866303423767821
      0.6867830088583813
      0.6869441928590823
       0.687113790774358
      0.6872916925866754
      0.6874777819807535
      0.6876719364629914
       0.687874027483603
      0.6880839205617761
       0.688301475413856
      0.6885265460842874
      0.6887589810798452
      0.6889986235079826
      0.6892453112189602
      0.6894988769531212
      0.6897591484922517
      0.6900259488169939
      0.6902990962678883
      0.6905784047113094
      0.6908636837088394
      0.6911547386899762
      0.6914513711260399
      0.6917533787061479
      0.6920605555133018
      0.6923726922007539
      0.6926895761682843
      0.6930109917379224
      0.6933367203297865
       0.693666540638605
      0.6940002288103343
      0.6943375586205239
       0.694678301653695
      0.6950222274848653
      0.6953691038625208
      0.6957186968926972
      0.6960707712243894
      0.6964250902342582
      0.6967814162113479
      0.6971395105397852
      0.6974991338787486
      0.6978600463398785
      0.6982220076605683
      0.6985847773737037
      0.6989481149736775
      0.6993117800786738
      0.6996755325903375
      0.7000391328503252
      0.7004023417958837
      0.7007649211127401
      0.7011266333877345
      0.7014872422595559
      0.7018465125685556
      0.7022042105041972
      0.7025601037504997
      0.7029139616278443
      0.7032655552314527
      0.7036146575645791
       0.703961043667262
       0.704304490739652
      0.7046447782597431
      0.7049816880961134
      0.7053150046167025
      0.7056445147927197
      0.7059700083000962
      0.7062912776177039
      0.7066081181240164
      0.7069203281916536
      0.7072277092804212
      0.7075300660284179
      0.7078272063409388
      0.7081189414769287
      0.7084050861312912
      0.7086854585133382
        0.70895988042113
      0.7092281773096943
      0.7094901783551313
      0.7097457165130053
      0.7099946285723872
      0.7102367552061465
      0.7104719410178211
      0.7107000345861426
      0.7109208885083581
       0.711134359442165
      0.7113403081476513
      0.7115385995285181
      0.7117291026732544
      0.7119116908951422
      0.7120862417712683
      0.7122526371795649
      0.7124107633336015
      0.7125605108140124
      0.7127017745971764
      0.7128344540804289
      0.7129584531046352
      0.7130736799739591
      0.7131800474741294
      0.7132774728898524
      0.7133658780221492
      0.7134451892064554
      0.7135153373318311
      0.7135762578623356
      0.7136278908594211
      0.7136701810065326
      0.7137030776342954
      0.7137265347461232
      0.7137405110433934
      0.7137449699498668
      0.7137398796344844
      0.7137252130319401
      0.7137009478615471
      0.7136670666445126
      0.7136235567197722
      0.7135704102595957
      0.7135076242847694
      0.7134352006819256
      0.7133531462220604
      0.7132614725809018
      0.7131601963627977
       0.713049339126511
      0.7129289274123634
      0.7127989927718767
      0.7126595717969124
      0.7125107061493823
       0.712352442588882
      0.7121848329993243
      0.7120079344128472
        0.71182180903146
      0.7116265242458482
      0.7114221526538439
      0.7112087720761865
      0.7109864655723599
      0.7107553214572147
       0.710515433317208
        0.71026690002876
      0.7100098257771386
      0.7097443200761676
      0.7094704977879935
      0.7091884791425581
      0.7088983897549818
      0.7086003606399084
      0.7082945282225908
       0.707981034345083
      0.7076600262674425
      0.7073316566637537
      0.7069960836133349
      0.7066534705867917
      0.7063039864285697
      0.7059478053364856
       0.705585106838107
      0.7052160757655195
      0.7048409022285155
      0.7044597815856223
      0.7040729144131872
      0.7036805064715446
       0.703282768667069
      0.7028799170094344
      0.7024721725626087
      0.7020597613891222
      0.7016429144857173
      0.7012218677115146
      0.7007968617072946
      0.7003681418069216
      0.6999359579414377
      0.6995005645360217
        0.69906222040194
      0.6986211886230291
       0.698177736437823
      0.6977321351181004
      0.6972846598431828
      0.6968355895701368
      0.6963852068985865
      0.6959337979299003
      0.6954816521191401
       0.695029062119344
      0.6945763236165856
      0.6941237351557658
      0.6936715979571119
      0.6932202157229745
       0.692769894436443
      0.6923209421522446
       0.691873668780824
      0.6914283858675837
      0.6909854063680906
      0.6905450444197256
      0.6901076151113152
      0.6896734342500109
      0.6892428181256952
      0.6888160832725533
      0.6883935462258609
      0.6879755232750104
      0.6875623302102191
      0.6871542820631757
      0.6867516928412346
      0.6863548752550936
      0.6859641404408593
      0.6855797976775642
       0.685202154101194
      0.6848315144174085
       0.684468180613933
       0.684112451674213
       0.683764623294186
      0.6834249876019743
      0.6830938328819539
      0.6827714433015245
      0.6824580986421469
      0.6821540740318167
      0.6818596396800841
      0.6815750606132494
      0.6813005964105918
      0.6810365009407874
      0.6807830220990548
      0.6805404015465497
      0.6803088744523341
      0.6800886692405319
      0.6798800073442646
      0.6796831029675059
      0.6794981628577166
      0.6793253860891179
      0.6791649638583811
      0.6790170792922637
      0.6788819072670993
      0.6787596142391432
      0.6786503580851898
      0.6785542879516098
      0.6784715441117092
      0.6784022578295963
      0.6783465512313642
      0.6783045371833419
      0.6782763191783852
       0.678261991231124
      0.6782616377845955
      0.6782753336292807
      0.6783031438361635
      0.6783451237053733
      0.6784013187318596
      0.6784717645871976
      0.6785564871177333
      0.6786555023583167
       0.678768816560066
      0.6788964262301947
      0.6790383181825649
       0.679194469597174
      0.6793648480874933
      0.6795494117751641
      0.6797481093718318
      0.6799608802689912
      0.6801876546366841
      0.6804283535323902
      0.6806828890226845
      0.6809511643171486
      0.6812330739171962
      0.6815285037797129
      0.6818373314944961
      0.6821594264758305
      0.6824946501650532
      0.6828428562434354
      0.6832038908516324
       0.683577592814344
      0.6839637938676182
      0.6843623188872235
      0.6847729861173268
      0.6851956073996837
      0.6856299884032102
      0.6860759288559491
       0.686533222780312
      0.6870016587336879
      0.6874810200558927
      0.6879710851239248
      0.6884716276150641
      0.6889824167772287
      0.6895032177053483
      0.6900337916215902
      0.6905738961576516
      0.6911232856347853
      0.6916817113408674
       0.692248921800351
      0.6928246630369027
      0.6934086788276062
      0.6940007109486594
      0.6946004994142507
      0.6952077827101855
      0.6958222980243228
      0.6964437814765799
      0.6970719683498495
      0.6977065933236586
       0.698347390710779
      0.6989940946961384
      0.6996464395769008
      0.7003041600009478
        0.70096699120033
       0.701634669217875
      0.7023069311223593
      0.7029835152109736
      0.7036641611972743
      0.7043486103843761
      0.7050366058239991
      0.7057278924639387
      0.7064222172863881
      0.7071193294402615
      0.7078189803718369
      0.7085209239550023
      0.7092249166244723
      0.7099307175121644
      0.7106380885856941
      0.7113467947880453
      0.7120566041745066
      0.7127672880434209
       0.713478621056963
      0.7141903813477696
       0.714902350609012
      0.7156143141663515
      0.7163260610316298
      0.7170373839407179
      0.7177480793782208
      0.7184579475935909
       0.719166792614471
       0.719874422261261
      0.7205806481678998
      0.7212852858116177
      0.7219881545526992
      0.7226890776827083
      0.7233878824788686
      0.7240844002589638
      0.7247784664307605
      0.7254699205296448
      0.7261586062381474
      0.7268443713831443
      0.7275270679078927
      0.7282065518191484
      0.7288826831139302
      0.7295553256904757
       0.730224347253517
      0.7308896192222418
      0.7315510166530118
      0.7322084181840582
      0.7328617060099166
      0.7335107658872154
      0.7341554871710403
      0.7347957628729646
      0.7354314897295341
      0.7360625682622666
      0.7366889028091871
      0.7373104015040078
      0.7379269761778341
      0.7385385421634818
      0.7391450179812319
