                       0
   2.785302167939686e-05
   0.0001115823510571697
   0.0002514998771943671
   0.0004477880911045337
    0.000700505252546656
    0.001009593459224558
    0.001374889214490655
    0.001796135978508326
    0.002272998109208927
    0.002805075555213444
    0.003391918655367946
    0.004033042428544102
    0.004727939800386565
    0.005476093305986788
    0.006276984922285601
    0.007130103813091721
    0.008034951903776129
    0.008991047332595724
    0.009997925942412313
     0.01105514107279369
     0.01216226198251216
     0.01331887127303129
     0.01452456169399062
     0.01577893269375965
     0.01708158703586656
     0.01843212774126761
      0.0198301555438741
     0.02127526696974062
     0.02276705307580243
     0.02430509881806893
      0.0258889829663825
     0.02751827844621306
     0.02919255296861548
     0.03091136980687404
     0.03267428859040275
     0.03448086600994318
     0.03633065635904655
     0.03822321187104868
     0.04015808284420211
     0.04213481757686841
     0.04415296215707214
     0.04621206016469621
     0.04831165234964741
     0.05045127634597088
     0.05263046647151364
     0.05484875364734559
     0.05710566545308117
     0.05940072631591533
     0.06173345781476895
     0.06410337906816849
     0.06651000716652494
     0.06895285760678993
     0.07143144468990029
     0.07394528184820656
     0.07649388188004022
     0.07907675708026077
     0.08169341926751592
     0.08434337971964861
     0.08702614903705423
      0.0897412369590702
     0.09248815216034628
     0.09526640205269461
     0.09807549261366662
      0.1009149282568078
      0.1037842117511934
      0.1066828441904098
      0.1096103250045962
       0.112566152004177
      0.1155498214410102
      0.1185608280720164
      0.1215986652118112
      0.1246628247640547
      0.1277527972256162
      0.1308680716625027
      0.1340081356611724
        0.13717247526273
      0.1403605748900631
      0.1435719172790501
      0.1468059834243974
      0.1500622525487012
        0.15334020210022
      0.1566393077811419
       0.159959043604261
      0.1632988819725003
       0.166658293773056
      0.1700367484763624
      0.1734337142297595
      0.1768486579366599
      0.1802810453139907
      0.1837303409233797
        0.18719600817471
      0.1906775093036906
      0.1941743053277978
      0.1976858559869289
      0.2012116196761323
      0.2047510533779115
      0.2083036126007693
      0.2118687513290714
      0.2154459219872742
       0.219034575419285
      0.2226341608816202
       0.226244126047275
       0.229863917016075
      0.2334929783268787
       0.237130752967272
      0.2407766823773419
      0.2444302064455385
      0.2480907634962734
      0.2517577902705802
      0.2554307219026047
       0.259108991895685
      0.2627920321022782
      0.2664792727118286
       0.270170142249989
      0.2738640675914502
      0.2775604739871725
      0.2812587851052984
      0.2849584230835845
      0.2886588085900545
      0.2923593608879157
      0.2960594979005418
      0.2997586362727402
      0.3034561914252372
      0.3071515776005419
      0.3108442078996115
       0.314533494310135
      0.3182188477284094
      0.3218996779776879
      0.3255753938263588
      0.3292454030093747
      0.3329091122559847
      0.3365659273260896
      0.3402152530566173
      0.3438564934182249
      0.3474890515816685
      0.3511123299923397
      0.3547257304509496
      0.3583286541981283
      0.3619205020008924
      0.3655006742393859
      0.3690685709930327
      0.3726235921260513
      0.3761651373731204
      0.3796926064267264
      0.3832053990281865
      0.3867029150645683
      0.3901845546736587
      0.3936497183586735
      0.3970978071138388
      0.4005282225611339
      0.4039403670976963
      0.4073336440525888
      0.4107074578510856
      0.4140612141841791
      0.4173943201810654
      0.4207061845824666
      0.4239962179131452
      0.4272638326526753
      0.4305084434041796
      0.4337294670615974
      0.4369263229766214
      0.4400984331269588
      0.4432452222878034
      0.4463661182083844
      0.4494605517951977
       0.452527957303087
      0.4555677725347372
      0.4585794390484865
      0.4615624023738314
      0.4645161122334212
       0.467440022770139
      0.4703335927777077
      0.4731962859334095
      0.4760275710318488
       0.478826922219113
      0.4815938192272262
      0.4843277476093135
       0.487028198976324
      0.4896946712364542
      0.4923266688385193
      0.4949237030204101
      0.4974852920635259
      0.5000109615535937
      0.5025002446478184
      0.5049526823477192
      0.5073678237765485
      0.5097452264598255
      0.5120844566072658
       0.514385089394429
      0.5166467092425271
      0.5188689100952236
       0.521051295691652
      0.5231934798354256
      0.5252950866599232
      0.5273557508905147
      0.5293751181046985
      0.5313528449912909
      0.5332885996096697
      0.5351820616499435
      0.5370329226945127
      0.5388408864810745
      0.5406056691666835
      0.5423269995920218
      0.5440046195447759
      0.5456382840207723
      0.5472277614815303
       0.548772834107035
      0.5502732980427562
      0.5517289636403414
      0.5531396556917972
      0.5545052136573347
      0.5558254918874558
      0.5571003598399629
      0.5583297022926871
      0.5595134195526802
      0.5606514276622806
      0.5617436586022817
      0.5627900604919039
      0.5637905977849793
      0.5647452514613357
      0.5656540192121918
      0.5665169156181575
      0.5673339723186063
      0.5681052381711713
      0.5688307794006062
      0.5695106797364519
      0.5701450405394994
      0.5707339809173366
      0.5712776378296258
      0.5717761661839411
      0.5722297389230833
      0.5726385471047274
      0.5730027999740104
      0.5733227250294033
       0.573598568081861
      0.5738305933068334
      0.5740190832884517
      0.5741643390549257
      0.5742666801040961
      0.5743264444181149
      0.5743439884663293
      0.5743196871957752
      0.5742539340089109
       0.574147140728687
      0.5739997375512922
       0.573812172987239
      0.5735849137915552
      0.5733184448839526
      0.5730132692596778
       0.572669907891614
       0.572288899623854
      0.5718708010566204
      0.5714161864221797
      0.5709256474509746
      0.5703997932270745
      0.5698392500320064
      0.5692446611760018
      0.5686166868159273
      0.5679560037593993
      0.5672633052549777
      0.5665393007686064
      0.5657847157468475
      0.5650002913677006
      0.5641867842798955
      0.5633449663315881
      0.5624756242892957
       0.561579559547612
       0.560657587830021
       0.559710538880675
      0.5587392561467581
      0.5577445964506836
       0.556727429651243
      0.5556886382926773
      0.5546291172407291
      0.5535497733048701
      0.5524515248461849
      0.5513353013706849
       0.550202043108157
      0.5490527005769802
        0.54788823413553
       0.546709613520973
      0.5455178173761693
      0.5443138327653868
      0.5430986546792225
      0.5418732855289099
       0.540638734629823
      0.5393960176736926
      0.5381461561888491
      0.5368901769876231
      0.5356291116000195
      0.5343639956929216
      0.5330958684742104
      0.5318257720816499
      0.5305547509565411
      0.5292838512026811
       0.528014119931417
      0.5267466045937861
      0.5254823523009321
      0.5242224091339368
      0.5229678194441071
      0.5217196251445426
      0.5204788649935091
      0.5192465738698956
       0.518023782040646
      0.5168115144200028
      0.5156107898201675
      0.5144226201930917
      0.5132480098632467
      0.5120879547514922
      0.5109434415905387
      0.5098154471328935
      0.5087049373525798
      0.5076128666423106
      0.5065401770080433
      0.5054877972629582
       0.504456642223034
      0.5034476119061769
      0.5024615907367814
      0.5014994467572544
      0.5005620308478568
      0.4996501759558749
      0.4987646963350883
      0.4979063867963079
      0.4970760219699037
      0.4962743555813567
      0.4955021197411562
      0.4947600242506556
      0.4940487559258863
       0.493368977941632
      0.4927213291982643
      0.4921064237140473
       0.491524850045554
      0.4909771707387208
      0.4904639218128098
      0.4899856122791608
      0.4895427236962274
      0.4891357097619185
      0.4887649959439304
       0.488430979148393
      0.4881340274270026
      0.4878744797226964
      0.4876526456539847
      0.4874688053381908
      0.4873232092540409
      0.4872160781442446
      0.4871476029589092
      0.4871179448407282
      0.4871272351528538
      0.4871755755502919
      0.4872630380953459
      0.4873896654173322
      0.4875554709163185
      0.4877604390101817
       0.488004525423839
      0.4882876575190913
       0.488609734663253
      0.4889706286345123
      0.4893701840620076
      0.4898082188985524
       0.490284524924245
      0.4907988682792915
      0.4913509900246761
      0.4919406067294901
      0.4925674110838306
      0.4932310725362513
      0.4939312379546045
      0.4946675323089736
      0.4954395593750797
      0.4962469024562352
      0.4970891251216042
      0.4979657719581773
      0.4988763693337073
      0.4998204261677219
      0.5007974347077415
      0.5018068713079915
      0.5028481972081432
      0.5039208593100061
      0.5050242909504099
      0.5061579126689716
      0.5073211329697358
      0.5085133490759755
       0.509733947677562
      0.5109823056703854
      0.5122577908872235
      0.5135597628193496
      0.5148875733278964
      0.5162405673439084
       0.517618083555722
      0.5190194550822724
      0.5204440101309161
      0.5218910726384118
      0.5233599628939315
      0.5248499981432483
      0.5263604931735704
      0.5278907608788606
      0.5294401128057985
      0.5310078596808406
      0.5325933119189787
      0.5341957801149109
      0.5358145755172739
      0.5374490104864814
       0.539098398936482
      0.5407620567605641
      0.5424393022409981
      0.5441294564422234
      0.5458318435870614
      0.5475457914154556
      0.5492706315252974
       0.551005699695042
       0.552750336188071
      0.5545038860390875
      0.5562656993230275
      0.5580351314073737
      0.5598115431888595
      0.5615943013157588
      0.5633827783968965
      0.5651763531985555
      0.5669744108301582
      0.5687763429194757
      0.5705815477778203
      0.5723894305554179
      0.5741994033869731
      0.5760108855272792
      0.5778233034766581
      0.5796360910961218
      0.5814486897121529
      0.5832605482113413
      0.5850711231251861
      0.5868798787057349
      0.5886862869928612
      0.5904898278741328
      0.5922899891382883
      0.5940862665233289
      0.5958781637600469
      0.5976651926116945
      0.5994468729102127
      0.6012227325891546
      0.6029923077132641
      0.6047551425043965
       0.606510789363415
      0.6082588088876191
      0.6099987698833254
      0.6117302493734044
       0.613452832599693
      0.6151661130205259
       0.616869692303793
      0.6185631803161574
      0.6202461951091932
      0.6219183629032865
      0.6235793180700726
      0.6252287031140991
      0.6268661686541924
      0.6284913734048551
      0.6301039841576535
      0.6317036757624755
      0.6332901311082832
      0.6348630411028831
      0.6364221046512685
      0.6379670286320935
      0.6394975278720469
      0.6410133251179519
      0.6425141510067948
      0.6439997440339621
      0.6454698505201767
      0.6469242245777492
      0.6483626280767556
      0.6497848306117471
      0.6511906094694057
      0.6525797495974772
      0.6539520435749534
      0.6553072915834156
      0.6566453013790986
      0.6579658882652126
      0.6592688750638955
      0.6605540920872335
      0.6618213771068567
      0.6630705753217419
      0.6643015393241103
      0.6655141290634561
      0.6667082118090396
      0.6678836621112508
      0.6690403617624008
      0.6701781997575793
      0.6712970722560262
      0.6723968825434944
      0.6734775409958066
       0.674538965043638
      0.6755810791383172
      0.6766038147183002
       0.677607110175787
      0.6785909108229153
      0.6795551688569867
      0.6804998433242549
      0.6814249000819462
      0.6823303117584023
      0.6832160577114286
      0.6840821239851042
      0.6849285032654548
      0.6857551948355304
      0.6865622045303708
      0.6873495446922979
      0.6881172341268569
      0.6888652980595594
      0.6895937680933238
      0.6903026821663716
      0.6909920845101271
      0.6916620256065742
      0.6923125621444891
      0.6929437569739778
      0.6935556790588946
      0.6941484034268161
      0.6947220111165573
      0.6952765891232863
      0.6958122303415998
      0.6963290335069865
      0.6968271031362222
      0.6973065494672406
       0.697767488398901
      0.6982100414310251
      0.6986343356047796
      0.6990405034433952
       0.699428682892888
      0.6997990172624229
      0.7001516551637338
      0.7004867504490506
      0.7008044621470069
       0.701104954396131
      0.7013883963756267
      0.7016549622334473
      0.7019048310117834
      0.7021381865702754
      0.7023552175074526
      0.7025561170808623
      0.7027410831264487
      0.7029103179775411
      0.7030640283837993
      0.7032024254301371
      0.7033257244555771
      0.7034341449717008
       0.703527910580258
      0.7036072488894373
      0.7036723914282241
      0.7037235735583761
      0.7037610343836802
      0.7037850166562896
      0.7037957666801924
      0.7037935342120608
      0.7037785723598182
      0.7037511374795467
      0.7037114890711967
      0.7036598896737318
      0.7035966047600958
      0.7035219026322901
       0.703436054316666
       0.703339333459296
      0.7032320162211101
      0.7031143811723368
      0.7029867091857437
      0.7028492833280782
      0.7027023887493098
       0.702546312569267
      0.7023813437615707
      0.7022077730349104
      0.7020258927118928
      0.7018359966059206
        0.70163837989662
      0.7014333390043908
      0.7012211714646135
      0.7010021758019541
      0.7007766514050046
      0.7005448984013694
      0.7003072175330064
      0.7000639100315718
      0.6998152774932825
      0.6995616217528271
      0.6993032447558145
      0.6990404484293771
      0.6987735345506886
      0.6985028046133251
      0.6982285596916525
      0.6979511003035876
      0.6976707262722504
      0.6973877365871066
      0.6971024292652578
      0.6968151012133978
      0.6965260480909224
      0.6962355641744081
      0.6959439422235331
      0.6956514733482317
      0.6953584468767738
      0.6950651502242541
      0.6947718687610062
      0.6944788856803925
      0.6941864818656049
       0.693894935755226
      0.6936045232075382
      0.6933155173637516
      0.6930281885105701
      0.6927428039426198
      0.6924596278253943
      0.6921789210593444
      0.6919009411457281
      0.6916259420546321
       0.691354174095432
      0.6910858837897573
       0.690821313746767
       0.690560702540461
      0.6903042845885479
       0.690052290032425
      0.6898049446178462
      0.6895624695759645
      0.6893250815046638
      0.6890929922501975
      0.6888664087895378
      0.6886455331138406
      0.6884305621137322
      0.6882216874670797
      0.6880190955299407
      0.6878229672312905
      0.6876334779719337
      0.6874507975278422
      0.6872750899578524
      0.6871065135155665
      0.6869452205649998
      0.6867913574994966
      0.6866450646634009
      0.6865064762759837
      0.6863757203573442
      0.6862529186561203
       0.686138186579121
      0.6860316331231814
      0.6859333608097634
      0.6858434656229468
      0.6857620369514928
      0.6856891575357011
      0.6856249034195706
      0.6855693439087134
      0.6855225415341626
      0.6854845520220776
      0.6854554242690241
      0.6854352003224793
      0.6854239153660279
      0.6854215977087378
      0.6854282687783064
      0.6854439431176563
      0.6854686283849366
      0.6855023253570441
      0.6855450279370093
      0.6855967231658112
      0.6856573912392148
       0.685727005530321
      0.6858055326184012
      0.6858929323245361
      0.6859891577542283
      0.6860941553470868
      0.6862078649333277
       0.686330219796637
      0.6864611467428351
      0.6866005661736327
      0.6867483921648327
      0.6869045325484018
      0.6870688889979983
      0.6872413571177868
      0.6874218265345684
      0.6876101809934965
      0.6878062984578378
      0.6880100512132956
      0.6882213059774895
      0.6884399240150445
      0.6886657612587042
      0.6888986684364895
      0.6891384912049184
      0.6893850702878513
      0.6896382416204377
      0.6898978364974668
      0.6901636817253791
      0.6904355997771738
      0.6907134089496134
      0.6909969235222806
      0.6912859539182516
      0.6915803068664454
      0.6918797855657962
      0.6921841898517097
      0.6924933163651915
       0.692806958725154
       0.693124907704218
      0.6934469514081788
      0.6937728754591042
      0.6941024631817505
      0.6944354957927069
      0.6947717525915863
      0.6951110111532968
      0.6954530475205449
      0.6957976363956537
      0.6961445513309968
      0.6964935649175162
      0.6968444489710398
      0.6971969747163997
      0.6975509129695228
      0.6979060343178763
      0.6982621092997069
      0.6986189085824754
      0.6989762031408754
      0.6993337644345009
      0.6996913645851615
      0.7000487765534446
      0.7004057743140222
      0.7007621330288984
      0.7011176292178007
      0.7014720409247774
      0.7018251478802932
      0.7021767316581048
      0.7025265758265693
      0.7028744660942313
      0.7032201904497815
      0.7035635392966955
      0.7039043055830846
      0.7042422849272306
      0.7045772757393737
      0.7049090793400663
       0.705237500075361
       0.705562345428698
      0.7058834261292516
      0.7062005562561484
      0.7065135533378807
       0.706822238446146
       0.707126436283299
      0.7074259752627741
       0.707720687582005
      0.7080104092876324
      0.7082949803330674
      0.7085742446287617
      0.7088480500857087
      0.7091162486529872
      0.7093786963500549
      0.7096352532945531
      0.7098857837262608
      0.7101301560275544
      0.7103682427405575
      0.7105999205808521
      0.7108250704474418
      0.7110435774284657
      0.7112553308021068
      0.7114602240321515
      0.7116581547578188
      0.7118490247776437
      0.7120327400274963
      0.7122092105530697
      0.7123783504775058
      0.7125400779649529
       0.712694315181044
      0.7128409882512809
      0.7129800272182676
      0.7131113659985164
      0.7132349423393651
      0.7133506977762438
      0.7134585775902298
      0.7135585307656495
      0.7136505099472926
      0.7137344713967282
      0.7138103749472846
      0.7138781839573894
      0.7139378652621758
      0.7139893891235604
       0.714032729179314
      0.7140678623917924
      0.7140947689974029
      0.7141134324577999
      0.7141238394138656
      0.7141259796434585
      0.7141198460237215
      0.7141054344982909
      0.7140827440496863
      0.7140517766767178
      0.7140125373764354
      0.7139650341301491
      0.7139092778928251
      0.7138452825852915
      0.7137730650887982
      0.7136926452417416
      0.7136040458386022
      0.7135072926315229
       0.713402414335006
      0.7132894426346746
      0.7131684122008867
      0.7130393607080244
      0.7129023288601882
      0.7127573604236798
      0.7126045022664239
       0.712443804404065
      0.7122753200522307
      0.7120991056840983
      0.7119152210923453
      0.7117237294543997
       0.711524697400073
      0.7113181950807551
      0.7111042962396983
      0.7108830782831471
      0.7106546223524278
      0.7104190133973911
      0.7101763402516836
      0.7099266957105143
      0.7096701766114515
      0.7094068839186138
      0.7091369228103098
      0.7088604027699621
      0.7085774376795859
      0.7082881459149801
      0.7079926504413468
      0.7076910789080422
       0.707383563741029
      0.7070702422318068
      0.7067512566217558
      0.7064267541811885
      0.7060968872826899
      0.7057618134687563
      0.7054216955139668
      0.7050767014821514
      0.7047270047790427
      0.7043727842008867
      0.7040142239792633
      0.7036515138220513
      0.7032848489501601
        0.70291443012925
      0.7025404636953734
       0.702163161573209
      0.7017827412854337
      0.7013994259518788
      0.7010134442771988
      0.7006250305261752
      0.7002344244860412
      0.6998418714157605
       0.699447621982459
      0.6990519321856349
      0.6986550632699279
      0.6982572816272947
      0.6978588586893785
      0.6974600708106332
      0.6970611991424186
      0.6966625294979377
      0.6962643522074592
      0.6958669619630027
      0.6954706576513868
       0.695075742174476
       0.694682522255566
      0.6942913082310757
      0.6939024138270314
       0.693516155920354
      0.6931328542853522
      0.6927528313263286
      0.6923764117975221
      0.6920039225118375
      0.6916356920398601
      0.6912720504005601
      0.6909133287447899
      0.6905598590323612
      0.6902119737030163
      0.6898700053412327
      0.6895342863344207
      0.6892051485239137
      0.6888829228479937
       0.688567938976456
      0.6882605249363706
      0.6879610067291997
       0.687669707939907
        0.68738694933919
      0.6871130484804685
      0.6868483192935561
      0.6865930716771778
       0.686347611092452
      0.6861122381592818
      0.6858872482572446
      0.6856729311320856
      0.6854695705084358
      0.6852774437088298
      0.6850968212787599
      0.6849279666171951
      0.6847711356119696
      0.6846265762795635
      0.6844945284091464
      0.6843752232111674
      0.6842688829713524
       0.684175720711503
      0.6840959398589556
      0.6840297339268521
      0.6839772862075451
      0.6839387694813545
       0.683914345742595
      0.6839041659442808
       0.683908369762401
      0.6839270853799668
      0.6839604292904506
      0.6840085061197824
        0.68407140846579
      0.6841492167538862
      0.6842419991079928
      0.6843498112360471
      0.6844726963299548
      0.6846106849804583
      0.6847637951079381
      0.6849320319106876
      0.6851153878324315
      0.6853138425509803
      0.6855273629897305
      0.6857559033532561
      0.6859994051876758
      0.6862577974657488
      0.6865309966958705
      0.6868189070535357
      0.6871214205332247
      0.6874384171185094
       0.687769764968038
      0.6881153206153942
      0.6884749291813028
      0.6888484245972625
      0.6892356298404536
      0.6896363571804437
      0.6900504084387568
      0.6904775752627411
      0.6909176394151842
      0.6913703730809218
      0.6918355391911969
      0.6923128917657556
      0.6928021762719164
       0.693303129998928
      0.6938154824452684
      0.6943389557159745
      0.6948732649268845
      0.6954181186127288
      0.6959732191364767
      0.6965382630979369
      0.6971129417405431
      0.6976969413561264
      0.6982899436883696
       0.698891626336264
      0.6995016631593495
      0.7001197246864853
      0.7007454785296806
      0.7013785898037933
       0.702018721552063
      0.7026655351764579
       0.703318690870765
      0.7039778480535684
      0.7046426657976785
       0.705312803252327
      0.7059879200547812
      0.7066676767284616
       0.707351735065767
      0.7080397584948172
      0.7087314124305735
      0.7094263646119714
      0.7101242854274068
      0.7108248482315551
       0.711527729656345
      0.7122326099186447
      0.7129391731261807
      0.7136471075821084
      0.7143561060873314
      0.7150658662382705
      0.7157760907167984
       0.716486487568248
      0.7171967704632615
      0.7179066589395481
      0.7186158786205663
        0.71932416140936
      0.7200312456575468
      0.7207368763109934
      0.7214408050353535
      0.7221427903257961
      0.7228425976057902
      0.7235399993199191
      0.7242347750248097
      0.7249267114810141
      0.7256156027467576
      0.7263012502724746
      0.7269834629928678
      0.7276620574116027
      0.7283368576724949
      0.7290076956107217
      0.7296744107780537
      0.7303368504376012
      0.7309948695257034
      0.7316483305814752
      0.7322971036473304
      0.7329410661469479
      0.7335801027491917
      0.7342141052281107
      0.7348429723292385
      0.7354666096513741
      0.7360849295504385
      0.7366978510682789
      0.7373052998845562
      0.7379072082846179
      0.7385035151308744
      0.7390941658206081
      0.7396791122091548
      0.7402583124753488
      0.7408317309057331
       0.741399337575401
      0.7419611079071523
