                       0
   4.996626666666705e-05
   0.0001997269431944675
   0.0004490676792424516
   0.0007977646047684963
    0.001245584371408721
    0.001792284194712856
    0.002437611897223657
    0.003181305952386689
     0.00402309552927523
    0.004962700538113395
     0.00599983167657888
    0.007134190476866043
    0.008365469353487422
    0.009693351651791776
     0.01111751169717492
     0.01263761484495775
      0.0142533175309063
     0.01596426732236634
     0.01777010296998417
     0.01967045445998515
     0.02166494306697811
     0.02375318140725848
     0.02593477349257345
     0.02820931478432106
     0.03057639224814823
     0.03303558440891444
     0.03558646140598672
      0.0382285850488321
     0.04096150887287377
      0.0437847781955727
     0.04669793017270386
       0.049700493854787
     0.05279199024364258
     0.05597193234903067
     0.05923982524534328
     0.06259516612831102
     0.06603744437169193
     0.06956614158390362
      0.0731807316645714
      0.0768806808609476
     0.08066544782417963
     0.08453448366538574
     0.08848723201151121
     0.09252312906092872
     0.09664160363875263
      0.1008420772518441
      0.1051239641434649
      0.1094866713475625
      0.1139295987426519
      0.1184521391052737
      0.1230536781629935
      0.1277335946469276
       0.132491260343767
      0.1373260401472758
      0.1422372921092416
      0.1472243674898646
      0.1522866108075589
      0.1574233598881571
      0.1626339459134868
      0.1679176934693212
      0.1732739205926854
      0.1787019388185004
      0.1842010532255597
      0.1897705624818391
      0.1954097588891084
      0.2011179284268743
      0.2068943507956173
      0.2127382994593411
      0.2186490416874367
      0.2246258385958427
      0.2306679451875239
      0.2367746103922745
      0.2429450771058274
      0.2491785822283182
      0.2554743567020747
      0.2618316255487688
      0.2682496079059506
      0.2747275170629401
      0.2812645604961584
      0.2878599399038568
      0.2945128512403137
      0.3012224847494769
       0.307988024998133
      0.3148086509085734
      0.3216835357908248
        0.32861184737447
      0.3355927478400673
      0.3426253938502353
      0.3497089365804141
      0.3568425217493578
       0.364025289649387
      0.3712563751764457
      0.3785349078600101
      0.3858600118928905
      0.3932308061609711
       0.400646404272949
      0.4081059145900923
      0.4156084402561184
      0.4231530792271933
      0.4307389243021429
      0.4383650631529188
      0.4460305783553791
      0.4537345474204475
      0.4614760428256927
      0.4692541320474279
      0.4770678775933482
      0.4849163370357953
      0.4927985630457337
      0.5007136034274442
      0.5086605011540877
      0.5166382944041238
      0.5246460165987153
      0.5326826964401578
      0.5407473579514143
       0.548839020516846
      0.5569566989241704
      0.5650994034077587
      0.5732661396933312
      0.5814559090441229
      0.5896677083086054
      0.5979005299698172
      0.6061533621964018
      0.6144251888954267
       0.622714989767022
      0.6310217403609834
      0.6393444121353326
      0.6476819725169745
       0.656033384964506
      0.6643976090332177
      0.6727736004424284
      0.6811603111451782
       0.689556689400348
      0.6979616798473152
      0.7063742235831783
      0.7147932582426623
      0.7232177180807101
      0.7316465340578998
      0.7400786339287139
       0.748512942332716
      0.7569483808887233
      0.7653838682920218
       0.773818320414712
      0.7822506504091629
       0.790679768814753
      0.7991045836678399
      0.8075240006150639
      0.8159369230300507
      0.8243422521335084
      0.8327388871168033
      0.8411257252690331
      0.8495016621076622
      0.8578655915127313
      0.8662164058646799
      0.8745529961858025
      0.8828742522853956
      0.8911790629085773
      0.8994663158888091
      0.9077348983041729
      0.9159836966373628
       0.924211596939424
      0.9324174849972408
      0.9406002465047772
      0.9487587672380762
      0.9568919332339924
      0.9649986309726262
      0.9730777475635299
      0.9811281709355452
      0.9891487900303436
      0.9971384949996009
       1.005096177405798
       1.013020730426505
        1.02091104906232
       1.028766030348155
       1.036584573568023
       1.044365580473183
       1.052107955503554
        1.05981060601238
       1.067472442494065
       1.075092378815099
       1.082669332447979
       1.090202224708032
       1.097689980993122
       1.105131531026026
       1.112525809099457
       1.119871754323618
       1.127168310876191
       1.134414428254576
       1.141609061530313
       1.148751171605587
       1.155839725471612
       1.162873696468813
       1.169852064548658
       1.176773816536975
       1.183637946398656
       1.190443455503499
       1.197189352893173
       1.203874655549002
       1.210498388660534
       1.217059585894621
       1.223557289664911
       1.229990551401551
        1.23635843182093
       1.242660001195254
       1.248894339621865
       1.255060537291947
       1.261157694758649
       1.267184923204217
        1.27314134470613
       1.279026092501895
       1.284838311252445
       1.290577157303781
       1.296241798946837
       1.301831416675248
       1.307345203440836
       1.312782364906672
       1.318142119697467
       1.323423699647102
       1.328626350043089
       1.333749329867801
       1.338791912036206
       1.343753383629996
        1.34863304612783
       1.353430215631525
       1.358144223088055
       1.362774414507071
       1.367320151173849
       1.371780809857424
       1.376155783013727
       1.380444478983577
       1.384646322185357
       1.388760753302144
       1.392787229463175
       1.396725224419554
       1.400574228713835
       1.404333749843576
       1.408003312418533
       1.411582458311422
       1.415070746802127
       1.418467754715196
        1.42177307655045
       1.424986324606706
       1.428107129098367
       1.431135138264861
       1.434070018472803
       1.436911454310737
       1.439659148676461
       1.442312822856771
       1.444872216599609
       1.447337088178509
       1.449707214449276
        1.45198239089894
        1.45416243168679
       1.456247169677573
       1.458236456466754
        1.46013016239789
       1.461928176572048
       1.463630406849235
       1.465236779841945
       1.466747240900727
       1.468161754091841
        1.46948030216705
       1.470702886525492
        1.47182952716784
       1.472860262642582
       1.473795149984645
       1.474634264646385
       1.475377700420972
       1.476025569358312
       1.476578001673491
       1.477035145647997
       1.477397167523643
       1.477664251389398
       1.477836599061268
       1.477914429955175
       1.477897980953219
       1.477787506263212
       1.477583277271729
       1.477285582390884
       1.476894726898813
       1.476411032774148
       1.475834838524613
       1.475166499009859
       1.474406385258746
       1.473554884281266
       1.472612398875171
       1.471579347427655
       1.470456163712082
       1.469243296680117
       1.467941210249306
       1.466550383086402
       1.465071308386545
       1.463504493648544
       1.461850460446425
       1.460109744197492
       1.458282893926987
       1.456370472029705
        1.45437305402863
       1.452291228330844
       1.450125595980907
       1.447876770411948
       1.445545377194547
       1.443132053783771
       1.440637449264385
         1.4380622240946
       1.435407049848437
       1.432672608956925
       1.429859594448354
       1.426968709687741
       1.424000668115733
       1.420956192987044
       1.417836017108732
       1.414640882578371
        1.41137154052239
       1.408028750834703
       1.404613281915785
       1.401125910412374
        1.39756742095801
       1.393938605914474
       1.390240265114372
       1.386473205604926
       1.382638241393159
       1.378736193192688
       1.374767888172077
       1.370734159705064
       1.366635847122681
       1.362473795467449
       1.358248855249686
        1.35396188220615
       1.349613737061021
       1.345205285289383
       1.340737396883307
       1.336210946120549
       1.331626811336087
       1.326985874696455
        1.32228902197702
        1.31753714234223
        1.31273112812895
       1.307871874632915
       1.302960279898364
       1.297997244510919
       1.292983671393728
        1.28792046560696
       1.282808534150631
       1.277648785770903
       1.272442130769715
       1.267189480817974
       1.261891748772134
        1.25654984849433
       1.251164694676033
       1.245737202665159
       1.240268288296763
       1.234758867727255
       1.229209857272121
       1.223622173247167
       1.217996731813273
       1.212334448824665
       1.206636239680636
       1.200903019180736
       1.195135701383435
       1.189335199468153
       1.183502425600704
       1.177638290802088
       1.171743704820586
       1.165819576007195
       1.159866811194231
       1.153886315577241
       1.147878992599961
       1.141845743842521
       1.135787468912617
       1.129705065339793
       1.123599428472654
       1.117471451379008
       1.111322024748898
       1.105152036800433
       1.098962373188409
       1.092753916915621
       1.086527548246823
       1.080284144625271
       1.074024580591824
       1.067749727706496
       1.061460454472436
       1.055157626262257
       1.048842105246652
       1.042514750325273
       1.036176417059721
       1.029827957608696
       1.023470220665196
       1.017104051395668
       1.010730291381102
           1.00434977856
       0.997963347173124
      0.9915718277100434
      0.9851760468572555
      0.9787768274480575
      0.9723749884138799
      0.9659713447371872
      0.9595667074057725
      0.9531618833685132
      0.9467576754923979
      0.9403548825208541
      0.9339542990333107
      0.9275567154058966
      0.9211629177733118
      0.9147736879916917
      0.9083898036025568
      0.9020120377976396
      0.8956411593847248
      0.8892779327542814
      0.8829231178469054
       0.876577470121609
      0.8702417405247381
      0.8639166754596732
      0.8576030167570795
      0.8513015016458112
       0.845012862724366
      0.8387378279328466
      0.8324771205254136
      0.8262314590432048
      0.8200015572876155
      0.8137881242940305
       0.807591864305826
      0.8014134767487467
      0.7952536562055339
       0.789113092390814
      0.7829924701262226
      0.7768924693157274
      0.7708137649211152
      0.7647570269376504
      0.7587229203698448
      0.7527121052073431
      0.7467252364009015
      0.7407629638384187
      0.7348259323210385
      0.7289147815392785
      0.7230301460491465
      0.7171726552483243
      0.7113429333522876
      0.7055415993704253
      0.6997692670821262
      0.6940265450128182
      0.6883140364099511
      0.6826323392189263
      0.6769820460589567
      0.6713637441988513
      0.6657780155327155
      0.6602254365555832
      0.6547065783389402
       0.649222006506188
      0.6437722812079851
      0.6383579570975334
       0.632979583305747
      0.6276377034163548
       0.622332855440891
      0.6170655717936508
      0.6118363792665082
      0.6066457990036943
      0.6014943464765178
       0.596382531457985
       0.591310857997395
       0.586279824394852
      0.5812899231757724
      0.5763416410653314
      0.5714354589628999
      0.5665718519164548
      0.5617512890969917
      0.5569742337729252
      0.5522411432845443
       0.547552469018452
       0.542908656382073
       0.538310144778204
       0.533757367579629
      0.5292507521038181
      0.5247907195877065
       0.520377685162594
      0.5160120578291508
      0.5116942404325542
      0.5074246296377921
      0.5032036159050975
      0.4990315834655953
      0.4949089102971239
      0.4908359681002551
      0.4868131222745548
      0.4828407318950757
      0.4789191496891121
      0.4750487220132057
      0.4712297888304668
      0.4674626836881677
      0.4637477336956832
      0.4600852595027412
      0.4564755752780415
      0.4529189886882254
       0.449415800877231
      0.4459663064460511
       0.442570793432898
      0.4392295432937855
       0.435942830883574
        0.43271092443746
       0.429534085552928
      0.4264125691722105
      0.4233466235652317
       0.420336490313088
      0.4173824042920246
      0.4144845936579798
      0.4116432798316813
      0.4088586774843135
      0.4061309945237456
       0.403460432081397
      0.4008471844996604
      0.3982914393199752
      0.3957933772715167
      0.3933531722605311
      0.3909709913603149
      0.3886469948018629
       0.386381335965179
      0.3841741613712718
      0.3820256106748425
      0.3799358166576637
      0.3779049052226715
      0.3759329953887666
       0.374020199286333
      0.3721666221535002
      0.3703723623331203
      0.3686375112705026
      0.3669621535118782
      0.3653463667036222
      0.3637902215922424
      0.3622937820250992
      0.3608571049519179
      0.3594802404270389
       0.358163231612457
      0.3569061147816226
      0.3557089193240096
      0.3545716677504692
      0.3534943756993348
      0.3524770519433347
      0.3515196983972382
      0.3506223101263093
      0.3497848753555169
      0.3490073754795075
      0.3482897850733603
      0.3476320719041077
       0.347034196942998
      0.3464961143785422
      0.3460177716303051
      0.3455991093634386
      0.3452400615039806
      0.3449405552548727
      0.3447005111127348
      0.3445198428853614
      0.3443984577099305
       0.344336256071951
      0.3443331318249135
      0.3443889722106301
      0.3445036578803008
      0.3446770629162355
      0.3449090548542869
      0.3451994947069351
      0.3455482369870387
      0.3459551297322521
      0.3464200145300741
       0.346942726543545
      0.3475230945375659
       0.348160940905823
      0.3488560816983428
      0.3496083266496247
      0.3504174792073675
      0.3512833365617773
      0.3522056896754362
      0.3531843233137217
      0.3542190160757846
      0.3553095404260488
       0.356455662726247
      0.3576571432679553
      0.3589137363056403
      0.3602251900901947
      0.3615912469029531
      0.3630116430901735
      0.3644861090979796
      0.3660143695077558
      0.3675961430719678
      0.3692311427504215
      0.3709190757469332
      0.3726596435463984
      0.3744525419522713
      0.3762974611244165
      0.3781940856173386
      0.3801420944187859
      0.3821411609886963
      0.3841909532985042
      0.3862911338707729
      0.3884413598191562
      0.3906412828886942
      0.3928905494964002
      0.3951888007721562
       0.397535672599905
      0.3999307956591365
      0.4023737954666273
      0.4048642924184863
      0.4074019018324331
       0.409986233990356
      0.4126168941811162
      0.4152934827435902
      0.4180155951099706
      0.4207828218492774
      0.4235947487111297
      0.4264509566697187
      0.4293510219680161
      0.4322945161621889
      0.4352810061662515
      0.4383100542968995
      0.4413812183185815
      0.4444940514887567
      0.4476481026033595
      0.4508429160424889
      0.4540780318162715
      0.4573529856109479
      0.4606673088351521
      0.4640205286663911
      0.4674121680977373
      0.4708417459847209
      0.4743087770924264
      0.4778127721427983
      0.4813532378621496
      0.4849296770289105
      0.4885415885215547
      0.4921884673667765
      0.4958698047878736
      0.4995850882533717
      0.5033338015258604
      0.5071154247110956
      0.5109294343073265
      0.5147753032548854
      0.5186525009860075
      0.5225604934749493
      0.5264987432883598
       0.530466709635936
      0.5344638484213522
      0.5384896122934988
      0.5425434506980347
      0.5466248099292276
      0.5507331331821261
       0.554867860605073
        0.55902842935256
       0.563214273638429
      0.5674248247894427
      0.5716595112992195
      0.5759177588825769
      0.5801989905302457
      0.5845026265640165
      0.5888280846923135
      0.5931747800661703
      0.5975421253356882
      0.6019295307069445
      0.6063364039993768
      0.6107621507036468
      0.6152061740400204
       0.619667875017253
      0.6241466524920085
      0.6286419032288081
      0.6331530219605686
      0.6376794014496776
      0.6422204325496768
      0.6467755042675098
      0.6513440038264501
      0.6559253167295822
      0.6605188268239723
      0.6651239163654843
      0.6697399660842726
      0.6743663552509376
      0.6790024617434159
      0.6836476621145506
      0.6883013316604067
      0.6929628444893349
       0.697631573591765
      0.7023068909107859
      0.7069881674135046
      0.7116747731631776
       0.716366077392165
      0.7210614485756979
      0.7257602545064603
      0.7304618623700116
      0.7351656388210689
      0.7398709500606236
      0.7445771619139383
      0.7492836399094274
      0.7539897493583936
      0.7586948554356807
      0.7633983232611972
       0.768099517982356
      0.7727978048574314
      0.7774925493398046
      0.7821831171631257
      0.7868688744273989
      0.7915491876859817
      0.7962234240335039
      0.8008909511946761
      0.8055511376140428
      0.8102033525466316
      0.8148469661495124
      0.8194813495742405
      0.8241058750602073
      0.8287199160288808
      0.8333228471789002
      0.8379140445820729
       0.842492885780178
      0.8470587498826472
      0.8516110176650606
      0.8561490716684348
      0.8606722962993291
      0.8651800779306936
      0.8696718050034857
       0.874146868129005
      0.8786046601919402
      0.8830445764540671
      0.8874660146586195
      0.8918683751352782
      0.8962510609057341
      0.9006134777898226
      0.9049550345121677
        0.90927514280932
      0.9135732175373313
       0.917848676779774
      0.9221009419560774
      0.9263294379302419
      0.9305335931197781
      0.9347128396049454
      0.9388666132381138
      0.9429943537533187
      0.9470955048758707
      0.9511695144320047
      0.9552158344585109
      0.9592339213123062
      0.9632232357798551
      0.9671832431864149
      0.9711134135050512
      0.9750132214652858
      0.9788821466614641
      0.9827196736606072
      0.9865252921098397
      0.9902984968432209
      0.9940387879879484
      0.9977456710698844
       1.001418657118327
       1.005057262769964
       1.008661010371882
       1.012229428083701
        1.01576204997857
       1.019258416143169
       1.022718072776458
       1.026140572287221
       1.029525473390311
       1.032872341201495
       1.036180747330875
       1.039450269974772
       1.042680494006054
       1.045871011062786
       1.049021419635188
       1.052131325150815
        1.05520034005784
       1.058228083906507
       1.061214183428559
        1.06415827261463
       1.067059992789571
       1.069918992685587
       1.072734928513243
       1.075507464030086
       1.078236270607084
       1.080921027292606
       1.083561420874049
       1.086157145936951
       1.088707904921673
        1.09121340817747
       1.093673374014024
       1.096087528750363
       1.098455606761085
       1.100777350519944
       1.103052510640718
       1.105280845915328
       1.107462123349179
       1.109596118193797
       1.111682613976589
       1.113721402527843
       1.115712284004907
       1.117655066913534
       1.119549568126413
       1.121395612898862
       1.123193034881698
       1.124941676131332
       1.126641387116989
       1.128292026725175
       1.129893462261365
       1.131445569448895
       1.132948232425191
       1.134401343735156
        1.13580480432201
       1.137158523515377
       1.138462419016763
       1.139716416882465
       1.140920451503946
        1.14207446558565
       1.143178410120389
       1.144232244362315
       1.145235935797501
       1.146189460112257
       1.147092801159113
       1.147945950920628
       1.148748909471096
       1.149501684936072
       1.150204293449919
        1.15085675911139
       1.151459113937258
       1.152011397814175
       1.152513658448686
        1.15296595131555
       1.153368339604437
       1.153720894165021
       1.154023693450608
       1.154276823460263
       1.154480377679621
       1.154634457020363
       1.154739169758464
       1.154794631471332
       1.154800964973747
       1.154758300252859
       1.154666774402211
       1.154526531554833
        1.15433772281552
        1.15410050619235
       1.153815046527511
       1.153481515427438
       1.153100091192398
       1.152670958745544
       1.152194309561518
       1.151670341594596
       1.151099259206511
        1.15048127309395
       1.149816600215804
       1.149105463720195
       1.148348092871339
       1.147544722976279
       1.146695595311575
       1.145800957049892
        1.14486106118661
       1.143876166466431
       1.142846537310089
       1.141772443741085
       1.140654161312577
       1.139491971034378
       1.138286159300083
       1.137037017814419
       1.135744843520757
        1.13440993852884
       1.133032610042677
       1.131613170288752
       1.130151936444406
       1.128649230566423
       1.127105379519969
        1.12552071490768
       1.123895572999013
       1.122230294659843
       1.120525225282295
       1.118780714714783
       1.116997117192285
       1.115174791266827
       1.113314099738133
       1.111415409584466
       1.109479091893661
       1.107505521794294
       1.105495078386983
       1.103448144675843
       1.101365107499952
       1.099246357465043
       1.097092288875142
       1.094903299664302
       1.092679791328345
       1.090422168856618
       1.088130840663755
        1.08580621852132
       1.083448717489463
       1.081058755848471
       1.078636755030203
       1.076183139549423
       1.073698336934972
       1.071182777660762
       1.068636895076647
       1.066061125339049
       1.063455907341375
        1.06082168264422
       1.058158895405328
       1.055467992309284
       1.052749422496938
       1.050003637494541
       1.047231091142626
       1.044432239524552
        1.04160754089472
       1.038757455606528
       1.035882446039958
       1.032982976528894
       1.030059513288025
       1.027112524339528
       1.024142479439334
        1.02114985000317
       1.018135109032217
       1.015098731038483
       1.012041191969887
        1.00896296913507
       1.005864541127908
        1.00274638775176
      0.9996089899435125
      0.9964528296973516
      0.9932783899883364
      0.9900861546957598
      0.9868766085263827
      0.9836502369374716
      0.9804075260597154
      0.9771489626200534
       0.973875033864406
       0.970586227480396
      0.9672830315199896
      0.9639659343222287
       0.960635424435899
      0.9572919905423853
      0.9539361213785702
      0.9505683056598739
      0.9471890320034935
      0.9437987888518182
      0.9403980643961383
      0.9369873465005798
      0.9335671226263662
      0.9301378797564646
      0.9267001043205503
      0.9232542821204546
      0.9198008982560502
      0.9163404370516017
      0.9128733819827244
      0.9094002156038365
      0.9059214194762448
      0.9024374740969141
      0.8989488588278554
      0.8954560518262609
      0.8919595299753946
      0.8884597688162676
       0.884957242480092
      0.8814524236216199
      0.8779457833533377
      0.8744377911805996
      0.8709289149376263
      0.8674196207245309
      0.8639103728453259
      0.8604016337469111
      0.8568938639591306
      0.8533875220358712
      0.8498830644973043
      0.8463809457731593
      0.8428816181472187
      0.8393855317028814
      0.8358931342699136
      0.8324048713724547
      0.8289211861780722
      0.8254425194481807
      0.8219693094895621
      0.8185019921071334
      0.8150410005579992
      0.8115867655066559
      0.8081397149814842
      0.8047002743324529
      0.8012688661901175
      0.7978459104257788
      0.7944318241129494
       0.791027021490042
      0.7876319139242781
      0.7842469098768555
      0.7808724148692929
      0.7775088314510491
      0.7741565591682771
      0.7708159945338118
      0.7674875309983228
      0.7641715589225953
      0.7608684655509759
      0.7575786349859087
      0.7543024481635932
      0.7510402828306942
      0.7477925135221331
      0.7445595115398854
      0.7413416449328069
      0.7381392784774485
      0.7349527736598487
      0.7317824886582424
        0.72862877832672
      0.7254919941797513
      0.7223724843775963
      0.7192705937125387
      0.7161866635959083
      0.7131210320458571
      0.7100740336759087
      0.7070459996841527
      0.7040372578431109
       0.701048132490237
      0.6980789445190132
      0.6951300113705998
