                       0
    4.99662666668852e-05
   0.0001997269431955141
   0.0004490676792454773
   0.0007977646047718353
    0.001245584371412515
    0.001792284194719646
    0.002437611897235573
    0.003181305952398584
    0.004023095529276649
     0.00496270053811801
    0.005999831676583231
    0.007134190476886799
    0.008365469353521027
    0.009693351651808327
     0.01111751169719611
     0.01263761484500135
     0.01425331753095587
     0.01596426732242544
     0.01777010297000801
     0.01967045446008393
     0.02166494306703633
     0.02375318140733492
     0.02593477349270091
     0.02820931478444792
     0.03057639224823184
     0.03303558440900638
     0.03558646140611019
     0.03822858504884244
     0.04096150887285043
     0.04378477819546204
      0.0466979301726796
     0.04970049385478181
     0.05279199024371403
     0.05597193234918692
       0.059239825245601
     0.06259516612859505
     0.06603744437207766
     0.06956614158410544
     0.07318073166481752
     0.07688068086124111
     0.08066544782469585
     0.08453448366591654
     0.08848723201203421
     0.09252312906183761
     0.09664160363975703
      0.1008420772531535
      0.1051239641452624
      0.1094866713500991
       0.113929598746017
      0.1184521391100661
      0.1230536781696673
      0.1277335946556891
       0.132491260354981
      0.1373260401623081
       0.142237292129213
      0.1472243675159029
      0.1522866108403673
      0.1574233599298795
      0.1626339459664219
      0.1679176935358325
       0.173273920675732
      0.1787019389220214
      0.1842010533535649
      0.1897705626403474
      0.1954097590837118
      0.2011179286653772
      0.2068943510873833
      0.2127382998140925
      0.2186490421179957
       0.224625839117334
      0.2306679458161137
      0.2367746111488677
      0.2429450780130602
      0.2491785833137432
      0.2554743579980447
      0.2618316270904911
      0.2682496097378095
      0.2747275192329649
      0.2812645630608875
      0.2878599429271733
      0.2945128547979819
      0.3012224889259342
        0.30798802989143
      0.3148086566297731
       0.321683542465182
      0.3286118551456322
      0.3355927568705778
      0.3426254043248835
      0.3497089487076669
       0.356842535764413
      0.3640253058178306
      0.3712563937970777
      0.3785349292677954
       0.385860036463998
      0.3932308343158104
      0.4006464364837907
      0.4081059513817424
      0.4156084822160578
      0.4231531270095268
      0.4307389786346466
      0.4383651248435533
      0.4460306483003353
      0.4537346266143518
      0.4614761323665106
       0.469254233151046
      0.4770679916032423
      0.4849164654306407
      0.4927987074578399
      0.5007137656489118
      0.5086606831571501
      0.5166384983540839
      0.5246462448708592
       0.532682951636797
      0.5407476429174032
      0.5488393383651128
      0.5569570530538409
      0.5650997975274803
      0.5732665778455938
      0.5814563956298473
      0.5896682481170756
      0.5979011282064154
      0.6061540245109592
      0.6144259214201501
       0.622715799144584
        0.63102263378826
      0.6393453973977141
      0.6476830580309636
       0.656034579822724
      0.6643989230452164
      0.6727750441835176
      0.6811618960116329
      0.6895584276591201
      0.6979635846941795
      0.7063763091974204
      0.7147955398562154
      0.7232202120350697
      0.7316492578729002
      0.7400816063780871
      0.7485161835162409
      0.7569519123077403
      0.7653877129292184
      0.7738225028268315
      0.7822551968040327
       0.790684707150903
      0.7991099437473449
      0.8075298141781676
       0.815943223863869
      0.8243490761784722
      0.8327462725784402
      0.8411337127285797
       0.849510294641506
      0.8578749148178781
      0.8662264683863395
      0.8745638492460387
      0.8828859502200513
      0.8911916632106582
      0.8994798793445632
      0.9077494891461125
      0.9159993826981427
      0.9242284498076697
      0.9324355801770911
      0.9406196635779794
      0.9487795900340679
      0.9569142500095082
      0.9650225345769615
      0.9731033356301946
      0.9811555460601968
      0.9891780599583155
      0.9971697728142401
       1.005129581741171
       1.013056385639402
       1.020949085455407
       1.028806584360737
       1.036627787981922
       1.044411604630116
        1.05215694551459
       1.059862724970283
        1.06752786068215
       1.075151273931737
       1.082731889822049
       1.090268637512353
       1.097760450474865
       1.105206266722321
       1.112605029054408
       1.119955685300468
       1.127257188590081
        1.13450849758545
       1.141708576734248
       1.148856396532463
       1.155950933774237
       1.162991171812734
       1.169976100815871
        1.17690471802753
       1.183776028036597
       1.190589043016347
       1.197342783008795
       1.204036276168198
       1.210668559041454
       1.217238676818127
       1.223745683595067
       1.230188642642027
       1.236566626663482
       1.242878718042969
       1.249124009136777
       1.255301602489649
       1.261410611133799
        1.26745015881257
       1.273419380255897
       1.279317421418153
       1.285143439749766
       1.290896604420094
       1.296576096576103
       1.302181109594691
       1.307710849306976
       1.313164534242302
       1.318541395865653
        1.32384067880812
       1.329061641090872
       1.334203554354769
       1.339265704072453
       1.344247389778908
       1.349147925272009
       1.353966638817331
        1.35870287336127
       1.363355986720517
       1.367925351777857
       1.372410356679824
       1.376810405007725
       1.381124915958415
       1.385353324524909
       1.389495081650642
       1.393549654388018
       1.397516526080049
        1.40139519647395
       1.405185181890688
       1.408886015351351
       1.412497246701987
       1.416018442745161
       1.419449187364717
       1.422789081613464
       1.426037743843333
       1.429194809781853
       1.432259932632832
       1.435232783164857
        1.43811304977649
       1.440900438570881
        1.44359467341711
       1.446195496008595
       1.448702665911209
       1.451115960593003
       1.453435175478226
        1.45566012396167
       1.457790637433581
       1.459826565278733
       1.461767774895125
       1.463614151700533
       1.465365599098921
       1.467022038487312
        1.46858340922378
       1.470049668592921
       1.471420791782665
       1.472696771816203
        1.47387761953733
       1.474963363526561
       1.475954050038029
       1.476849742942638
       1.477650523641437
       1.478356490996335
       1.478967761212594
        1.47948446777485
       1.479906761325232
       1.480234809557728
       1.480468797124202
       1.480608925480391
       1.480655412791723
       1.480608493792646
       1.480468419636358
       1.480235457782152
       1.479909891828901
       1.479492021368438
       1.478982161832121
       1.478380644329998
       1.477687815475118
       1.476904037241607
        1.47602968675616
       1.475065156149895
       1.474010852355477
       1.472867196935409
       1.471634625885491
       1.470313589448027
       1.468904551911922
        1.46740799141245
       1.465824399729966
       1.464154282094814
       1.462398156963019
       1.460556555819824
       1.458630022966097
        1.45661911529992
       1.454524402093716
       1.452346464796599
       1.450085896784523
       1.447743303172855
        1.44531930055989
       1.442814516821015
       1.440229590889024
       1.437565172510882
       1.434821922028188
       1.432000510147643
       1.429101617720075
        1.42612593549531
        1.42307416391179
       1.419947012845449
       1.416745201397496
       1.413469457662332
       1.410120518495341
       1.406699129272283
       1.403206043680029
       1.399642023470805
       1.396007838254802
       1.392304265261811
       1.388532089098182
       1.384692101562219
       1.380785101386725
       1.376811894025362
       1.372773291437102
       1.368670111863472
         1.3645031796029
       1.360273324804899
       1.355981383246272
       1.351628196119169
       1.347214609827972
       1.342741475761925
       1.338209650096235
        1.33361999358984
       1.328973371378677
       1.324270652767076
       1.319512711030751
       1.314700423219787
       1.309834669964921
       1.304916335280722
       1.299946306377122
       1.294925473467486
       1.289854729574083
        1.28473497036983
       1.279567093963054
       1.274352000748759
       1.269090593209157
       1.263783775743016
       1.258432454512858
       1.253037537247316
       1.247599933090522
       1.242120552438724
       1.236600306777822
       1.231040108521789
       1.225440870850085
       1.219803507568501
       1.214128932944862
       1.208418061556876
        1.20267180816421
       1.196891087549496
       1.191076814382567
       1.185229903084178
       1.179351267677638
       1.173441821675054
       1.167502477926752
       1.161534148512511
       1.155537744588604
       1.149514176296552
       1.143464352609985
       1.137389181241742
       1.131289568514942
       1.125166419248415
       1.119020636646739
       1.112853122184563
       1.106664775512197
       1.100456494342056
       1.094229174352064
       1.087983709073694
       1.081720989804341
       1.075441905499478
       1.069147342689157
       1.062838185381295
       1.056515314965093
       1.050179610143145
       1.043831946815736
        1.03747319801617
        1.03110423382553
       1.024725921288362
       1.018339124329725
       1.011944703681273
       1.005543516802327
      0.9991364178254205
       0.992724257448756
      0.9863078828977991
      0.9798881378393942
      0.9734658623162972
      0.9670418926746136
       0.960617061514536
      0.9541921976147141
      0.9477681258726129
      0.9413456672482281
      0.9349256386923269
      0.9285088531081437
      0.9220961192720417
      0.9156882417989695
      0.9092860210643834
      0.9028902531712553
      0.8965017298942481
      0.8901212386105479
      0.8837495622744292
      0.8773874793423958
      0.8710357637519162
      0.8646951848530616
      0.8583665073678453
      0.8520504913482485
      0.8457478921247462
      0.8394594602639511
       0.833185941533603
      0.8269280768399624
      0.8206866022112155
      0.8144622487316725
      0.8082557425188126
      0.8020678046754084
      0.7958991512499415
      0.7897504931994798
      0.7836225363523696
      0.7775159813660365
      0.7714315236963946
      0.7653698535540795
      0.7593316558697798
      0.7533176102642258
      0.7473283910038948
      0.7413646669727265
      0.7354271016407032
      0.7295163530120109
      0.7236330736115058
        0.71777791044234
      0.7119515049521584
      0.7061544930040379
      0.7003875048415635
      0.6946511650550748
      0.6889460925511623
      0.6832729005231555
      0.6776321964182941
      0.6720245819059893
      0.6664506528503291
       0.660910999272839
       0.655406205332636
      0.6499368492852381
      0.6445035034625101
       0.639106734235472
      0.6337471019923555
      0.6284251610983026
      0.6231414598841855
      0.6178965406024891
      0.6126909394014826
      0.6075251863069832
      0.6023998051856654
      0.5973153137229769
       0.592272223386442
      0.5872710394074581
      0.5823122607522235
      0.5773963800962233
      0.5725238837967483
      0.5676952518686932
      0.5629109579513687
      0.5581714692947125
      0.5534772467252684
      0.5488287446249659
      0.5442264109056452
      0.5396706869844152
      0.5351620077609309
      0.5307008015921764
      0.5262874902716218
      0.5219224890052135
      0.5176062063855208
      0.5133390443757216
      0.5091213982783309
      0.5049536567234302
      0.5008362016454458
      0.4967694082575864
      0.4927536450344063
      0.4887892736928566
       0.484876649173511
      0.4810161196162831
      0.4772080263505971
      0.4734527038662597
       0.469750479806313
      0.4661016749418608
      0.4625066031635049
      0.4589655714570661
      0.4554788798921346
      0.4520468216057903
      0.4486696827909293
      0.4453477426754273
      0.4420812735163123
      0.4388705405854555
      0.4357158021506584
      0.4326173094708774
      0.4295753067802294
      0.4265900312874752
      0.4236617131530234
      0.4207905754875128
      0.4179768343390922
      0.4152206986913602
      0.4125223704446445
      0.4098820444263649
      0.4072999083696502
      0.4047761429158737
      0.4023109216069878
      0.3999044108842236
      0.3975567700818869
      0.3952681514266427
      0.3930387000350662
      0.3908685539119287
      0.3887578439510252
      0.3867066939348043
      0.3847152205358564
      0.3827835333187789
      0.3809117347390834
      0.3790999201528764
      0.3773481778148398
      0.3756565888879179
      0.3740252274440786
      0.3724541604710175
      0.3709434478843608
      0.3694931425278332
      0.3681032901891474
      0.3667739296010142
      0.3655050924564344
      0.3642968034180544
      0.3631490801284276
      0.3620619332253702
      0.3610353663473555
      0.3600693761562919
      0.3591639523431604
      0.3583190776477617
      0.3575347278757567
      0.3568108719084436
      0.3561474717241299
       0.355544482419039
      0.3550018522163887
      0.3545195224930123
      0.3540974277983688
      0.3537354958699126
      0.3534336476602496
      0.3531917973527237
      0.3530098523884919
      0.3528877134896621
      0.3528252746771142
      0.3528224232994509
      0.3528790400589336
      0.3529949990295968
      0.3531701676921575
      0.3534044069529809
      0.3536975711769846
      0.3540495082124385
        0.35446005941639
       0.354929059689351
      0.3554563374980386
      0.3560417149101455
      0.3566850076250285
      0.3573860249970705
      0.3581445700753659
      0.3589604396302529
      0.3598334241862773
      0.3607633080574334
      0.3617498693787675
      0.3627928801368773
      0.3638921062074238
       0.365047307386703
      0.3662582374303351
      0.3675246440832793
      0.3688462691177524
      0.3702228483695277
      0.3716541117747124
      0.3731397834039071
      0.3746795814998655
      0.3762732185161966
      0.3779204011522727
       0.379620830393431
      0.3813742015489148
      0.3831802042877921
      0.3850385226814689
      0.3869488352400829
      0.3889108149520894
      0.3909241293253851
      0.3929884404248089
      0.3951034049150426
      0.3972686740992243
      0.3994838939564217
      0.4017487051903903
      0.4040627432650314
      0.4064256384458938
      0.4088370158410283
      0.4112964954494877
       0.413803692191985
      0.4163582159653798
      0.4189596716751303
      0.4216076592830547
        0.42430177385045
      0.4270416055780744
      0.4298267398546311
      0.4326567572918597
      0.4355312337785222
       0.438449740517569
       0.441411844072984
      0.4444171064101102
      0.4474650849477962
      0.4505553325950464
      0.4536873978032055
      0.4568608246084353
      0.4600751526720571
      0.4633299173366102
      0.4666246496642357
       0.469958876486092
      0.4733321204481523
      0.4767439000564002
      0.4801937297259322
      0.4836811198283942
      0.4872055767392519
      0.4907666028861344
      0.4943636967912982
      0.4979963531313534
      0.5016640627754521
       0.505366312841583
      0.5091025867404558
      0.5128723642321859
       0.516675121465592
      0.5205103310387941
      0.5243774620476914
      0.5282759801374126
      0.5322053475467744
      0.5361650231672009
      0.5401544625956001
      0.5441731181870759
      0.5482204391027188
      0.5522958713639419
       0.556398857916455
      0.5605288386757276
      0.5646852505822755
      0.5688675276566073
      0.5730751010601066
      0.5773073991478166
      0.5815638475283692
      0.5858438691143801
       0.590146884189792
      0.5944723104598906
       0.598819563113253
      0.6031880548890514
      0.6075771961235583
      0.6119863948181664
      0.6164150567010436
      0.6208625852890743
      0.6253283819484996
      0.6298118459572856
      0.6343123745721826
      0.6388293630898401
      0.6433622049091617
      0.6479102916043074
      0.6524730129856012
      0.6570497571720691
       0.661639910641535
      0.6662428583249644
      0.6708579836543093
       0.675484668637918
      0.6801222939329117
      0.6847702389178916
      0.6894278817560758
      0.6940945994771344
      0.6987697680406049
      0.7034527624121428
      0.7081429566408745
      0.7128397239303779
      0.7175424367133302
      0.7222504667338074
      0.7269631851155398
      0.7316799624418573
      0.7364001688380184
      0.7411231740427514
      0.7458483474903435
      0.7505750583928716
      0.7553026758148786
      0.7600305687557914
      0.7647581062372886
      0.7694846573791753
      0.7742095914867843
      0.7789322781278735
      0.7836520872173657
      0.7883683891096804
       0.793080554676633
      0.7977879553936709
      0.8024899634249127
      0.8071859517119971
      0.8118752940647219
       0.816557365236465
      0.8212315410212604
      0.8258971983407061
      0.8305537153356172
      0.8352004714487405
      0.8398368475144753
      0.8444622258560909
       0.849075990365478
      0.8536775266061223
      0.8582662218910515
      0.8628414653817206
      0.8674026481809263
      0.8719491634160931
       0.876480406342217
      0.8809957744249219
      0.8854946674365277
      0.8899764875478374
      0.8944406394259985
      0.8988865303175009
      0.9033135701460787
      0.9077211716085479
       0.912108750264466
      0.9164757246315928
      0.9208215162781063
       0.925145549915683
      0.9294472534858551
      0.9337260582689667
      0.9379813989614643
      0.9422127137833542
      0.9464194445536156
      0.9506010368017418
      0.9547569398420001
      0.9588866068806381
      0.9629894951048881
      0.9670650657695559
      0.9711127842892885
      0.9751321203371114
      0.9791225479253231
      0.9830835455026178
      0.9870145960521906
      0.9909151871613696
      0.9947848111346307
      0.9986229650589398
       1.002429150909492
       1.006202875637793
       1.009943651251856
       1.013650994899425
       1.017324428964746
       1.020963481157477
       1.024567684576235
       1.028136577827353
       1.031669705071681
       1.035166616137549
       1.038626866589786
        1.04205001780544
       1.045435637067735
       1.048783297637117
       1.052092578835206
        1.05536306612136
       1.058594351171766
       1.061786031948932
       1.064937712784356
        1.06804900445471
       1.071119524239866
       1.074148896011984
       1.077136750305319
       1.080082724372113
       1.082986462266686
       1.085847614892954
       1.088665840104361
       1.091440802725917
       1.094172174653666
       1.096859634895988
       1.099502869649506
       1.102101572339104
        1.10465544369537
       1.107164191796476
       1.109627532126855
       1.112045187638774
       1.114416888790552
       1.116742373602367
       1.119021387714995
       1.121253684422148
       1.123439024709537
       1.125577177323726
       1.127667918793447
       1.129711033469938
       1.131706313576353
        1.13365355923084
       1.135552578491017
       1.137403187373614
       1.139205209888832
       1.140958478083178
       1.142662832048221
        1.14431811994599
       1.145924198042521
       1.147480930705968
       1.148988190463699
       1.150445857964665
       1.151853822039186
       1.153211979693237
       1.154520236108857
       1.155778504658683
       1.156986706919461
       1.158144772662481
       1.159252639857359
       1.160310254673334
       1.161317571467251
       1.162274552793952
       1.163181169380012
       1.164037400113149
       1.164843232051081
       1.165598660384136
       1.166303688424939
       1.166958327589522
          1.167562597368
       1.168116525316628
       1.168620147022303
       1.169073506064681
       1.169476653999326
       1.169829650314404
       1.170132562408034
       1.170385465537993
       1.170588442796664
       1.170741585051877
       1.170844990908917
       1.170898766687013
       1.170903026332607
       1.170857891393495
       1.170763490972331
        1.17061996166013
       1.170427447482416
       1.170186099843453
       1.169896077477585
       1.169557546371199
       1.169170679707674
       1.168735657798013
       1.168252668031367
       1.167721904788051
       1.167143569377055
       1.166517869970046
       1.165845021521588
       1.165125245699576
         1.1643587708075
        1.16354583170217
       1.162686669735281
       1.161781532656189
       1.160830674541864
       1.159834355699401
       1.158792842604455
       1.157706407803342
       1.156575329834756
       1.155399893148024
       1.154180388003124
       1.152917110391946
       1.151610361950927
       1.150260449881821
       1.148867686834312
       1.147432390845067
       1.145954885242689
       1.144435498529701
       1.142874564324279
       1.141272421257289
       1.139629412874934
       1.137945887551991
       1.136222198396593
       1.134458703151296
       1.132655764112466
       1.130813748036087
       1.128933026039299
       1.127013973500925
       1.125056969979302
       1.123062399117361
       1.121030648550703
        1.11896210981959
       1.116857178253203
       1.114716252910955
       1.112539736471205
       1.110328035145341
       1.108081558579255
       1.105800719770897
       1.103485934994517
       1.101137623681407
       1.098756208346221
       1.096342114505721
       1.093895770578833
       1.091417607808695
       1.088908060178045
       1.086367564305804
         1.0837965593831
       1.081195487084625
       1.078564791475674
       1.075904918936844
       1.073216318083517
       1.070499439685064
       1.067754736579911
       1.064982663590514
       1.062183677463576
       1.059358236783441
       1.056506801885104
       1.053629834791017
       1.050727799127754
       1.047801160070412
        1.04485038423715
       1.041875939649246
       1.038878295626515
       1.035857922749957
       1.032815292777046
       1.029750878566592
       1.026665154015007
       1.023558593994009
       1.020431674281824
       1.017284871487246
        1.01411866300044
       1.010933526921741
       1.007729941999229
       1.004508387556231
       1.001269343446913
       0.998013289988358
       0.994740707890863
      0.9914520782140772
      0.9881478822921663
      0.9848286016878196
      0.9814947181275906
      0.9781467134580115
      0.9747850695604487
       0.971410268325781
      0.9680227915851978
      0.9646231210558025
      0.9612117382915109
      0.9577891246157793
       0.954355761090434
      0.9509121284490809
      0.9474587070415542
      0.9439959768013352
       0.940524417167607
      0.9370445070540554
      0.9335567247947488
      0.9300615480831653
      0.9265594539445005
      0.9230509186694985
      0.9195364177641721
      0.9160164259165081
      0.9124914169336046
      0.9089618636973309
      0.9054282381180655
       0.901891011094508
      0.8983506524536449
      0.8948076309111291
      0.8912624140221255
      0.8877154681456345
      0.8841672583795402
      0.8806182485241908
       0.877068901048396
      0.8735196770276081
      0.8699710361060289
      0.8664234364408078
      0.8628773346763026
      0.8593331858796122
      0.8557914435169663
       0.852252559394766
      0.8487169836089659
      0.8451851645341568
      0.8416575487322421
      0.8381345809482595
      0.8346167040524393
      0.8311043589866473
      0.8275979847476045
      0.8240980183196588
      0.8206048946443835
      0.8171190465674829
      0.8136409048199407
      0.8101708979475425
      0.8067094522835239
      0.8032569919104056
      0.7998139386093673
      0.7963807118313736
      0.7929577286383522
      0.7895454036845226
      0.7861441491561697
      0.7827543747408348
      0.7793764875915922
      0.7760108922795792
      0.7726579907626487
      0.7693181823352178
      0.7659918636012056
      0.7626794284254315
       0.759381267906483
       0.756097770332064
      0.7528293211412864
      0.7495763028888902
      0.7463390952145389
      0.7431180747956725
       0.739913615319979
      0.7367260874408298
      0.7335558587521601
      0.7304032937505541
      0.7272687538016654
      0.7241525970935099
      0.7210551786241824
      0.7179768501555662
      0.7149179601794604
      0.7118788538886652
      0.7088598731459869
      0.7058613564518509
