                       0
   4.996626666665503e-05
   0.0001997269431944166
   0.0004490676792423072
   0.0007977646047683393
    0.001245584371408509
    0.001792284194712442
    0.002437611897222899
    0.003181305952385911
     0.00402309552927498
    0.004962700538112862
    0.005999831676578489
    0.007134190476864872
    0.008365469353485373
    0.009693351651790553
     0.01111751169717328
     0.01263761484495484
       0.014253317530903
     0.01596426732236273
     0.01777010296998274
      0.0196704544599799
      0.0216649430669753
     0.02375318140725449
     0.02593477349256697
     0.02820931478431467
     0.03057639224814442
      0.0330355844089109
     0.03558646140598164
     0.03822858504883365
     0.04096150887287914
     0.04378477819558522
     0.04669793017271469
     0.04970049385480246
     0.05279199024366076
     0.05597193234905535
     0.05923982524537799
     0.06259516612836703
     0.06603744437177336
     0.06956614158403927
     0.07318073166476523
     0.07688068086122224
     0.08066544782456091
     0.08453448366592729
     0.08848723201226845
     0.09252312906195367
      0.0966416036401553
      0.1008420772537358
      0.1051239641459953
      0.1094866713509187
      0.1139295987470875
      0.1184521391110831
      0.1230536781705616
      0.1277335946567621
       0.132491260356485
      0.1373260401636042
      0.1422372921301037
      0.1472243675164118
      0.1522866108412405
      0.1574233599306722
      0.1626339459669175
      0.1679176935362239
      0.1732739206761331
      0.1787019389221753
      0.1842010533539284
      0.1897705626401715
      0.1954097590837758
      0.2011179286653917
      0.2068943510868861
      0.2127382998139589
      0.2186490421178278
      0.2246258391166168
      0.2306679458158941
      0.2367746111482757
      0.2429450780129388
      0.2491785833138112
      0.2554743579976164
      0.2618316270911712
      0.2682496097375998
      0.2747275192329158
       0.281264563060911
      0.2878599429283226
      0.2945128547988355
      0.3012224889272894
      0.3079880298925251
      0.3148086566305267
      0.3216835424667544
      0.3286118551479434
      0.3355927568739765
      0.3426254043290109
      0.3497089487125937
      0.3568425357703245
        0.36402530582438
      0.3712563938039202
      0.3785349292753073
      0.3858600364721898
      0.3932308343257131
       0.400646436494429
      0.4081059513948906
      0.4156084822315101
      0.4231531270273818
      0.4307389786549082
      0.4383651248668693
      0.4460306483277746
      0.4537346266455612
      0.4614761324041683
      0.4692542331959241
      0.4770679916552306
      0.4849164654928043
      0.4927987075300092
      0.5007137657351636
      0.5086606832593863
      0.5166384984745036
      0.5246462450113759
      0.5326829517995542
      0.5407476431081623
      0.5488393385874851
      0.5569570533126754
       0.565099797828338
      0.5732665781946958
      0.5814563960354014
      0.5896682485866943
      0.5979011287486782
      0.6061540251381687
      0.6144259221430241
      0.6227157999793421
      0.6310226347493937
      0.6393453985028914
      0.6476830592996217
      0.6560345812744028
      0.6643989247049787
      0.6727750460814389
       0.681161898178328
       0.689558430129831
      0.6979635875069072
      0.7063763123976524
      0.7147955434895856
      0.7232202161560122
      0.7316492625441459
      0.7400816116664107
      0.7485161894952287
      0.7569519190605725
      0.7653877205506798
      0.7738225114153844
      0.7822552064742797
      0.7906847180261896
      0.7991099559634441
      0.8075298278892041
      0.8159432392375725
       0.824349093398021
       0.832746291842973
      0.8411337342592698
      0.8495103186827403
      0.8578749416365811
      0.8662264982735084
      0.8745638825217382
      0.8828859872341641
       0.891191704341543
      0.8994799250098849
       0.907749539800487
      0.9159994388344581
      0.9242285119609094
      0.9324356489288486
      0.9406197395627725
      0.9487796739416869
      0.9569143425818414
       0.965022636624172
      0.9731034480234482
      0.9811556697429674
      0.9891781959516971
      0.9971699222252528
       1.005129745749425
       1.013056565530019
       1.020949282601797
       1.028806800244715
          1.036628024201
       1.044411862895671
       1.052157227661026
       1.059863032963678
       1.067528196634628
       1.075151640101436
       1.082732288624116
       1.090269071533505
        1.09776092247103
       1.105206779632409
       1.112605586013085
       1.119956289655804
       1.127257843899216
       1.134509207630079
       1.141709345536702
       1.148857228363159
       1.155951833166008
       1.162992143571901
       1.169977150036401
       1.176905850103949
       1.183777248668011
       1.190590358233723
       1.197344199178702
       1.204037800016336
       1.210670197657451
       1.217240437673431
       1.223747574558482
       1.230190671991518
       1.236568803097654
       1.242881050709779
       1.249126507626811
       1.255304276874609
       1.261413471961488
       1.267453217135778
        1.27342264763924
        1.27932090996029
       1.285147162083387
       1.290900573738657
       1.296580326646835
       1.302185614762118
       1.307715644513371
       1.313169635040962
       1.318546818430866
       1.323846439945354
        1.32906775825047
       1.334210045638948
       1.339272588250294
       1.344254686285287
       1.349155654217624
        1.35397482100063
       1.358711530268771
       1.363365140535228
       1.367935025383852
       1.372420573655977
       1.376821189632685
       1.381136293211121
        1.38536532007485
       1.389507721859621
       1.393562966312943
       1.397530537445896
       1.401409935682337
       1.405200677998573
       1.408902298058707
       1.412514346343317
       1.416036390270933
       1.419468014312936
       1.422808820103407
       1.426058426539642
       1.429216469878235
       1.432282603822736
       1.435256499604612
        1.43813784605814
       1.440926349687114
       1.443621734725267
       1.446223743188951
       1.448732134923124
       1.451146687640815
       1.453467196953512
       1.455693476396453
       1.457825357445625
       1.459862689528686
       1.461805340027418
       1.463653194273423
       1.465406155538262
       1.467064145014411
       1.468627101790756
       1.470094982820915
       1.471467762883964
       1.472745434540153
       1.473928008076867
       1.475015511451274
       1.476007990224864
       1.476905507491007
       1.477708143797259
       1.478415997060231
       1.479029182476415
       1.479547832423935
       1.479972096360901
        1.48030214071702
       1.480538148778343
       1.480680320569441
       1.480728872726509
       1.480684038367544
       1.480546066957379
       1.480315224165403
       1.479991791721049
       1.479576067263148
       1.479068364184663
       1.478469011473258
       1.477778353547883
       1.476996750089476
       1.476124575870497
       1.475162220577491
       1.474110088632561
       1.472968599009239
       1.471738185046355
       1.470419294257663
       1.469012388138965
       1.467517941972216
       1.465936444626613
       1.464268398356554
       1.462514318598604
       1.460674733764282
       1.458750185031731
       1.456741226135206
       1.454648423152981
       1.452472354291967
       1.450213609673309
        1.44787279111345
       1.445450511907016
       1.442947396606043
        1.44036408079884
       1.437701210888928
       1.434959443872101
       1.432139447113275
       1.429241898122174
       1.426267484330121
       1.423216902864576
       1.420090860325517
       1.416890072560063
       1.413615264437894
       1.410267169627087
       1.406846530370593
       1.403354097261625
       1.399790629021255
       1.396156892274995
       1.392453661331496
       1.388681717962261
       1.384841851179564
       1.380934857018952
       1.376961538320606
       1.372922704512251
        1.36881917139336
       1.364651760921257
       1.360421300997389
       1.356128625256196
       1.351774572854876
         1.3473599882645
       1.342885721064107
         1.3383526257348
       1.333761561456481
        1.32911339190616
       1.324408985058731
         1.3196492129889
        1.31483495167538
       1.309967080806966
       1.305046483590832
       1.300074046562848
       1.295050659399996
       1.289977214735443
       1.284854607973967
       1.279683737112534
       1.274465502560048
       1.269200806961914
       1.263890555025581
       1.258535653347628
       1.253137010245512
       1.247695535589559
       1.242212140637817
       1.236687737873592
       1.231123240845318
       1.225519564008972
       1.219877622571897
       1.214198332340312
       1.208482609568809
       1.202731370811106
        1.19694553277487
       1.191126012177845
       1.185273725606614
       1.179389589378439
       1.173474519403677
       1.167529431052943
       1.161555239023988
       1.155552857213983
       1.149523198590669
         1.1434671750691
       1.137385697387979
       1.131279674989935
       1.125150015903671
       1.118997626628093
       1.112823412019123
       1.106628275177756
       1.100413117341234
       1.094178837775869
       1.087926333672654
       1.081656500043995
       1.075370229623467
       1.069068412766784
       1.062751937355323
       1.056421688701734
       1.050078549456376
       1.043723399517916
       1.037357115943699
       1.030980572862755
       1.024594641391004
       1.018200189548135
       1.011798082175918
       1.005389180858711
      0.9989743438443868
      0.9925544259698731
      0.9861302785847375
      0.9797027494791875
      0.9732726828122173
      0.9668409190423488
      0.9604082948582893
      0.9539756431126927
      0.9475437927567014
      0.9411135687756742
      0.9346857921272398
      0.9282612796790313
       0.921840844149903
      0.9154252940502078
      0.9090154336257624
      0.9026120628003986
      0.8962159771214013
      0.8898279677065725
       0.883448821190198
      0.8770793196728702
      0.8707202406695101
      0.8643723570610282
      0.8580364370454693
      0.8517132440903235
      0.8454035368862581
      0.8391080693014112
      0.8328275903361361
      0.8265628440800734
       0.820314569667791
      0.8140835012376508
      0.8078703678894367
      0.8016758936438886
      0.7955007974026627
      0.7893457929088199
      0.7832115887080436
       0.777098888110784
      0.7710083891544657
      0.7649407845668932
      0.7588967617299026
      0.7528770026433514
      0.7468821838902838
      0.7409129766018734
      0.7349700464230829
      0.7290540534797681
      0.7231656523443423
      0.7173054920034084
      0.7114742158253147
      0.7056724615279598
      0.6999008611472286
      0.6941600410058314
      0.6884506216823043
      0.6827732179803712
      0.6771284388987655
      0.6715168876014057
      0.6659391613876053
      0.6603958516631383
      0.6548875439107708
       0.649414817662116
      0.6439782464687251
      0.6385783978743211
      0.6332158333866073
      0.6278911084502111
      0.6226047724184363
      0.6173573685270061
       0.612149433867064
      0.6069814993580753
      0.6018540897219904
      0.5967677234568188
       0.591722912811295
      0.5867201637587861
      0.5817599759721193
      0.5768428427983369
      0.5719692512339415
      0.5671396819001829
      0.5623546090191139
      0.5576145003888415
      0.5529198173602119
      0.5482710148130268
      0.5436685411327971
      0.5391128381877625
      0.5346043413060592
      0.5301434792534363
      0.5257306742109078
      0.5213663417530119
      0.5170508908264515
      0.5127847237285287
      0.5085682360867837
      0.5044018168379455
      0.5002858482077989
      0.4962207056916292
      0.4922067580345634
      0.4882443672124454
      0.4843338884129995
      0.4804756700178262
       0.476670053584018
      0.4729173738271439
      0.4692179586036703
      0.4655721288946579
      0.4619801987891986
      0.4584424754689478
      0.4549592591927285
      0.4515308432816544
      0.4481575141047064
      0.4448395510652044
      0.4415772265870936
      0.4383708061021774
      0.4352205480381483
      0.4321267038065014
      0.4290895177915428
      0.4261092273392648
      0.4231860627478767
      0.4203202472580027
       0.417511997043836
      0.4147615212046061
      0.4120690217574129
      0.4094346936292947
      0.4068587246514855
      0.4043412955532197
      0.4018825799566463
      0.3994827443721674
      0.3971419481946758
      0.3948603437002057
      0.3926380760434476
      0.3904752832558607
      0.3883720962443938
      0.3863286387910382
      0.3843450275529497
      0.3824213720633482
      0.3805577747332842
       0.378754330853611
      0.3770111285982982
      0.3753282490279069
      0.3737057660942824
      0.3721437466457154
      0.3706422504325491
      0.3692013301142371
       0.367821031266308
      0.3665013923888813
      0.3652424449152287
      0.3640442132213837
      0.3629067146365456
      0.3618299594539142
      0.3608139509428678
      0.3598586853609471
      0.3589641519676176
      0.3581303330379143
      0.3573572038771228
      0.3566447328365024
      0.3559928813292401
      0.3554016038471516
       0.354870847978718
      0.3544005544270258
      0.3539906570287888
      0.3536410827743062
      0.3533517518275549
      0.3531225775476053
      0.3529534665101534
      0.3528443185299555
      0.3527950266842771
      0.3528054773364293
      0.3528755501601628
      0.3530051181651665
      0.3531940477223309
      0.3534421985905818
      0.3537494239435332
      0.3541155703973065
       0.354540478038895
      0.3550239804547528
      0.3555659047604967
      0.3561660716307237
      0.3568242953295716
      0.3575403837422411
      0.3583141384062969
      0.3591453545441562
       0.360033821095867
      0.3609793207522846
      0.3619816299889397
      0.3630405191005435
      0.3641557522356058
       0.365327087431879
      0.3665542766519391
      0.3678370658196433
      0.3691751948567024
      0.3705683977197702
      0.3720164024379666
      0.3735189311509383
      0.3750757001472079
      0.3766864199028312
      0.3783507951207103
      0.3800685247699791
      0.3818393021258906
      0.3836628148102132
      0.3855387448315964
      0.3874667686266267
      0.3894465571010838
       0.391477775671379
      0.3935600843065776
      0.3956931375703897
      0.3978765846637307
      0.4001100694675771
      0.4023932305855981
      0.4047257013876742
      0.4071071100534278
      0.4095370796159922
      0.4120152280057002
      0.4145411680948624
      0.4171145077416435
      0.4197348498352065
      0.4224017923403708
      0.4251149283426895
      0.4278738460939396
      0.4306781290573203
      0.4335273559535917
      0.4364211008064643
      0.4393589329889848
      0.4423404172696714
      0.4453651138591677
      0.4484325784564503
      0.4515423622960493
      0.4546940121946405
      0.4578870705983582
      0.4611210756303309
      0.4643955611376669
      0.4677100567395152
      0.4710640878747108
      0.4744571758498239
      0.4778888378874671
      0.4813585871745253
      0.4848659329107096
      0.4884103803573213
      0.4919914308861761
      0.4956085820290061
      0.4992613275262019
      0.5029491573769198
      0.5066715578884565
        0.51042801172645
      0.5142179979647911
      0.5180409921365149
      0.5218964662839922
      0.5257838890099753
      0.5297027255286353
      0.5336524377174533
       0.537632484168503
      0.5416423202404576
      0.5456813981108215
      0.5497491668288012
      0.5538450723681098
      0.5579685576797498
       0.562119062745969
      0.5662960246342095
      0.5704988775513093
      0.5747270528979375
      0.5789799793237662
      0.5832570827827485
      0.5875577865892599
      0.5918815114739012
      0.5962276756405954
      0.6005956948235345
      0.6049849823443908
      0.6093949491710478
      0.6138250039757768
      0.6182745531942637
      0.6227430010851424
      0.6272297497902177
      0.6317341993950006
      0.6362557479898246
      0.6407937917316268
      0.6453477249065027
       0.649916939992074
      0.6545008277213145
      0.6590987771463523
      0.6637101757039933
      0.6683344092797953
       0.672970862275069
      0.6776189176731743
      0.6822779571067119
      0.6869473609253249
      0.6916265082647707
       0.696314777115685
      0.7010115443940235
      0.7057161860116073
      0.7104280769472557
      0.7151465913191336
      0.7198711024574551
      0.7246009829777017
      0.7293356048552051
      0.7340743394998789
      0.7388165578316206
      0.7435616303568946
      0.7483089272457033
      0.7530578184090759
         0.7578076735778
      0.7625578623814516
      0.7673077544278583
      0.7720567193839474
      0.7768041270565865
      0.7815493474747475
      0.7862917509719145
      0.7910307082687925
      0.7957655905573509
       0.800495769585214
        0.80522061774059
      0.8099395081377228
      0.8146518147028028
       0.819356912261231
      0.8240541766243833
      0.8287429846773645
      0.8334227144670658
      0.8380927452911987
       0.842752457787368
      0.8474012340223404
      0.8520384575825082
      0.8566635136635703
      0.8612757891619569
      0.8658746727654617
      0.8704595550444951
      0.8750298285441126
      0.8795848878753493
      0.8841241298077306
      0.8886469533613524
      0.8931527598993352
      0.8976409532201163
      0.9021109396505892
      0.9065621281385657
      0.9109939303453447
      0.9154057607386537
      0.9197970366852044
      0.9241671785434373
      0.9285156097560546
      0.9328417569427639
      0.9371450499917773
      0.9414249221526774
      0.9456808101275236
      0.9499121541633542
        0.95411839814251
      0.9582989896745554
      0.9624533801861695
      0.9665810250116136
      0.9706813834827662
      0.9747539190185578
      0.9787980992135723
       0.982813395926886
      0.9867992853697959
      0.9907552481926749
      0.9946807695729283
      0.9985753392998874
       1.002438451861548
       1.006269606528587
       1.010068307438687
       1.013834063680411
       1.017566389376069
       1.021264803763414
       1.024928831276642
        1.02855800162802
       1.032151849885942
       1.035709916555547
       1.039231747655316
       1.042716894794934
       1.046164915251871
       1.049575372046107
       1.052947834015235
       1.056281875887638
       1.059577078355429
       1.062833028146001
       1.066049318093144
        1.06922554720662
       1.072361320740771
        1.07545625026337
       1.078509953721471
       1.081522055507462
       1.084492186524556
       1.087419984249977
       1.090305092798727
       1.093147162983675
       1.095945852378486
       1.098700825375472
       1.101411753245312
       1.104078314193853
       1.106700193419586
       1.109277083167994
       1.111808682786666
       1.114294698778282
       1.116734844852204
        1.11912884197625
        1.12147641842611
       1.123777309833643
       1.126031259234903
       1.128238017116905
       1.130397341461512
       1.132508997790348
       1.134572759207461
       1.136588406440333
        1.13855572788063
       1.140474519622832
        1.14234458550233
       1.144165737131841
       1.145937793935573
       1.147660583183876
        1.14933394002553
       1.150957707518136
       1.152531736658737
       1.154055886410015
       1.155530023729523
         1.1569540235926
       1.158327769016831
       1.159651151084611
       1.160924068963265
       1.162146429923433
       1.163318149357097
       1.164439150792975
       1.165509365910298
       1.166528734551372
       1.167497204731159
       1.168414732646834
       1.169281282684673
        1.17009682742383
       1.170861347640614
       1.171574832309342
       1.172237278601423
       1.172848691883134
       1.173409085709931
       1.173918481820236
       1.174376910126971
          1.174784408706
       1.175141023783562
       1.175446809720331
       1.175701828994833
       1.175906152183153
       1.176059857937898
       1.176163032964046
       1.176215771991486
       1.176218177748318
       1.176170360928986
       1.176072440160773
       1.175924541968939
       1.175726800738938
       1.175479358676124
       1.175182365762787
       1.174835979714124
       1.174440365930723
       1.173995697449283
       1.173502154889939
       1.172959926402961
       1.172369207611944
       1.171730201554802
       1.171043118622842
       1.170308176497245
       1.169525600083538
       1.168695621443913
       1.167818479726188
       1.166894421092343
       1.165923698643648
       1.164906572344862
       1.163843308944484
        1.16273418189496
       1.161579471269371
       1.160379463676864
       1.159134452176721
       1.157844736189514
       1.156510621406786
       1.155132419698835
        1.15371044902234
       1.152245033323644
       1.150736502442221
       1.149185192013744
       1.147591443368515
       1.145955603431023
        1.14427802461783
       1.142559064733636
       1.140799086866585
       1.138998459282673
       1.137157555318456
       1.135276753273186
        1.13335643630057
       1.131396992299668
       1.129398813804372
       1.127362297872829
       1.125287845976329
        1.12317586388732
       1.121026761568906
       1.118840953060795
       1.116618856368025
       1.114360893348185
       1.112067489599254
       1.109739074346918
       1.107376080331472
       1.104978943697239
       1.102548103880138
       1.100084003496004
       1.097587088230147
        1.09505780672661
       1.092496610478398
       1.089903953719132
       1.087280293313762
       1.084626088651309
       1.081941801538643
       1.079227896094581
       1.076484838645122
        1.07371309761991
       1.070913143450112
       1.068085448467444
       1.065230486803314
       1.062348734290582
       1.059440668366883
        1.05650676797798
       1.053547513483828
       1.050563386564587
       1.047554870130759
       1.044522448231795
        1.04146660596926
       1.038387829408524
       1.035286605494544
       1.032163421968576
       1.029018767286381
       1.025853130537878
       1.022667001369023
       1.019460869905665
       1.016235226677938
       1.012990562547478
       1.009727368635994
       1.006446136256118
       1.003147356842579
      0.9998315218863485
      0.9964991228704678
       0.993150651206711
      0.9897865981750062
      0.9864074548632666
      0.9830137121102069
      0.9796058604481106
      0.9761843900498199
      0.9727497906741074
      0.9693025516146618
      0.9658431616501904
      0.9623721089954933
      0.9588898812549109
      0.9553969653754979
      0.9518938476031902
      0.9483810134398485
       0.944858947600387
      0.9413281339732991
      0.9377890555802502
      0.9342421945376673
      0.9306880320200581
      0.9271270482223808
      0.9235597223255098
      0.9199865324618585
      0.9164079556808179
       0.912824467916696
      0.9092365439564661
      0.9056446574081732
      0.9020492806698105
      0.8984508848998134
      0.8948499399869965
      0.8912469145215222
      0.8876422757654542
      0.8840364896254406
      0.8804300206240483
      0.8768233318714023
      0.8732168850382837
      0.8696111403283556
      0.8660065564513495
      0.8624035905947296
      0.8588026983975436
      0.8552043339218821
      0.8516089496263846
      0.8480169963390959
      0.8444289232280648
      0.8408451777759733
      0.8372662057499263
      0.8336924511740365
      0.8301243563012153
      0.8265623615828229
      0.8230069056405003
      0.8194584252358501
      0.8159173552407408
      0.8123841286054938
      0.8088591763291256
      0.8053429274270389
      0.8018358088987493
      0.7983382456956217
      0.7948506606871156
       0.791373474627904
      0.7879071061225059
      0.7844519715913909
      0.7810084852350765
      0.7775770589978717
      0.7741581025317352
      0.7707520231587146
      0.7673592258336867
      0.7639801131055688
      0.7606150850788691
      0.7572645393737878
      0.7539288710866179
      0.7506084727492595
      0.7473037342882005
       0.744015042982792
      0.7407427834238852
      0.7374873374710987
      0.7342490842105205
      0.7310283999111685
      0.7278256579815662
      0.7246412289260215
      0.7214754803010993
       0.718328776670267
      0.7152014795599037
      0.7120939474145775
      0.7090065355519112
      0.7059395961173471
      0.7028934780391057
