                       0
   2.681545250598307e-05
   0.0001074417240731883
   0.0002422427221759973
   0.0004315193473546274
   0.0006755097434852742
   0.0009743899223525125
     0.00132827475312961
    0.001737219303254471
    0.002201220513493697
    0.002720219186512334
    0.003294102265057274
     0.00392270537295742
    0.004605815589581686
    0.005343174426208892
    0.006134480970984654
    0.006979395167786888
    0.007877541193424278
    0.008828510897150456
    0.009831867266511031
     0.01088714788404265
     0.01199386834031093
     0.01315152557019508
      0.0143596010811735
     0.01561756404462262
     0.01692487422375868
     0.01828098471480571
     0.01968534448119563
      0.0211374006640748
     0.02263660065600496
     0.02418239392849064
     0.02577423360774898
     0.02741157779689417
     0.02909389064639744
     0.03082064317821712
     0.03259131387231799
     0.03440538902737803
     0.03626236291023142
     0.03816173771099879
     0.04010302332287501
     0.04208573696713074
     0.04410940268505559
      0.0461735507192659
     0.04827771680709977
     0.05042144140863563
     0.05260426889131697
     0.05482574669220227
     0.05708542447755516
     0.05938285331788219
      0.0617175848946549
     0.06408917075288427
     0.06649716161148124
     0.06894110674103245
     0.07142055341623438
     0.07393504644790304
     0.07648412779718436
      0.0790673362724183
     0.08168420730709376
     0.08433427281550715
     0.08701706112112845
     0.08973209695132132
     0.09247890149096445
     0.09525699248668647
     0.09806588439287438
      0.1009050885503236
      0.1037741133883504
      0.1066724646414333
      0.1095996455718244
      0.1125551571902364
      0.1155384984674678
       0.118549166530767
      0.1215866568397459
      0.1246504633377308
       0.127740078575589
      0.1308549938061534
      0.1339946990485058
      0.1371586831223651
      0.1403464336538287
      0.1435574370545376
      0.1467911784770835
      0.1500471417500755
      0.1533248092967146
      0.1566236620410851
      0.1599431793064693
      0.1632828387100725
      0.1666421160583987
      0.1700204852472609
      0.1734174181701139
      0.1768323846378843
      0.1802648523130138
      0.1837142866598099
      0.1871801509125905
      0.1906619060625167
      0.1941590108633474
      0.1976709218557123
       0.201197093409003
      0.2047369777794626
      0.2082900251825072
      0.2118556838771105
      0.2154334002596176
      0.2190226189643538
      0.2226227829681053
      0.2262333336956642
       0.229853711123687
      0.2334833538802084
      0.2371216993374452
      0.2407681836958479
      0.2444222420575969
      0.2480833084882282
      0.2517508160654531
      0.2554241969146696
      0.2591028822310499
       0.262786302288591
      0.2664738864368227
      0.2701650630862668
      0.2738592596840416
      0.2775559026813132
      0.2812544174943815
      0.2849542284614884
      0.2886547587973929
       0.292355430547833
      0.2960556645459799
      0.2997548803727875
      0.3034524963231132
      0.3071479293792185
      0.3108405951930504
      0.3145299080784382
      0.3182152810140624
      0.3218961256577358
      0.3255718523723528
       0.329241870263408
      0.3329055872278573
      0.3365624100138665
      0.3402117442905798
      0.3438529947271778
      0.3474855650800812
      0.3511088582872084
       0.354722276568103
      0.3583252215287901
      0.3619170942701574
       0.365497295498825
      0.3690652256395235
      0.3726202849481806
      0.3761618736250524
      0.3796893919273836
      0.3832022402813757
      0.3866998193933318
      0.3901815303600777
      0.3936467747790222
      0.3970949548581905
      0.4005254735270011
       0.403937734548395
      0.4073311426332504
      0.4107051035578865
      0.4140590242857317
      0.4173923130939678
      0.4207043797061072
      0.4239946354313774
      0.4272624933116275
      0.4305073682764218
      0.4337286773068064
      0.4369258396081306
       0.440098276792086
      0.4432454130680093
      0.4463666754432836
      0.4494614939325516
      0.4525293017753275
      0.4555695356612556
      0.4585816359625423
      0.4615650469724571
      0.4645192171493381
      0.4674435993648778
       0.470337651155932
      0.4732008349788519
      0.4760326184653985
      0.4788324746794072
      0.4815998823734605
      0.4843343262448606
      0.4870352971903767
      0.4897022925592822
      0.4923348164044013
      0.4949323797310641
      0.4974945007438051
       0.500020705091009
      0.5025105261076657
      0.5049635050564929
      0.5073791913679447
      0.5097571428793942
      0.5120969260741335
      0.5143981163206607
      0.5166602981127376
      0.5188830653107703
      0.5210660213849039
      0.5232087796603031
      0.5253109635648244
      0.5273722068793472
      0.5293921539908585
       0.531370460148253
      0.5333067917207303
      0.5352008264585307
      0.5370522537556406
      0.5388607749140272
        0.54062610340872
      0.5423479651532473
       0.544026098764539
      0.5456602558266503
      0.5472502011523984
      0.5487957130421401
      0.5502965835389547
      0.5517526186792771
      0.5531636387383584
      0.5545294784699507
      0.5558499873394405
      0.5571250297500415
      0.5583544852615605
      0.5595382488014794
      0.5606762308681349
      0.5617683577257715
      0.5628145715915783
      0.5638148308147151
      0.5647691100474664
      0.5656774004087205
      0.5665397096401502
      0.5673560622551083
      0.5681264996808768
      0.5688510803943142
      0.5695298800514044
       0.570162991610778
      0.5707505254514769
      0.5712926094852032
      0.5717893892630587
      0.5722410280766813
       0.572647707053945
      0.5730096252487966
      0.5733269997251979
       0.573600065634626
      0.5738290762870569
      0.5740143032145156
      0.5741560362271689
      0.5742545834610291
      0.5743102714169526
      0.5743234449901793
      0.5742944674898773
      0.5742237206482591
      0.5741116046185908
      0.5739585379617962
      0.5737649576210834
      0.5735313188844872
      0.5732580953349382
       0.572945778787792
      0.5725948792156785
       0.572205924660863
      0.5717794611350655
      0.5713160525070785
        0.57081628037833
      0.5702807439468792
      0.5697100598600227
       0.569104862056112
      0.5684658015957986
      0.5677935464833902
      0.5670887814784006
      0.5663522078979126
      0.5655845434099297
      0.5647865218180315
      0.5639588928374457
      0.5631024218626931
      0.5622178897267577
      0.5613060924516863
       0.560367840990434
      0.5594039609596764
      0.5584152923632288
      0.5574026893055171
      0.5563670196946978
      0.5553091649347536
      0.5542300196059002
      0.5531304911327583
      0.5520114994395294
      0.5508739765913745
      0.5497188664216479
      0.5485471241440193
      0.5473597159491287
       0.546157618585148
      0.5449418189218892
       0.543713313498013
      0.5424731080511348
       0.541222217030593
      0.5399616630928044
      0.5386924765791987
      0.5374156949768619
      0.5361323623619493
      0.5348435288262288
      0.5335502498868461
      0.5322535858799728
      0.5309546013382296
      0.5296543643528201
      0.5283539459203085
       0.527054419274717
      0.5257568592052665
      0.5244623413601076
      0.5231719415363437
      0.5218867349568294
      0.5206077955338267
      0.5193361951199786
      0.5180730027466739
      0.5168192838501861
      0.5155760994857854
       0.514344505529976
      0.5131255518712761
      0.5119202815897994
      0.5107297301260181
       0.509554924439239
      0.5083968821562441
      0.5072566107109961
      0.5061351064760145
      0.5050333538865206
      0.5039523245584906
      0.5028929764018658
      0.5018562527304131
      0.5008430813699241
      0.4998543737665295
      0.4988910240971471
      0.4979539083842059
      0.4970438836168953
      0.4961617868813923
      0.4953084345025667
      0.4944846211996977
      0.4936911192588903
       0.492928677724905
      0.4921980216149218
      0.4914998511570106
      0.4908348410557983
      0.4902036397878616
      0.4896068689292347
      0.4890451225172868
      0.4885189664490618
      0.4880289379180548
      0.4875755448911623
      0.4871592656274674
      0.4867805482401739
      0.4864398103030004
      0.4861374385019153
      0.4858737883332429
      0.4856491838486204
      0.4854639174473921
      0.4853182497167733
      0.4852124093199284
       0.485146592932057
      0.4851209652243422
      0.4851356588956504
      0.4851907747516042
      0.4852863818307157
      0.4854225175769626
      0.4855991880583639
      0.4858163682308023
      0.4860740022463259
      0.4863720038051442
      0.4867102565502968
      0.4870886145040589
      0.4875069025448018
      0.4879649169231985
       0.488462425816277
      0.4889991699179014
      0.4895748630639928
      0.4901891928908516
      0.4908418215245281
      0.4915323862993838
      0.4922605005035995
      0.4930257541494043
      0.4938277147657028
      0.4946659282105685
      0.4955399195010888
       0.496449193657948
      0.4973932365621954
      0.4983715158213375
      0.4993834816422875
      0.5004285677084479
      0.5015061920583687
      0.5026157579634384
      0.5037566548022738
       0.504928258929457
      0.5061299345365248
      0.5073610345031685
      0.5086209012368333
      0.5099088674991333
      0.5112242572174828
      0.5125663862808202
      0.5139345633182338
      0.5153280904595603
      0.5167462640773242
      0.5181883755093495
      0.5196537117616371
      0.5211415561912589
      0.5226511891690493
      0.5241818887220134
      0.5257329311555261
      0.5273035916553608
      0.5288931448696089
      0.5305008654707728
      0.5321260286980719
      0.5337679108802337
      0.5354257899388484
      0.5370989458725549
      0.5387866612221023
      0.5404882215163416
      0.5422029156995125
      0.5439300365395194
      0.5456688810175495
       0.547418750698991
      0.5491789520856676
      0.5509487969494685
      0.5527276026475515
      0.5545146924190506
       0.556309395663605
      0.5581110482018344
      0.5599189925179985
      0.5617325779851673
      0.5635511610733853
       0.565374105541056
       0.567200782610331
      0.5690305711268953
      0.5708628577049342
      0.5726970368578898
      0.5745325111159105
      0.5763686911305964
      0.5782049957681464
      0.5800408521915404
      0.5818756959327104
      0.5837089709555912
      0.5855401297108401
      0.5873686331830489
      0.5891939509312276
      0.5910155611231873
      0.5928329505646684
      0.5946456147234649
      0.5964530577494573
      0.5982547924906546
      0.6000503405056452
      0.6018392320729078
       0.603621006196965
      0.6053952106116703
      0.6071614017805882
      0.6089191448944695
       0.610668013866051
       0.612407591321689
      0.6141374685902468
       0.615857245688703
      0.6175665313047958
       0.619264942776367
      0.6209521060675531
      0.6226276557416985
      0.6242912349310561
       0.625942495303449
      0.6275810970259382
      0.6292067087255417
      0.6308190074476222
       0.632417678611721
      0.6340024159654583
      0.6355729215367433
       0.637128905584735
      0.6386700865497313
      0.6401961910025001
      0.6417069535935919
      0.6432021170026182
      0.6446814318881589
      0.6461446568385536
       0.647591558323616
      0.6490219106478812
      0.6504354959051893
      0.6518321039349571
       0.653211532279967
       0.654573586145988
      0.6559180783627688
      0.6572448293466482
      0.6585536670642862
      0.6598444269975782
      0.6611169521093367
      0.6623710928094716
      0.6636067069214445
      0.6648236596486536
      0.6660218235405462
      0.6672010784579225
      0.6683613115375515
      0.6695024171555551
      0.6706242968894699
       0.671726859478972
      0.6728100207850267
      0.6738737037474274
      0.6749178383408144
      0.6759423615292535
      0.6769472172193393
      0.6779323562121453
      0.6788977361542166
      0.6798433214876337
      0.6807690833996456
      0.6816749997720211
      0.6825610551303845
      0.6834272405937768
      0.6842735538247984
      0.6850999989804312
      0.6859065866638285
      0.6866933338770871
      0.6874602639752788
      0.6882074066216973
        0.68893479774431
      0.6896424794933813
      0.6903305002002376
      0.6909989143368132
      0.6916477824760784
      0.6922771712527823
       0.692887153324491
      0.6934778073324985
      0.6940492178623621
      0.6946014754036326
      0.6951346763086343
      0.6956489227497441
      0.6961443226752353
      0.6966209897630888
      0.6970790433727235
      0.6975186084945573
      0.6979398156970437
      0.6983428010714342
      0.6987277061738095
      0.6990946779649408
      0.6994438687475736
      0.6997754361016084
      0.7000895428170966
      0.7003863568254678
      0.7006660511290089
      0.7009288037289841
      0.7011747975525223
      0.7014042203785998
      0.7016172647633154
      0.7018141279645855
      0.7019950118666434
      0.7021601229041446
      0.7023096719864069
      0.7024438744213892
      0.7025629498397825
      0.7026671221188945
      0.7027566193064194
      0.7028316735438329
      0.7028925209892708
      0.7029394017395962
      0.7029725597515782
      0.7029922427616715
      0.7029987022042647
      0.7029921931280864
      0.7029729741104281
      0.7029413071689314
      0.7028974576706549
      0.7028416942383746
      0.7027742886536655
      0.7026955157568877
      0.7026056533438433
      0.7025049820591651
      0.7023937852863795
      0.7022723490348032
      0.7021409618233904
      0.7019999145616065
      0.7018495004277786
      0.7016900147448604
      0.7015217548541882
      0.7013450199873433
        0.70116011113641
      0.7009673309231035
      0.7007669834668371
      0.7005593742521357
      0.7003448099955751
      0.7001235985124439
      0.6998960485832812
      0.6996624698204764
      0.6994231725347333
      0.6991784676018004
      0.6989286663289965
      0.6986740803218286
      0.6984150213501359
      0.6981518012140562
      0.6978847316091891
      0.6976141239909763
      0.6973402894379828
       0.697063538513839
       0.696784181127559
       0.696502526392095
      0.6962188824809895
      0.6959335564826992
      0.6956468542528792
       0.695359080264225
      0.6950705374540501
      0.6947815270696044
      0.6944923485112694
      0.6942032991737354
      0.6939146742855138
      0.6936267667468882
      0.6933398669668202
      0.6930542626990016
        0.69277023887756
      0.6924880774527687
      0.6922080572272492
      0.6919304536929336
      0.6916555388693786
      0.6913835811436899
      0.6911148451124633
      0.6908495914260501
       0.690588076635381
      0.6903305530416671
      0.6900772685490385
      0.6898284665203406
      0.6895843856360231
      0.6893452597562861
      0.6891113177863704
      0.6888827835449182
      0.6886598756353554
      0.6884428073200691
       0.688231786397451
      0.6880270150814063
      0.6878286898833482
      0.6876370014966188
      0.6874521346830773
      0.6872742681619605
      0.6871035745009187
      0.6869402200092554
      0.6867843646335451
      0.6866361618557144
      0.6864957585937718
       0.686363295105466
      0.6862389048951927
      0.6861227146244486
       0.686014844026233
      0.6859154058238727
      0.6858245056545723
      0.6857422419981708
      0.6856687061116082
      0.6856039819694352
      0.6855481462107604
      0.6855012680930117
      0.6854634094527871
      0.6854346246740494
      0.6854149606639136
      0.6854044568360443
      0.6854031451017795
       0.685411049868982
      0.6854281880485047
      0.6854545690681257
      0.6854901948938174
      0.6855350600579514
      0.6855891516943431
      0.6856524495796154
      0.6857249261807044
      0.6858065467080628
      0.6858972691741544
      0.6859970444570683
      0.6861058163687593
      0.6862235217277397
      0.6863500904359054
      0.6864854455593619
      0.6866295034130897
      0.6867821736492431
      0.6869433593492574
      0.6871129571195345
      0.6872908571909779
      0.6874769435222975
       0.687671093907376
      0.6878731800867109
      0.6880830678631971
      0.6883006172224476
      0.6885256824577463
      0.6887581122998466
      0.6889977500517495
      0.6892444337284768
      0.6894979962020711
      0.6897582653514243
      0.6900250642174635
      0.6902982111628894
      0.6905775200367699
      0.6908628003434735
      0.6911538574157777
      0.6914504925914925
      0.6917525033934979
      0.6920596837124654
      0.6923718239918774
      0.6926887114147836
      0.6930101300916902
      0.6933358612490661
      0.6936656834181067
      0.6939993726228836
      0.6943367025678064
       0.694677444823662
      0.6950213690121031
      0.6953682429881364
      0.6957178330203345
      0.6960699039688013
       0.696424219460465
      0.6967805420619678
      0.6971386334499735
      0.6974982545789497
      0.6978591658466802
      0.6982211272575247
      0.6985838985835896
       0.698947239524174
      0.6993109098633818
      0.6996746696264076
      0.7000382792343107
      0.7004014996578257
      0.7007640925698014
      0.7011258204967534
      0.7014864469692292
      0.7018457366711202
      0.7022034555875206
      0.7025593711513249
      0.7029132523879484
      0.7032648700582219
       0.703613996798824
       0.703960407260138
      0.7043038782410591
       0.704644188820282
      0.7049811204837269
      0.7053144572479243
      0.7056439857785716
      0.7059694955043996
      0.7062907787257169
       0.706607630717707
      0.7069198498280961
      0.7072272375692619
         0.7075295987047
      0.7078267413299362
      0.7081184769481867
      0.7084046205405932
      0.7086849906317101
      0.7089594093504974
      0.7092277024869265
      0.7094896995450917
       0.709745233792873
      0.7099941423088065
      0.7102362660266707
      0.7104714497781074
      0.7106995423337441
      0.7109203964433692
       0.711133868875202
      0.7113398204548563
       0.711538116103994
        0.71172862487903
      0.7119112200097126
      0.7120857789378955
      0.7122521833562663
      0.7124103192470439
      0.7125600769203317
      0.7127013510520964
      0.7128340407214525
      0.7129580494470398
      0.7130732852221183
      0.7131796605482189
       0.713277092467138
      0.7133655025908928
      0.7134448171296081
      0.7135149669170582
      0.7135758874340162
      0.7136275188290415
      0.7136698059371392
      0.7137026982961426
      0.7137261501610719
      0.7137401205167476
      0.7137445730889863
      0.7137394763546661
      0.7137248035510517
      0.7137005326848321
      0.7136666465413601
      0.7136231326943969
      0.7135699835169165
      0.7135071961931271
      0.7134347727324407
      0.7133527199853945
      0.7132610496617099
      0.7131597783509825
       0.713048927545784
       0.712928523667134
      0.7127985980926277
      0.7126591871865502
      0.7125103323321859
      0.7123520799655432
      0.7121844816105791
      0.7120075939150139
      0.7118214786865339
      0.7116262029285947
      0.7114218388757924
      0.7112084640275276
      0.7109861611799924
       0.710755018455876
       0.710515129331045
       0.710266592658189
      0.7100095126868442
      0.7097439990795543
      0.7094701669240162
      0.7091881367411844
      0.7088980344891341
      0.7085999915627339
      0.7082941447894403
      0.7079806364211355
      0.7076596141223703
      0.7073312309552084
      0.7069956453610392
      0.7066530211394414
      0.7063035274245891
      0.7059473386594286
       0.705584634567605
      0.7052156001235914
      0.7048404255210029
      0.7044593061390179
      0.7040724425069983
      0.7036800402671304
      0.7032823101347345
      0.7028794678560641
      0.7024717341631448
      0.7020593347252212
      0.7016425000960744
      0.7012214656569821
      0.7007964715543178
      0.7003677626314451
      0.6999355883540851
      0.6995002027285492
       0.699061864212413
      0.6986208356168659
      0.6981773840003637
      0.6977317805532901
      0.6972843004731656
      0.6968352228304054
      0.6963848304243472
       0.695933409629751
      0.6954812502338545
       0.695028645264293
      0.6945758908081467
      0.6941232858226185
      0.6936711319379908
         0.6932197332532
      0.6927693961249192
      0.6923204289507237
      0.6918731419468748
      0.6914278469216012
      0.6909848570444325
      0.6905444866120186
      0.6901070508112289
      0.6896728654797341
      0.6892422468645403
      0.6888155113788461
      0.6883929753570428
      0.6879749548084754
      0.6875617651695236
      0.6871537210540771
      0.6867511360023707
      0.6863543222277561
      0.6859635903613711
      0.6855792491943975
      0.6852016054176138
      0.6848309633581707
      0.6844676247132784
      0.6841118882806856
      0.6837640496862001
      0.6834244011079811
      0.6830932309981643
      0.6827708238017381
      0.6824574596735976
      0.6821534141939216
      0.6818589580829454
      0.6815743569156787
      0.6812998708377414
      0.6810357542831825
      0.6807822556954289
      0.6805396172526652
      0.6803080745985496
      0.6800878565797481
      0.6798791849913042
      0.6796822743308875
      0.6794973315631657
      0.6793245558950347
      0.6791641385627136
      0.6790162626312021
      0.6788811028068662
      0.6787588252633038
      0.6786495874809253
      0.6785535381001757
      0.6784708167884461
      0.6784015541202415
      0.6783458714705198
      0.6783038809205884
      0.6782756851760448
      0.6782613774961731
      0.6782610416342306
      0.6782747517879318
      0.6783025725595077
       0.678344558924781
      0.6784007562110139
       0.678471200082751
      0.6785559165356377
      0.6786549218980308
      0.6787682228403787
        0.67889581639242
       0.679037689968549
      0.6791938214016495
       0.679364178985906
      0.6795487215291499
      0.6797473984154087
      0.6799601496782912
      0.6801869060859298
      0.6804275892380266
      0.6806821116759916
      0.6809503770061118
      0.6812322800367027
      0.6815277069293227
      0.6818365353640319
       0.682158634718972
      0.6824938662636429
      0.6828420833657707
      0.6832031317108143
      0.6835768495335158
      0.6839630678602941
       0.684361610761372
      0.6847722956112372
      0.6851949333561524
      0.6856293287869512
      0.6860752808157875
       0.686532582755095
       0.687001022597329
      0.6874803832940505
      0.6879704430328522
      0.6884709755111565
      0.6889817502057272
      0.6895025326370039
      0.6900330846277951
       0.690573164555969
      0.6911225276007243
      0.6916809259829649
      0.6922481091996328
      0.6928238242527878
      0.6934078158740238
      0.6939998267449342
      0.6945995977146929
      0.6952068680156152
      0.6958213754776973
      0.6964428567431461
      0.6970710474817093
      0.6977056826076435
      0.6983464964988685
      0.6989932232187169
      0.6996455967406218
      0.7003033511755022
      0.7009662210015604
      0.7016339412961442
       0.702306247968518
      0.7029828779927542
      0.7036635696392586
      0.7043480627035866
      0.7050360987307729
      0.7057274212335694
      0.7064217759027078
      0.7071189108073509
      0.7078185765842495
      0.7085205266135929
      0.7092245171804983
      0.7099303076207226
      0.7106376604496462
      0.7113463414741017
      0.7120561198866188
      0.7127667683422684
      0.7134780630187113
      0.7141897836601623
      0.7149017136067206
      0.7156136398106414
      0.7163253528414689
       0.717036646882303
      0.7177473197196392
      0.7184571727291903
      0.7191660108606553
      0.7198736426236787
      0.7205798800777693
      0.7212845388284913
      0.7219874380318914
      0.7226884004089276
      0.7233872522712135
       0.724083823558892
      0.7247779478907286
      0.7254694626263093
      0.7261582089391739
      0.7268440318994263
      0.7275267805635034
      0.7282063080681873
      0.7288824717256894
      0.7295551331155675
      0.7302241581693082
      0.7308894172425228
      0.7315507851700964
      0.7322081412986955
      0.7328613694916074
      0.7335103581005049
      0.7341549998993435
      0.7347951919754154
      0.7354308355734803
      0.7360618358890544
      0.7366881018078861
      0.7373095455892718
      0.7379260824913019
      0.7385376303380462
      0.7391441090281309
