                       0
   1.876725290332281e-05
   7.592343070101873e-05
   0.0001731301704192595
   0.0003119033925655122
   0.0004936088273621759
   0.0007194585669430608
   0.0009905086584472678
    0.001307657744288783
    0.001671646747456006
    0.002083059591193401
    0.002542324933917065
    0.003049718891797459
    0.003605368713186156
    0.004209257361049649
    0.004861228951882208
    0.005560994992280961
    0.006308141347558427
    0.007102135870517967
    0.007942336612900903
    0.008828000537103043
      0.0097582926416223
     0.01073229541040207
     0.01174901849383725
     0.01280740852776347
     0.01390635899630024
     0.01504472004500336
     0.01622130815242341
     0.01743491557088077
     0.01868431945105535
     0.01996829056983162
     0.02128560158670713
     0.02263503476091922
     0.02401538906919426
     0.02542548667259942
     0.02686417869026222
     0.02833035024759926
     0.02982292477701429
     0.03134086755963049
     0.03288318850733365
     0.03444894419504119
     0.03603723916348264
     0.03764722652268229
      0.0392781078955891
     0.04092913274971008
     0.04259959717200551
     0.04428884214854381
     0.04599625141536108
     0.04772124895052787
     0.04946329617953018
     0.05122188896668476
     0.05299655446444645
     0.05478684789017256
     0.05659234929626056
     0.05841266039470212
     0.06024740149113914
     0.06209620857664628
     0.06395873061789958
     0.06583462707833453
     0.06772356569456593
     0.06962522052397338
     0.07153927027114539
     0.07346539689304851
     0.07540328447551922
      0.0773526183671298
     0.07931308455080087
     0.08128436922881377
     0.08326615859320706
       0.085258138750948
     0.08725999577177199
     0.08927141582615448
     0.09129208538146653
     0.09332169142589369
     0.09535992169206589
     0.09740646485543013
     0.09946101068607614
       0.101523250136836
      0.1035928753548928
       0.105669579608683
      0.1077530571264303
      0.1098430028470536
      0.1119391120883241
      0.1140410801408985
      0.1161486018001148
      0.1182613708501346
      0.1203790795170938
       0.122501417909329
      0.1246280734634891
      0.1267587304153933
      0.1288930693139134
      0.1310307665949558
      0.1331714942308883
      0.1353149194685215
       0.137460704666181
      0.1396085072374872
      0.1417579797063937
      0.1439087698748437
      0.1460605211012493
      0.1482128726849262
       0.150365460348762
      0.1525179168098017
      0.1546698724252026
       0.156820955899169
      0.1589707950350863
      0.1611190175161699
      0.1632652516975015
      0.1654091273923868
      0.1675502766364948
      0.1696883344141944
      0.1718229393328596
      0.1739537342326204
      0.1760803667210153
      0.1782024896242022
      0.1803197613487387
      0.1824318461503583
       0.184538414308599
      0.1866391422085016
      0.1887337123328141
      0.1908218131701895
      0.1929031390466478
      0.1949773898890978
      0.1970442709309006
      0.1991034923703305
      0.2011547689932919
      0.2031978197718229
      0.2052323674497472
      0.2072581381263409
      0.2092748608481127
      0.2112822672177726
      0.2132800910282228
      0.2152680679280188
      0.2172459351232497
      0.2192134311192246
      0.2211702955037945
      0.2231162687726278
       0.225051092195333
      0.2269745077200426
      0.2288862579129562
      0.2307860859284329
      0.2326737355045318
      0.2345489509784508
      0.2364114773160979
      0.2382610601500687
      0.2400974458205395
      0.2419203814140743
      0.2437296147959735
      0.2455248946326093
      0.2473059704011092
      0.2490725923847659
      0.2508245116535892
      0.2525614800304843
      0.2542832500445505
      0.2559895748739477
      0.2576802082816125
      0.2593549045478147
      0.2610134184041132
      0.2626555049736014
      0.2642809197225633
      0.2658894184286175
       0.267480757170246
      0.2690546923422136
      0.2706109807008304
      0.2721493794423114
      0.2736696463166532
      0.2751715397785316
      0.2766548191757211
      0.2781192449745327
      0.2795645790207144
      0.2809905848333125
      0.2823970279280223
      0.2837836761657702
       0.285150300121539
      0.2864966734678994
      0.2878225733672987
      0.2891277808669357
      0.2904120812899859
      0.2916752646170843
      0.2929171258522497
      0.2941374653679051
      0.2953360892242516
      0.2965128094589927
      0.2976674443442097
      0.2987998186081551
      0.2999097636206212
      0.3009971175415745
      0.3020617254336737
      0.3031034393402298
      0.3041221183310153
      0.3051176285191052
       0.306089843052557
      0.3070386420852929
      0.3079639127318898
      0.3088655490112368
      0.3097434517840648
      0.3105975286892907
      0.3114276940838777
      0.3122338689905541
      0.3130159810572408
      0.3137739645314672
      0.3145077602523649
      0.3152173156621293
      0.3159025848380633
      0.3165635285455743
      0.3172001143117387
       0.317812316518355
      0.3184001165127774
      0.3189635027342578
      0.3195024708530907
      0.3200170239194971
      0.3205071725189971
       0.320972934930901
      0.3214143372866034
      0.3218314137245124
      0.3222242065387248
      0.3225927663189089
      0.3229371520793315
      0.3232574313754771
      0.3235536804072648
      0.3238259841084903
      0.3240744362226735
      0.3242991393661102
      0.3245002050794333
      0.3246777538694751
      0.3248319152436238
       0.324962827739165
      0.3250706389503169
      0.3251555055557381
      0.3252175933493031
      0.3252570772767612
      0.3252741414806923
      0.3252689793558037
      0.3252417936161754
      0.3251927963755757
       0.325122209241371
      0.3250302634219684
      0.3249171998470944
      0.3247832692995954
      0.3246287325568595
       0.324453860539381
      0.3242589344635422
       0.324044245995245
      0.3238100974007367
      0.3235568016907679
      0.3232846827541251
      0.3229940754766255
      0.3226853258417897
      0.3223587910096893
      0.3220148393708297
      0.3216538505723861
      0.3212762155146733
      0.3208823363163231
      0.3204726262473123
      0.3200475096296543
      0.3196074217062557
      0.3191528084790951
      0.3186841265185136
      0.3182018427459585
      0.3177064341930119
      0.3171983877399215
      0.3166781998371464
      0.3161463762135873
      0.3156034315752274
      0.3150498892978415
      0.3144862811172333
      0.3139131468201637
      0.3133310339387409
      0.3127404974505171
      0.3121420994860175
      0.3115364090447775
      0.3109240017203226
      0.3103054594338815
      0.3096813701759499
      0.3090523277542204
      0.3084189315458336
      0.3077817862514008
       0.307141501647851
      0.3064986923368618
      0.3058539774854171
      0.3052079805549862
      0.3045613290158461
      0.3039146540432307
      0.3032685901922728
      0.3026237750490645
       0.301980848855638
       0.301340454107204
       0.300703235120561
      0.3000698375732408
      0.2994409080135665
      0.2988170933424634
        0.29819904026843
      0.2975873947376657
      0.2969828013418117
      0.2963859027061813
      0.2957973388616695
       0.295217746603715
      0.2946477588418216
      0.2940880039430922
      0.2935391050731487
      0.2930016795375621
      0.2924763381266203
      0.2919636844658843
      0.2914643143745234
      0.2909788152329603
      0.2905077653608402
      0.2900517334058536
       0.289611277743467
      0.2891869458871831
      0.2887792739086135
      0.2883887858663177
      0.2880159932422323
      0.2876613943843865
      0.2873254739546312
       0.287008702380268
      0.2867115353086778
      0.2864344130644018
      0.2861777601085805
      0.2859419845011304
       0.285727477366626
      0.2855346123654452
      0.2853637451723443
      0.2852152129652283
      0.2850893339274504
      0.2849864067674672
      0.2849067102601135
      0.2848505028140668
      0.2848180220703002
      0.2848094845363865
      0.2848250852614678
      0.2848649975565112
      0.2849293727641408
      0.2850183400818752
      0.2851320064420147
      0.2852704564507526
      0.2854337523882887
      0.2856219342709233
      0.2858350199752071
      0.2860730054233583
      0.2863358648282771
      0.2866235509956497
      0.2869359956798774
      0.2872731099898633
      0.2876347848401154
      0.2880208914421687
      0.2884312818309834
      0.2888657894207995
      0.2893242295848646
      0.2898064002535427
      0.2903120825255224
      0.2908410412871971
      0.2913930258356995
      0.2919677705016316
      0.2925649952681109
      0.2931844063833786
      0.2938256969649013
      0.2944885475935233
      0.2951726268968778
      0.2958775921218264
       0.296603089696239
      0.2973487557808478
      0.2981142168122549
       0.298899090038436
         0.2997029840482
       0.300525499296118
      0.3013662286243607
      0.3022247577827263
      0.3031006659478954
      0.3039935262426324
      0.3049029062552964
       0.305828368559606
      0.3067694712341933
      0.3077257683810514
       0.308696810641594
      0.3096821457086613
      0.3106813188325144
      0.3116938733186154
      0.3127193510148004
       0.313757292785401
       0.314807238969859
      0.3158687298234632
      0.3169413059380479
      0.3180245086407256
      0.3191178803690841
      0.3202209650216527
      0.3213333082829053
      0.3224544579225273
      0.3235839640691668
      0.3247213794593731
      0.3258662596629058
      0.3270181632860119
      0.3281766521546685
      0.3293412914800938
      0.3305116500090944
      0.3316873001619529
      0.3328678181606748
      0.3340527841503599
       0.335241782316399
      0.3364344009999849
       0.337630232814175
      0.3388288747624089
      0.3400299283609876
      0.3412329997665915
      0.3424376999094537
      0.3436436446323214
      0.3448504548348735
      0.3460577566227944
      0.3472651814603021
      0.3484723663245379
      0.3496789538599195
      0.3508845925303219
      0.3520889367667585
      0.3532916471081921
      0.3544923903330627
      0.3556908395792369
      0.3568866744502234
      0.3580795811057493
      0.3592692523350994
      0.3604553876119702
      0.3616376931299909
      0.3628158818185034
      0.3639896733386316
      0.3651587940601169
        0.36632297701982
      0.3674819618632061
      0.3686354947704693
      0.3697833283692766
      0.3709252216363503
      0.3720609397902666
      0.3731902541779938
       0.374312942157662
      0.3754287869800398
      0.3765375776710769
      0.3776391089176394
       0.378733180958355
      0.3798195994811651
      0.3808981755288108
      0.3819687254131797
      0.3830310706389576
      0.3840850378367361
      0.3851304587052929
      0.3861671699624259
      0.3871950133034122
      0.3882138353659023
      0.3892234876998196
      0.3902238267407114
      0.3912147137848948
      0.3921960149647177
      0.3931676012223169
      0.3941293482803542
      0.3950811366083761
      0.3960228513836889
      0.3969543824458802
      0.3978756242444255
      0.3987864757791485
      0.3996868405336196
      0.4005766264019185
      0.4014557456094825
       0.402324114629076
      0.4031816540931322
      0.4040282887039611
      0.4048639471434402
      0.4056885619839101
      0.4065020696020241
      0.4073044100972724
      0.4080955272167879
      0.4088753682879169
      0.4096438841597758
      0.4104010291548142
      0.4111467610310524
      0.4118810409553783
      0.4126038334879079
      0.4133151065770932
      0.4140148315648983
      0.4147029832010385
      0.4153795396649982
      0.4160444825942558
      0.4166977971169658
      0.4173394718871681
      0.4179694991205181
      0.4185878746284933
      0.4191945978490785
      0.4197896718720147
      0.4203731034568792
      0.4209449030424689
      0.4215050847462365
      0.4220536663528121
      0.4225906692910351
      0.4231161185991834
      0.4236300428785612
      0.4241324742358743
      0.4246234482152142
      0.4251030037207633
      0.4255711829316203
       0.426028031210374
      0.4264735970072174
      0.4269079317615262
       0.427331089802859
      0.4277431282533487
       0.428144106933357
      0.4285340882721218
      0.4289131372249761
      0.4292813211984208
      0.4296387099840927
      0.4299853757023383
      0.4303213927557766
        0.43064683779288
      0.4309617896813017
      0.4312663294902933
      0.4315605404813305
      0.4318445081057328
      0.4321183200078931
      0.4323820660325498
      0.4326358382344181
       0.432879730888439
      0.4331138404989473
      0.4333382658060915
       0.433553107787991
      0.4337584696572872
      0.4339544568509777
      0.4341411770126635
      0.4343187399666875
      0.4344872576838687
      0.4346468442389296
      0.4347976157599842
      0.4349396903707519
      0.4350731881264407
      0.4351982309444686
      0.4353149425313858
      0.4354234483074861
      0.4355238753306921
      0.4356163522212991
      0.4357010090891453
      0.4357779774646729
       0.435847390235182
      0.4359093815873927
       0.435964086957182
      0.4360116429870712
      0.4360521874917502
      0.4360858594316201
      0.4361127988939702
      0.4361331470811546
      0.4361470463047995
      0.4361546399848272
      0.4361560726518731
      0.4361514899514819
      0.4361410386483627
      0.4361248666289349
      0.4361031229003585
      0.4360759575843837
      0.4360435219043896
      0.4360059681642388
       0.435963449717769
      0.4359161209280247
      0.4358641371156572
      0.4358076544962238
      0.4357468301065031
       0.435681821720252
      0.4356127877541862
      0.4355398871652781
      0.4354632793407293
      0.4353831239822315
      0.4352995809863004
      0.4352128103225924
       0.435122971912198
      0.4350302255078674
      0.4349347305781122
      0.4348366461969465
       0.434736130940875
       0.434633342794486
      0.4345284390657306
      0.4344215763116302
      0.4343129102748395
      0.4342025958311097
      0.4340907869473554
      0.4339776366496694
      0.4338632970003273
      0.4337479190825088
      0.4336316529912375
      0.4335146478288402
      0.4333970517030946
      0.4332790117261571
      0.4331606740123694
      0.4330421836730831
       0.432923684806796
      0.4328053204830241
      0.4326872327186285
      0.4325695624455448
      0.4324524494692089
      0.4323360324172777
      0.4322204486786305
      0.4321058343329401
      0.4319923240714745
      0.4318800511100738
      0.4317691470955387
      0.4316597420068912
      0.4315519640531317
      0.4314459395692655
      0.4313417929123979
      0.4312396463597039
      0.4311396200099916
      0.4310418316904598
      0.4309463968700507
      0.4308534285805409
      0.4307630373462661
      0.4306753311230266
       0.430590415246411
      0.4305083923894282
      0.4304293625290057
      0.4303534229205845
      0.4302806680797792
      0.4302111897697852
      0.4301450769930651
      0.4300824159856425
      0.4300232902123011
      0.4299677803609663
      0.4299159643345514
      0.4298679172387143
      0.4298237113641467
      0.4297834161621981
      0.4297470982129822
       0.429714821185383
      0.4296866457887517
      0.4296626297164105
      0.4296428275814829
      0.4296272908458869
      0.4296160677436594
      0.4296092032000859
      0.4296067387483365
      0.4296087124455165
      0.4296151587901483
       0.429626108643188
      0.4296415891546391
      0.4296616236977682
      0.4296862318127949
      0.4297154291616558
      0.4297492274952447
      0.4297876346341717
      0.4298306544637289
      0.4298782869433991
      0.4299305281308138
      0.4299873702196846
      0.4300488015908706
      0.4301148068753552
      0.4301853670276315
      0.4302604594076709
      0.4303400578695185
      0.4304241328543392
      0.4305126514857234
       0.430605577665035
      0.4307028721646555
      0.4308044927171469
      0.4309103940985374
      0.4310205282042231
      0.4311348441162776
      0.4312532881613377
       0.431375803958584
      0.4315023324577615
      0.4316328119675525
      0.4317671781749912
      0.4319053641569865
      0.4320473003852843
      0.4321929147264971
      0.4323421324390257
      0.4324948761687963
      0.4326510659458564
      0.4328106191838094
      0.4329734506840361
      0.4331394726464596
      0.4333085946884354
      0.4334807238730455
      0.4336557647478029
      0.4338336193943766
       0.434014187489628
      0.4341973663778267
      0.4343830511535622
      0.4345711347545245
      0.4347615080629621
       0.434954060014386
      0.4351486777118304
      0.4353452465438309
      0.4355436503041669
      0.4357437713113866
      0.4359454905261906
      0.4361486876648306
      0.4363532413069022
       0.436559028996108
      0.4367659273328875
      0.4369738120581335
      0.4371825581275874
      0.4373920397768661
      0.4376021305774793
      0.4378127034845599
      0.4380236308773748
      0.4382347845940087
      0.4384460359618506
      0.4386572558257615
      0.4388683145758993
      0.4390790821772625
      0.4392894282030142
      0.4394992218735602
      0.4397083321031964
       0.439916627555914
      0.4401239767116983
      0.4403302479442735
      0.4405353096109089
      0.4407390301544837
       0.440941278217589
      0.4411419227680236
      0.4413408332346643
      0.4415378796522705
      0.4417329328134968
      0.4419258644260732
      0.4421165472729185
      0.4423048553727923
      0.4424906641390359
      0.4426738505339372
       0.442854293216379
      0.4430318726805667
      0.4432064713838775
      0.4433779738621791
      0.4435462668313175
      0.4437112392738615
      0.4438727825106344
      0.4440307902569854
      0.4441851586641996
      0.4443357863468838
      0.4444825743975255
      0.4446254263898232
      0.4447642483726336
       0.444898948856655
      0.4450294387960975
      0.4451556315676973
      0.4452774429494058
        0.44539479110104
      0.4455075965489814
      0.4456157821768207
      0.4457192732235403
      0.4458179972904438
      0.4459118843577276
      0.4460008668110797
      0.4460848794783538
       0.446163859675859
      0.4462377472634368
      0.4463064847071108
      0.4463700171477439
      0.4464282924738767
      0.4464812613966838
      0.4465288775248933
      0.4465710974373868
      0.4466078807512959
      0.4466391901834638
      0.4466649916033553
       0.446685254075727
      0.4466999498917312
      0.4467090545874443
      0.4467125469492807
      0.4467104090061371
      0.4467026260085967
      0.4466891863959487
      0.4466700817521883
      0.4466453067525701
      0.4466148591025918
      0.4465787394715739
      0.4465369514231893
      0.4464895013454169
      0.4464363983824128
      0.4463776543707553
      0.4463132837823628
      0.4462433036761632
      0.4461677336602837
      0.4460865958661995
      0.4459999149358149
      0.4459077180220197
      0.4458100348027873
      0.4457068975083773
      0.4455983409607324
      0.4454844026237102
      0.4453651226623745
      0.4452405440092303
      0.4451107124349801
      0.4449756766212021
      0.4448354882322074
      0.4446902019833534
      0.4445398757031011
      0.4443845703863263
      0.4442243502366198
      0.4440592826956445
      0.4438894384580266
      0.4437148914707195
      0.4435357189162688
      0.4433520011799358
      0.4431638218011756
      0.4429712674104604
      0.4427744276529592
      0.4425733951009945
      0.4423682651575945
      0.4421591359537512
      0.4419461082422164
      0.4417292852907742
      0.4415087727779555
      0.4412846786940745
      0.4410571132502616
      0.4408261887979304
      0.4405920197606912
      0.4403547225803279
      0.4401144156779356
      0.4398712194307643
      0.4396252561647673
       0.439376650162244
       0.439125527683445
      0.4388720170004425
      0.4386162484411361
      0.4383583544408053
      0.4380984695983548
      0.4378367307341309
      0.4375732769460852
      0.4373082496610456
      0.4370417926779444
       0.436774052200066
      0.4365051768536951
      0.4362353176909157
      0.4359646281748165
      0.4356932641458892
      0.4354213837689944
      0.4351491474608674
      0.4348767177987594
      0.4346042594114133
      0.4343319388540947
      0.4340599244699276
        0.43378838624018
       0.433517495626481
      0.4332474254081634
      0.4329783495180344
      0.4327104428798543
      0.4324438812506946
      0.4321788410710606
       0.431915499325342
      0.4316540334146737
      0.4313946210437689
      0.4311374401226787
      0.4308826686837988
      0.4306304848137579
      0.4303810665992103
        0.43013459208486
      0.4298912392415251
      0.4296511859414893
      0.4294146099380129
      0.4291816888455287
      0.4289526001168802
      0.4287275210139135
      0.4285066285677617
      0.4282900995254355
      0.4280781102796022
      0.4278708367789693
      0.4276684544171785
      0.4274711378988256
      0.4272790610819033
      0.4270923967967522
      0.4269113166423604
        0.42673599076163
      0.4265665875979716
      0.4264032736362324
      0.4262462131315704
      0.4260955678303416
      0.4259514966874252
      0.4258141555846162
      0.4256836970547682
       0.425560270016282
      0.4254440195222666
      0.4253350865283384
      0.4252336076824371
      0.4251397151394717
      0.4250535364027625
      0.4249751941935351
      0.4249048063487665
      0.4248424857468758
      0.4247883402598285
      0.4247424727294833
       0.424704980965167
      0.4246759577589272
      0.4246554909143067
      0.4246436632841751
      0.4246405528128996
      0.4246462325781232
      0.4246607708275257
      0.4246842310062591
      0.4247166717711914
      0.4247581469887326
      0.4248087057137158
      0.4248683921476785
      0.4249372455757842
      0.4250153002825882
      0.4251025854478318
       0.425199125024356
        0.42530493760117
      0.4254200362554389
      0.4255444283978677
      0.4256781156164783
      0.4258210935241153
       0.425973351615206
      0.4261348731372917
       0.426305634982571
      0.4264856076043936
      0.4266747549629251
      0.4268730345035713
      0.4270803971707691
       0.427296787458793
      0.4275221435001539
      0.4277563971909767
      0.4279994743517254
      0.4282512949204546
       0.428511773174825
       0.428780817978165
      0.4290583330441658
      0.4293442172141648
      0.4296383647406117
      0.4299406655701667
      0.4302510056198848
      0.4305692670402779
      0.4308953284595322
      0.4312290652038343
       0.431570349489739
      0.4319190505854648
      0.4322750349392707
      0.4326381662742605
      0.4330083056503274
      0.4333853114951914
      0.4337690396077954
      0.4341593431384249
      0.4345560725509979
       0.434959075573768
      0.4353681971453534
      0.4357832793634137
      0.4362041614433957
      0.4366306796947222
       0.437062667521361
      0.4374999554530644
      0.4379423712127091
      0.4383897398240219
       0.438841883762687
      0.4392986231523831
      0.4397597760057391
      0.4402251585086134
      0.4406945853444921
      0.4411678700542723
      0.4416448254252551
      0.4421252639019461
       0.442608998010172
      0.4430958407852465
      0.4435856061944413
      0.4440781095437513
       0.444573167859182
      0.4450706002331593
      0.4455702281275477
      0.4460718756258322
      0.4465753696284339
      0.4470805399867797
      0.4475872195735979
      0.4480952442889135
      0.4486044530032782
      0.4491146874418941
      0.4496257920153267
      0.4501376136044283
      0.4506500013088588
      0.4511628061700553
      0.4516758808807078
      0.4521890794936034
       0.452702257143167
      0.4532152697929546
      0.4537279740219894
      0.4542402268618558
       0.454751885695182
      0.4552628082243547
      0.4557728525171882
      0.4562818771338009
      0.4567897413362246
      0.4572963053793241
      0.4578014308785834
      0.4583049812472113
      0.4588068221919988
      0.4593068222544988
      0.4598048533814354
      0.4603007915059475
      0.4607945171193293
      0.4612859158115109
      0.4617748787575552
      0.4622613031271391
      0.4627450923941878
      0.4632261565247575
      0.4637044120227184
      0.4641797818148763
      0.4646521949598744
      0.4651215861683464
      0.4655878951254668
      0.4660510656110248
       0.466511044416461
      0.4669677800627901
      0.4674212213278913
      0.4678713155961899
      0.4683180070481456
      0.4687612347111198
      0.4692009303969761
