                       0
   4.996626666668978e-05
   0.0001997269431945578
   0.0004490676792427304
   0.0007977646047689038
    0.001245584371409562
    0.001792284194715931
    0.002437611897233135
    0.003181305952411958
    0.004023095529336103
    0.004962700538250245
     0.00599983167686223
    0.007134190477417227
    0.008365469354496884
    0.009693351653542128
     0.01111751170008651
     0.01263761484962494
     0.01425331753813239
     0.01596426733322083
     0.01777010298584334
      0.0196704544826076
     0.02166494309851481
     0.02375318145033993
     0.02593477355032884
     0.02820931486041547
      0.0305763923468194
     0.03303558453499889
     0.03558646156490787
      0.0382285852465986
     0.04096150911609037
     0.04378477849139142
     0.04669793052881545
     0.04970049427932437
     0.05279199074515427
      0.0559719329364145
     0.05923982592775899
     0.06259516691511145
     0.06603744527234792
     0.06956614260787604
     0.07318073282133347
      0.0768806821598324
     0.08066544927434061
     0.08453448527567832
     0.08848723379050182
     0.09252313101690543
     0.09664160577955344
      0.1008420795850027
      0.1051239666761415
      0.1094866740865789
      0.1139296016945257
      0.1184521422763235
      0.1230536815593334
      0.1277335982745423
      0.1324912642086399
      0.1373260442555332
      0.1422372964671799
      0.1472243721040722
          0.152286615685
      0.1574233650364458
      0.1626339513409689
      0.1679176991851732
      0.1732739266070747
      0.1787019451429006
      0.1842010598727782
      0.1897705694664049
      0.1954097662272571
      0.2011179361370788
      0.2068943588987848
      0.2127383079789943
       0.218649050650327
        0.22462584803217
      0.2306679551313247
      0.2367746208821566
      0.2429450881851683
      0.2491785939461966
      0.2554743691137948
      0.2618316387163937
      0.2682496218995777
      0.2747275319611413
      0.2812645763871779
      0.2878599568864674
      0.2945128694255296
       0.301222504261214
       0.307988045975016
      0.3148086735052154
      0.3216835601795097
      0.3286118737472063
      0.3355927764103158
      0.3426254248553426
      0.3497089702838225
      0.3568425584431539
      0.3640253296572137
      0.3712564188566245
      0.3785349556087784
      0.3858600641482483
      0.3932308634066699
      0.4006464670430987
      0.4081059834738047
      0.4156085159031024
       0.423153162353434
      0.4307390156962912
      0.4383651636831873
      0.4460306889771277
      0.4537346691845597
      0.4614761768871031
      0.4692542796752626
      0.4770680401813259
      0.4849165161132272
      0.4927987602902983
      0.5007138206778168
      0.5086607404247944
      0.5166385579004386
       0.524646306733259
      0.5326830158505005
      0.5407477095184243
      0.5488394073855982
      0.5569571245250998
      0.5650998714795052
      0.5732666543072895
      0.5814564746301951
      0.5896683296832396
       0.597901212365011
      0.6061541112904937
       0.614426010846755
      0.6227158912476413
      0.6310227285947621
      0.6393454949361526
      0.6476831583301013
      0.6560346829098734
      0.6643990289510335
      0.6727751529412087
      0.6811620076530519
      0.6895585422178085
      0.6979637022035885
      0.7063764296945958
      0.7147956633753351
      0.7232203386139957
       0.731649387552602
      0.7400817391985992
      0.7485163195181773
       0.756952051534305
      0.7653878554269805
      0.7738226486384899
      0.7822553459781267
      0.7906848597347691
      0.7991100997891931
      0.8075299737310123
      0.8159433869806437
      0.8243492429123304
      0.8327464429817054
      0.8411338868565579
      0.8495104725519728
      0.8578750965687079
      0.8662266540352098
      0.8745640388524558
      0.8828861438439047
      0.8911918609089291
      0.8994800811779041
      0.9077496951743936
      0.9159995929784814
      0.9242286643951073
      0.9324357991250541
      0.9406198869403589
       0.948779817863618
       0.956914482351863
      0.9650227714801786
      0.9731035771347082
      0.9811557922043478
      0.9891783107780934
       0.997170028346035
       1.005129842005929
       1.013056650664959
        1.02094935525747
       1.028806858953947
       1.036628067380687
       1.044411888841456
       1.052157234539941
       1.059863018806059
       1.067528159325845
        1.07515157737509
       1.082732198053286
       1.090268950521168
       1.097760768243373
       1.105206589228393
       1.112605356274329
       1.119956017215751
       1.127257525174924
       1.134508838811136
       1.141708922572621
       1.148856746953708
        1.15595128874808
       1.162991531307983
       1.169976464802096
       1.176905086474653
       1.183776400907529
       1.190589420279021
       1.197343164627191
       1.204036662110466
       1.210668949272396
       1.217239071302262
        1.22374608229705
       1.230189045524609
       1.236567033684538
       1.242879129167071
       1.249124424317354
       1.255302021688509
       1.261411034304516
       1.267450585912365
       1.273419811239042
       1.279317856242618
       1.285143878364911
       1.290897046777595
       1.296576542629532
       1.302181559291212
       1.307711302593726
       1.313164991066902
       1.318541856174471
       1.323841142546132
       1.329062108203514
       1.334204024785826
       1.339266177768845
        1.34424786668247
       1.349148405322515
       1.353967121956232
       1.358703359527856
       1.363356475855388
       1.367925843823935
       1.372410851575832
       1.376810902691787
       1.381125416369449
       1.385353827596046
       1.389495587314789
        1.39355016258429
       1.397517036737743
       1.401395709527206
       1.405185697269492
       1.408886532982857
       1.412497766515473
        1.41601896467043
        1.41944971132465
       1.422789607536268
       1.426038271652211
       1.429195339402799
       1.432260463993456
       1.435233316188854
       1.438113584388055
       1.440900974694466
       1.443595210979107
        1.44619603493508
       1.448703206126756
       1.451116502029305
       1.453435718064751
       1.455660667628473
       1.457791182107528
       1.459827110894119
       1.461768321390776
       1.463614699009229
       1.465366147160933
       1.467022587241969
       1.468583958609736
       1.470050218552992
       1.471421342255823
        1.47269732275223
       1.473878170879269
       1.474963915216957
       1.475954602024966
       1.476850295173635
       1.477651076065918
       1.478357043556529
       1.478968313858382
       1.479485020451357
       1.479907313978193
       1.480235362136936
       1.480469349569576
       1.480609477739009
       1.480655964807613
       1.480609045505419
       1.480468970993306
       1.480236008725267
       1.479910442299576
       1.479492571308133
       1.478982711181768
       1.478381193029046
       1.477688363470523
       1.476904584471892
       1.476030233166585
        1.47506570168169
       1.474011396953705
        1.47286774054483
       1.471635168453024
       1.470314130919815
        1.46890509223474
       1.467408530535903
       1.465824937608536
       1.464154818680222
       1.462398692212842
       1.460557089693964
       1.458630555424061
       1.456619646301029
       1.454524931604571
        1.45234699277939
       1.450086423210927
        1.44774382800843
        1.44531982377784
       1.442815038399442
       1.440230110802289
       1.437565690737457
       1.434822438549053
       1.432001024948053
       1.429102130782985
        1.42612644681012
         1.4230746734655
       1.419947520632311
       1.416745707414205
       1.413469961904413
       1.410121020956886
       1.406699629955225
       1.403206542585897
       1.399642520608856
       1.396008333631913
       1.392304758882523
       1.388532580980334
       1.384692591716523
       1.380785589826357
       1.376812380767317
       1.372773776498646
       1.368670595260594
       1.364503661355767
       1.360273804932503
        1.35598186176865
       1.351628673058572
       1.347215085201147
       1.342741949588488
       1.338210122398108
       1.333620464386717
       1.328973840686752
       1.324271120601899
       1.319513177408113
       1.314700888155526
       1.309835133472746
       1.304916797372757
       1.299946767062221
       1.294925932752301
       1.289855187470893
       1.284735426881027
       1.279567549096011
       1.274352454503241
       1.269091045584515
       1.263784226743039
       1.258432904132444
       1.253037985485214
       1.247600379947494
       1.242120997914711
       1.236600750869977
       1.231040551224888
       1.225441312161815
        1.21980394748233
       1.214129371453863
       1.208418498660602
       1.202672243859033
        1.19689152183336
       1.191077247253632
        1.18523033453821
       1.179351697716811
       1.173442250297861
        1.16750290513601
       1.161534574305607
       1.155538168971333
       1.149514599268469
       1.143464774177937
       1.137389601409894
       1.131289987286121
       1.125166836626094
       1.119021052634379
       1.112853536791484
       1.106665188746859
        1.10045690621372
       1.094229584866403
       1.087984118238243
       1.081721397624517
        1.07544231198452
       1.069147747848152
       1.062838589223105
       1.056515717503779
       1.050180011384825
       1.043832346771938
       1.037473596698905
       1.031104631244349
       1.024726317450849
       1.018339519245183
       1.011945097360701
       1.005543909261702
      0.9991368090716577
      0.9927246474961997
      0.9863082717560752
      0.9798885255163872
      0.9734662488180682
      0.9670422780116648
      0.9606174456938996
      0.9541925806425025
      0.9477685077550014
       0.941346047987885
      0.9349260182953525
      0.9285092315739559
      0.9220964966033122
      0.9156886179911539
      0.9092863961179263
      0.9028906270841176
      0.8965021026574965
       0.890121610219897
      0.8837499327199783
      0.8773878486200677
      0.8710361318513098
       0.864695551763299
      0.8583668730781722
      0.8520508558450326
      0.8457482553943941
      0.8394598222937133
      0.8331863023054086
      0.8269284363410421
      0.8206869604228135
      0.8144626056389123
      0.8082560981050493
      0.8020681589234764
      0.7958995041431981
       0.789750844721488
      0.7836228864855457
      0.7775163300942833
       0.771431871001682
      0.7653701994190412
      0.7593320002790573
      0.7533179532004551
      0.7473287324517598
      0.7413650069169946
      0.7354274400612791
       0.729516689894576
      0.7236334089406392
      0.7177782442020422
      0.7119518371271965
      0.7061548235778884
      0.7003878337966737
      0.6946514923744876
      0.6889464182190935
      0.6832732245236122
      0.6776325187350807
      0.6720249025235252
      0.6664509717513758
      0.6609113164428234
      0.6554065207540957
      0.6499371629426299
      0.6445038153384635
      0.6391070443139084
      0.6337474102548906
      0.6284254675313371
      0.6231417644696711
      0.6178968433232923
      0.6126912402440593
      0.6075254852556158
      0.6024001022244815
      0.5973156088335033
      0.5922725165530811
      0.5872713306152516
      0.5823125499870271
      0.5773966673433535
      0.5725241690410202
      0.5676955350931253
      0.5629112391420347
      0.5581717484355235
      0.5534775238006131
      0.5488290196190069
      0.5442266838024115
      0.5396709577684029
      0.5351622764163223
      0.5307010681036297
      0.5262877546230604
      0.5219227511793251
      0.5176064663658603
      0.5133393021438352
      0.5091216538188599
       0.504953910020694
       0.500836452681679
      0.4967696570156207
      0.4927538914981917
      0.4887895178463301
      0.4848768909992504
      0.4810163590990345
      0.4772082634727053
      0.4734529386131315
      0.4697507121622071
      0.4661019048930309
      0.4625068306940472
      0.4589657965522643
      0.4554791025376964
      0.4520470417883738
      0.4486699004959717
      0.4453479578908427
      0.4420814862299147
      0.4388707507830938
      0.4357160098206116
      0.4326175146018131
      0.4295755093634168
      0.4265902313107303
       0.423661910605504
      0.4207907703581304
      0.4179770266182134
      0.4152208883673575
      0.4125225575105838
       0.409882228871645
       0.407300090185161
      0.4047763220922439
      0.4023110981355678
      0.3999045847556201
      0.3975569412871475
      0.3952683199569334
      0.3930388658816322
      0.3908687170667664
      0.3887580044063073
       0.386706851683037
      0.3847153755693639
      0.3827836856293882
      0.3809118843208075
      0.3791000669986488
      0.3773483219189578
      0.3756567302435539
      0.3740253660451853
      0.3724542963136468
      0.3709435809632403
      0.3694932728395346
      0.3681034177284679
      0.3667740543646374
      0.3655052144416752
      0.3642969226224445
      0.3631491965505342
      0.3620620468622309
      0.3610354771987114
      0.3600694842203251
      0.3591640576198111
      0.3583191801377913
      0.3575348275783244
      0.3568109688244558
      0.3561475658556738
      0.3555445737659365
      0.3550019407808324
      0.3545196082777077
      0.3540975108049559
      0.3537355761017105
      0.3534337251197391
      0.3531918720443272
       0.353009924316991
      0.3528877826584156
      0.3528253410912497
       0.352822486964848
      0.3528791009801265
      0.3529950572139729
      0.3531702231460588
      0.3534044596846776
      0.3536976211943169
      0.3540495555228193
      0.3544601040293673
      0.3549291016137077
       0.355456376744638
      0.3560417514902307
      0.3566850415481888
      0.3573860562755092
      0.3581445987208549
      0.3589604656554015
      0.3598334476050704
      0.3607633288836343
       0.361749887625257
      0.3627928958176402
      0.3638921193365457
      0.3650473179794031
      0.3662582455006577
      0.3675246496462019
      0.3688462721890594
      0.3702228489652959
      0.3716541099101854
       0.373139779094633
      0.3746795747618655
      0.3762732093651176
      0.3779203896045801
      0.3796208164657038
      0.3813741852573026
      0.3831801856495786
      0.3850385017134935
      0.3869488119594779
      0.3889107893765255
      0.3909241014722863
       0.392988410312506
      0.3951033725614658
      0.3972686395220631
      0.3994838571762515
      0.4017486662266161
      0.4040627021369312
      0.4064255951734726
      0.4088369704464871
       0.411296447952795
      0.4138036426165015
      0.4163581643325791
      0.4189596180082566
       0.421607603606208
      0.4243017161875876
      0.4270415459545461
      0.4298266782943876
      0.4326566938220796
      0.4355311684251728
      0.4384496733069896
      0.4414117750310916
      0.4444170355652643
      0.4474650123270844
       0.450555258227769
      0.4536873217180458
      0.4568607468331518
      0.4600750732380803
      0.4633298362740038
      0.4666245670038705
      0.4699587922588934
      0.4733320346851241
      0.4767438127898353
      0.4801936409889515
      0.4836810296543301
      0.4872054851616592
      0.4907665099379038
      0.4943636025089571
      0.4979962575495258
      0.5016639659308079
      0.5053662147700352
      0.5091024874797713
      0.5128722638178245
      0.5166750199368514
      0.5205102284352922
      0.5243773584083168
      0.5282758754989765
      0.5322052419487004
       0.536164916650408
      0.5401543552005968
      0.5441730099523786
      0.5482203300677324
      0.5522957615716255
      0.5563987474067968
      0.5605287274871519
      0.5646851387533985
      0.5688674152278694
      0.5730749880709509
       0.577307285637524
      0.5815637335339028
       0.585843754674546
      0.5901467693412198
      0.5944721952400266
      0.5988194475614059
      0.6031879390400887
       0.607577080013879
      0.6119862784849969
      0.6164149401817171
      0.6208624686200135
      0.6253282651656962
      0.6298117290974291
      0.6343122576706328
      0.6388292461815995
      0.6433620880321427
      0.6479101747954482
      0.6524728962820598
      0.6570496406067767
      0.6616397942548689
      0.6662427421523283
       0.670857867732251
      0.6754845530052797
       0.680122178629639
      0.6847701239816127
      0.6894277672264384
      0.6940944853911628
      0.6987696544359671
      0.7034526493282774
      0.7081428441165184
      0.7128396120045165
      0.7175423254269382
      0.7222503561251745
      0.7269630752235733
       0.731679853306708
      0.7364000604975818
      0.7411230665353713
      0.7458482408547594
      0.7505749526660416
      0.7553025710347784
      0.7600304649624748
      0.7647580034695844
      0.7694845556758003
      0.7742094908842967
      0.7789321786634879
      0.7836519889311858
      0.7883682920399567
      0.7930804588611393
      0.7977878608702622
      0.8024898702326283
      0.8071858598905071
      0.8118752036502038
      0.8165572762679589
      0.8212314535385618
      0.8258971123843535
      0.8305536309430714
      0.8352003886571532
      0.8398367663626857
      0.8444621463801636
      0.8490759126038796
      0.8536774505934228
      0.8582661476630941
      0.8628413929743696
      0.8674025776271086
      0.8719490947505358
       0.876480339596305
      0.8809957096296621
      0.8854946046223503
      0.8899764267451017
      0.8944405806608061
      0.8988864736163613
      0.9033135155359687
      0.9077211191150295
      0.9121086999124574
      0.9164756764444782
      0.9208214702772959
       0.925145506120631
      0.9294472119200741
      0.9337260189520328
      0.9379813619149544
      0.9422126790240143
      0.9464194121023125
      0.9506010066750732
      0.9547569120607294
      0.9588865814647903
      0.9629894720715455
      0.9670650451358535
      0.9711127660740655
      0.9751321045571164
      0.9791225345998028
       0.983083534652602
      0.9870145876927751
       0.990915181312051
      0.9947848078090069
      0.9986229642753098
       1.002429152685902
       1.006202879988852
       1.009943658189815
       1.013651004440472
       1.017324441125174
       1.020963495947591
       1.024567702014034
         1.0281365979209
       1.031669727834977
       1.035166641580199
       1.038626894717676
       1.042050048627806
       1.045435670592082
       1.048783333871361
       1.052092617786992
       1.055363107797742
       1.058594395577337
       1.061786079090372
       1.064937762668079
       1.068049057082793
       1.071119579619776
       1.074148954150714
       1.077136811205073
       1.080082788037763
       1.082986528699524
       1.085847684102737
       1.088665912090203
       1.091440877495727
        1.09417225221166
        1.09685971524868
       1.099502952797881
       1.102101658287761
       1.104655532444682
       1.107164283347877
       1.109627626483552
       1.112045284799979
       1.114416988757038
       1.116742476377478
       1.119021493295963
       1.121253792803818
       1.123439135894638
       1.125577291308512
       1.127668035573066
       1.129711153041573
       1.131706435932346
       1.133653684364311
        1.13555270639066
       1.137403318030416
       1.139205343298161
       1.140958614234919
       1.142662970931458
       1.144318261552721
       1.145924342360892
       1.147481077733712
       1.148988340185078
       1.150446010376048
       1.151853977133595
       1.153212137459484
       1.154520396538572
       1.155778667747405
       1.156986872659252
       1.158144941045526
       1.159252810876682
       1.160310428321359
       1.161317747740208
       1.162274731682771
       1.163181350875961
        1.16403758421438
       1.164843418748607
       1.165598849668456
       1.166303880286234
       1.166958522016244
       1.167562794352828
        1.16811672484758
       1.168620349082962
       1.169073710641167
       1.169476861075963
       1.169829859878333
       1.170132774442762
       1.170385680027994
       1.170588659720353
        1.17074180438938
       1.170845212645016
       1.170898990794695
       1.170903252791164
        1.17085812018545
       1.170763722076196
       1.170620195053933
       1.170427683146268
       1.170186337760206
       1.169896317624987
       1.169557788728508
        1.16917092425508
       1.168735904521522
       1.168252916911899
       1.167722155808001
       1.167143822520808
        1.16651812521994
       1.165845278860323
       1.165125505109079
       1.164359032269661
       1.163546095205677
       1.162686935263664
       1.161781800192961
       1.160830944066221
       1.159834627196294
       1.158793116055431
       1.157706683191284
        1.15657560714228
        1.15540017235236
       1.154180669083576
       1.152917393329458
        1.15161064672773
       1.150260736471953
       1.148867975219539
       1.147432681004915
       1.145955177148929
       1.144435792164501
       1.142874859668472
       1.141272718289268
       1.139629711574255
       1.137946187897385
       1.136222500366619
       1.134459006730163
       1.132656069285399
       1.130814054785541
       1.128933334345525
       1.127014283349232
       1.125057281356456
        1.12306271201113
        1.12103096294837
       1.118962425702075
       1.116857495611073
       1.114716571729995
       1.112540056735877
       1.110328356838058
        1.10808188168616
       1.105801044281055
        1.10348626088578
       1.101137950934187
       1.098756536943142
       1.096342444425709
       1.093896101801708
       1.091417940312265
        1.08890839393383
       1.086367899290411
       1.083796895571197
       1.081195824446814
       1.078565129983071
       1.075905258561516
        1.07321665879679
       1.070499781454634
       1.067755079372999
       1.064983007381089
       1.062184022223313
       1.059358582480236
       1.056507148491479
       1.053630182280087
       1.050728147477157
        1.04780150924968
       1.044850734223412
       1.041876290414291
        1.03887864715244
       1.035858275016022
       1.032815645759046
       1.029751232241559
       1.026665508362851
       1.023558948993144
       1.020432029908291
       1.017285227721371
       1.014119019821103
        1.01093388430629
        1.00773029992166
       1.004508745996044
       1.001269702380904
      0.9980136493891747
      0.9947410677343231
      0.9914524384714252
       0.988148242937368
      0.9848289626939497
      0.9814950794684967
      0.9781470750997365
      0.9747854314773259
      0.9714106304893786
      0.9680231539667929
      0.9646234836273311
      0.9612121010228869
      0.9577894874841335
       0.954356124070577
      0.9509124915148737
      0.9474590701722722
      0.9439963399698715
       0.940524780352588
      0.9370448702352412
      0.9335570879507201
      0.9300619111996882
      0.9265598170027437
      0.9230512816502682
      0.9195367806524209
      0.9160167886928916
      0.9124917795786396
       0.908962226193322
      0.9054286004486213
      0.9018913732382279
      0.8983510143900308
      0.8948079926191991
        0.89126277548182
      0.8877158293297978
      0.8841676192635001
      0.8806186090855725
      0.8770692612577348
      0.8735200368528671
      0.8699713955115724
      0.8664237953953953
      0.8628776931444655
       0.859333543830515
      0.8557918009146476
      0.8522529162023168
      0.8487173397971406
      0.8451855200624167
      0.8416579035703967
      0.8381349350644357
       0.834617057413486
      0.8311047115680911
      0.8275983365198009
      0.8240983692558074
      0.8206052447182761
      0.8171193957599165
      0.8136412531048263
      0.8101712453035577
      0.8067097986926139
      0.8032573373530481
      0.7998142830687276
      0.7963810552862546
      0.7929580710722149
      0.7895457450752589
      0.7861444894832373
      0.7827547139845448
       0.779376825728642
      0.7760112292858641
      0.7726583266090146
      0.7693185169934372
      0.7659921970396837
      0.7626797606138755
      0.7593815988113259
      0.7560980999180926
       0.752829649373522
      0.7495766297333591
      0.7463394206340205
      0.7431183987547809
      0.7399139377831299
      0.7367264083777991
      0.7335561781345614
      0.7304036115512342
      0.7272690699930566
       0.724152911657127
      0.7210554915409103
      0.7179771614076333
      0.7149182697529237
      0.7118791617728233
      0.7088601793314578
       0.705861660929793
