                       0
    4.99662666666639e-05
   0.0001997269431944565
   0.0004490676792424744
   0.0007977646047691386
    0.001245584371412825
    0.001792284194730465
    0.002437611897283446
    0.003181305952558234
    0.004023095529708207
    0.004962700539101124
    0.005999831678657262
    0.007134190480955637
    0.008365469361095694
    0.009693351665287085
     0.01111751172014761
     0.01263761488269055
     0.01425331759097128
     0.01596426741537072
     0.01777010311049256
     0.01967045466764162
      0.0216649433678728
     0.02375318183555407
     0.02593477409245376
     0.02820931561229507
     0.03057639337576285
     0.03303558592593982
     0.03558646342413443
     0.03822858770608717
     0.04096151233850885
     0.04378478267595073
     0.04669793591795617
     0.04970050116648993
     0.05279199948359078
      0.0559719439492584
     0.05923983971951876
     0.06259518408466049
     0.06603746652760691
     0.06956616878241373
     0.07318076489283697
     0.07688072127100755
      0.0806654967561088
     0.08453454267309331
     0.08848730289138518
     0.09252321388356273
     0.09664170478400612
      0.1008421974474182
      0.1051241065072972
      0.1094868394342729
      0.1139297965942987
      0.1184523713066774
      0.1230539499019143
      0.1277339117793697
      0.1324916294646585
      0.1373264686668434
      0.1422377883353658
      0.1472249407166908
       0.152287271410671
      0.1574241194265804
      0.1626348172388936
      0.1679186908426855
      0.1732750598086928
      0.1787032373380573
      0.1842025303167057
      0.1897722393693118
      0.1954116589130059
      0.2011200772105586
      0.2068967764233188
      0.2127410326637065
      0.2186521160472901
      0.2246292907445663
      0.2306718150322916
      0.2367789413444152
      0.2429499163227176
      0.2491839808669657
      0.2554803701847759
      0.2618383138410983
      0.2682570358072403
      0.2747357545097643
      0.2812736828787757
      0.2878700283961058
      0.2945239931429829
      0.3012347738476363
      0.3080015619323676
      0.3148235435605335
      0.3216998996832126
      0.3286298060855929
      0.3356124334332666
      0.3426469473182532
      0.3497325083049025
      0.3568682719756623
      0.3640533889767293
      0.3712870050636726
      0.3785682611469619
      0.3858962933375146
      0.3932702329922956
      0.4006892067598684
      0.4081523366262171
       0.415658739960509
      0.4232075295611525
       0.430797813702027
       0.438428696178922
      0.4460992763562823
      0.4538086492142183
      0.4615559053959976
      0.4693401312557374
      0.4771604089066711
      0.4850158162698948
      0.4929054271234589
      0.5008283111522257
      0.5087835339980804
       0.516770157310987
      0.5247872388005329
      0.5328338322882989
       0.540908987760928
      0.5490117514239181
      0.5571411657563542
      0.5652962695664547
      0.5734760980480165
      0.5816796828378361
      0.5899060520741309
      0.5981542304560198
      0.6064232393040426
      0.6147120966218588
      0.6230198171591631
      0.6313454124757046
      0.6396878910067465
      0.6480462581297455
      0.6564195162323525
      0.6648066647820572
      0.6732067003970503
      0.6816186169186415
      0.6900414054853973
       0.698474054608738
      0.7069155502502416
      0.7153648759005496
      0.7238210126602013
      0.7322829393220991
      0.7407496324557789
      0.7492200664936572
      0.7576932138191318
      0.7661680448566305
      0.7746435281634741
      0.7831186305241927
       0.791592317046328
      0.8000635512587396
      0.8085312952119112
      0.8169945095802371
      0.8254521537667255
      0.8339031860097421
      0.8423465634921296
      0.8507812424523817
      0.8592061782982882
      0.8676203257227506
      0.8760226388220175
      0.8844120712161574
      0.8927875761720052
      0.9011481067284637
       0.909492615824061
      0.9178200564270463
      0.9261293816678392
      0.9344195449739694
      0.9426895002073723
      0.9509382018040006
      0.9591646049159758
      0.9673676655563108
       0.975546340745552
      0.9836995886613712
       0.991826368790191
       0.999925642081239
       1.007996371102839
       1.016037520201444
       1.024048055662221
       1.032026945872656
       1.039973161487834
       1.047885675597996
       1.055763463898417
        1.06360550486127
       1.071410779909491
       1.079178273592631
       1.086906973764645
       1.094595871763754
       1.102243962593755
       1.109850245107338
       1.117413722191294
        1.12493340095299
       1.132408292908499
       1.139837414172337
       1.147219785648818
       1.154554433224177
       1.161840387960592
       1.169076686291175
       1.176262370216025
       1.183396487499513
       1.190478091868113
       1.197506243209906
        1.20448000777407
        1.21139845837162
       1.218260674576475
       1.225065742927196
       1.231812757129098
       1.238500818256745
       1.245129034956622
       1.251696523650156
       1.258202408736176
        1.26464582279424
         1.2710259067868
       1.277341810261769
       1.283592691554325
       1.289777717988367
        1.29589606607713
        1.30194692172338
       1.307929480418475
       1.313842947440345
        1.31968653805089
       1.325459477691582
       1.331161002177862
       1.336790357892382
       1.342346801976403
       1.347829602519388
       1.353238038747144
       1.358571401207647
       1.363828991955075
       1.369010124731636
       1.374114125146981
       1.379140330855419
       1.384088091730361
       1.388956770036323
       1.393745740598208
       1.398454390967705
       1.403082121586438
       1.407628345946654
       1.412092490748297
       1.416473996052621
       1.420772315433037
       1.424986916121843
       1.429117279153719
       1.433162899505396
       1.437123286231605
       1.440997962596847
       1.444786466203705
        1.44848834911648
       1.452103177981096
         1.4556305341405
       1.459070013745737
        1.46242122786281
       1.465683802574677
       1.468857379079038
       1.471941613781141
       1.474936178382082
       1.477840759962396
       1.480655061060482
       1.483378799746462
       1.486011709690921
       1.488553540228895
       1.491004056418432
       1.493363039094447
        1.49563028491734
       1.497805606416505
       1.499888832028705
       1.501879806131295
       1.503778389070208
       1.505584457183019
        1.50729790281615
       1.508918634337642
       1.510446576144386
       1.511881668663958
       1.513223868351639
       1.514473147681801
       1.515629495134777
        1.51669291517778
       1.517663428241285
       1.518541070690044
       1.519325894788802
       1.520017968663694
       1.520617376257519
       1.521124217280825
       1.521538607158026
       1.521860676967814
       1.522090573379575
       1.522228458584633
       1.522274510222461
       1.522228921302564
       1.522091900121568
       1.521863670175324
       1.521544470067205
       1.521134553411084
       1.520634188730658
       1.520043659353743
       1.519363263302953
       1.518593313181628
       1.517734136056051
       1.516786073333454
       1.515749480636273
       1.514624727672136
       1.513412198100771
        1.51211228939654
       1.510725412707891
       1.509251992713101
       1.507692467472978
       1.506047288279621
       1.504316919502803
       1.502501838432623
       1.500602535119638
       1.498619512211841
       1.496553284788838
        1.49440438019359
       1.492173337861523
       1.489860709146971
       1.487467057147336
       1.484992956525256
       1.482438993328204
         1.4798057648064
       1.477093879228476
        1.47430395569544
       1.471436623952964
       1.468492524202037
       1.465472306907962
       1.462376632608012
       1.459206171717739
       1.455961604336159
       1.452643620049934
        1.44925291773601
       1.445790205364167
       1.442256199798153
       1.438651626596493
       1.434977219812373
       1.431233721793464
        1.42742188298097
       1.423542461708565
       1.419596224001185
       1.415583943373447
       1.411506400628603
       1.407364383656957
       1.403158687234773
       1.398890112823341
       1.394559468368545
       1.390167568100654
       1.385715232334643
       1.381203287271148
       1.376632564797966
       1.372003902292391
       1.367318142424295
       1.362576132960081
       1.357778726567349
         1.3529267806209
       1.348021157009405
       1.343062721943556
       1.338052345765236
       1.332990902757469
       1.327879270956524
       1.322718331964656
       1.317508970764287
       1.312252075533949
       1.306948537465363
       1.301599250582404
       1.296205111561146
       1.290767019551926
       1.285285876003104
       1.279762584486003
       1.274198050522114
       1.268593181411875
       1.262948886065167
       1.257266074833931
       1.251545659346225
       1.245788552342633
       1.239995667514095
       1.234167919342426
       1.228306222941861
       1.222411493903416
       1.216484648140801
       1.210526601738406
       1.204538270801627
       1.198520571308787
       1.192474418965604
       1.186400729061298
       1.180300416326958
       1.174174394796064
       1.168023577667078
       1.161848877168082
        1.15565120442341
       1.149431469322608
       1.143190580391259
       1.136929444664087
       1.130648967559854
       1.124350052758771
       1.118033602081627
       1.111700515371088
       1.105351690375108
         1.0989880226324
       1.092610405359886
        1.08621972934223
       1.079816882823086
       1.073402751399138
       1.066978217915129
       1.060544162361656
       1.054101461774486
       1.047650990136187
       1.041193618279155
       1.034730213791079
       1.028261640922021
       1.021788760493307
         1.0153124298087
       1.008833502566622
       1.002352828775054
      0.9958712546674253
      0.9893896226210761
      0.9829087710764679
      0.9764295344588648
      0.9699527431016202
      0.9634792231705342
      0.9570097965906627
      0.9505452809738458
      0.9440864895485481
      0.9376342310908176
      0.9311893098568721
      0.9247525255171772
      0.9183246730920394
      0.9119065428884158
      0.9054989204384832
      0.8991025864391664
      0.8927183166934657
      0.8863468820527434
      0.8799890483605073
      0.8736455763974852
      0.8673172218278599
      0.8610047351467954
        0.85470886162924
       0.848430341279761
      0.8421699087837174
      0.8359282934594442
      0.8297062192116308
      0.8235044044858286
      0.8173235622238868
      0.8111643998205755
      0.8050276190813579
      0.7989139161808101
       0.792823981622389
      0.7867585001989834
      0.7807181509544692
      0.7747036071461659
      0.7687155362082688
      0.7627545997160731
      0.7568214533510956
      0.7509167468670528
      0.7450411240567193
      0.7391952227194082
      0.7333796746295251
      0.7275951055056042
      0.7218421349803344
      0.7161213765711361
      0.7104334376516046
      0.7047789194235339
      0.6991584168898107
      0.6935725188276649
      0.6880218077629797
       0.682506859945016
      0.6770282453216689
      0.6715865275156785
      0.6661822638011025
      0.6608160050807241
      0.6554882958637561
       0.650199674244309
      0.6449506718802953
      0.6397418139730665
      0.6345736192473698
      0.6294465999322174
      0.6243612617417759
      0.6193181038572387
      0.6143176189089836
      0.6093602929592856
      0.6044466054855506
      0.5995770293640151
      0.5947520308539579
      0.5899720695823513
      0.5852375985290494
      0.5805490640124454
      0.5759069056754753
      0.5713115564722852
      0.5667634426551046
      0.5622629837617169
      0.5578105926034064
        0.55340667525328
       0.549051631035046
      0.5447458525121032
      0.5404897254773521
      0.5362836289431597
       0.532127935131946
      0.5280230094670253
      0.5239692105640341
       0.519966890222688
      0.5160163934190591
       0.512118058298219
      0.5082722161672913
      0.5044791914889851
      0.5007393018756249
      0.4970528580834543
      0.4934201640074999
      0.4898415166768728
       0.486317206250431
      0.4828475160129976
      0.4794327223718391
      0.4760730948538442
        0.47276889610297
      0.4695203818781682
      0.4663278010517379
       0.463191395608302
      0.4601114006439075
      0.4570880443659505
      0.4541215480932746
      0.4512121262568977
      0.4483599864010698
      0.4455653291849204
       0.442828348384435
      0.4401492308949949
      0.4375281567343534
      0.4349652990460157
      0.4324608241031698
      0.4300148913130231
      0.4276276532216409
      0.4252992555192824
      0.4230298370460929
      0.4208195297984148
      0.4186684589354431
      0.4165767427864656
      0.4145444928585304
      0.4125718138445122
      0.4106588036318448
      0.4088055533115201
      0.4070121471877588
      0.4052786627880404
      0.4036051708736133
      0.4019917354506043
      0.4004384137814348
      0.3989452563969298
      0.3975123071086632
      0.3961396030220744
       0.394827174549798
      0.3935750454255865
      0.3923832327187983
      0.3912517468492366
      0.3901805916024553
      0.3891697641457131
      0.3882192550441942
      0.3873290482777862
      0.3864991212584007
      0.3857294448476057
      0.3850199833749059
      0.3843706946563044
      0.3837815300134083
      0.3832524342930629
      0.3827833458873182
      0.3823741967538592
      0.3820249124370209
      0.3817354120890353
      0.3815056084919343
      0.3813354080797132
      0.3812247109610494
      0.3811734109424398
      0.3811813955516939
       0.381248546061954
      0.3813747375160617
      0.3815598387513546
      0.3818037124249858
      0.3821062150394872
      0.3824671969688767
      0.3828865024851302
      0.3833639697850222
      0.3838994310173993
      0.3844927123108788
      0.3851436338018909
      0.3858520096631149
      0.3866176481322747
      0.3874403515413902
      0.3883199163463311
       0.389256133156743
      0.3902487867663279
      0.3912976561835429
      0.3924025146625965
      0.3935631297347535
      0.3947792632400994
        0.39605067135953
      0.3973771046470805
      0.3987583080626834
       0.400194021005091
      0.4016839773452254
      0.4032279054598254
       0.404825528265329
      0.4064765632521617
       0.408180722519204
      0.4099377128086593
      0.4117472355411646
      0.4136089868511182
      0.4155226576224121
       0.417487933524377
      0.4195044950480014
       0.421572017542377
      0.4236901712515402
        0.42585862135143
      0.4280770279872171
      0.4303450463108237
      0.4326623265187265
      0.4350285138900429
      0.4374432488247737
      0.4399061668824466
      0.4424168988208221
      0.4449750706349915
      0.4475803035966671
      0.4502322142937329
      0.4529304146699293
      0.4556745120649332
      0.4584641092545325
      0.4612988044911362
      0.4641781915445022
      0.4671018597425731
      0.4700693940127278
      0.4730803749231078
      0.4761343787242739
      0.4792309773910638
      0.4823697386646217
      0.4855502260947027
      0.4887719990822503
      0.4920346129221136
      0.4953376188461275
      0.4986805640661869
      0.5020629918179007
      0.5054844414041598
      0.5089444482391611
      0.5124425438925508
      0.5159782561339672
      0.5195511089776147
      0.5231606227273272
      0.5268063140216453
      0.5304876958794651
       0.534204277745674
      0.5379555655372024
      0.5417410616892715
       0.545560265202079
      0.5494126716875578
      0.5532977734165389
      0.5572150593662262
       0.561164015267973
       0.565144123655313
      0.5691548639122631
       0.573195712322024
      0.5772661421159533
       0.581365623522895
       0.585493623818757
      0.5896496073765481
      0.5938330357166159
      0.5980433675571711
      0.6022800588654502
      0.6065425629089091
       0.610830330306943
      0.6151428090828509
      0.6194794447163272
      0.6238396801961588
      0.6282229560733619
      0.6326287105147511
      0.6370563793569073
      0.6415053961603171
      0.6459751922642329
      0.6504651968417056
      0.6549748369552734
       0.659503537612681
      0.6640507218235204
      0.6686158106559008
      0.6731982232938134
      0.6777973770947266
      0.6824126876479174
      0.6870435688329627
      0.6916894328789702
      0.6963496904240809
      0.7010237505755057
      0.7057110209701052
      0.7104109078353843
      0.7151228160509436
      0.7198461492105563
      0.7245803096846336
      0.7293246986831439
      0.7340787163191598
      0.7388417616728821
       0.743613232855986
      0.7483925270767502
       0.753179040705528
      0.7579721693406395
      0.7627713078749904
       0.767575850563021
       0.772385191088295
      0.7771987226315127
       0.782015837938968
      0.7868359293916424
      0.7916583890748062
      0.7964826088480345
      0.8013079804157327
      0.8061338953982149
      0.8109597454033572
      0.8157849220986051
      0.8206088172835273
       0.825430822962857
      0.8302503314201027
      0.8350667352915748
      0.8398794276408847
      0.8446878020339903
      0.8494912526145406
      0.8542891741799464
      0.8590809622576814
      0.8638660131820813
      0.8686437241716816
      0.8734134934067905
      0.8781747201076965
      0.8829268046130512
      0.8876691484588483
       0.892401154457534
      0.8971222267777962
      0.9018317710244658
      0.9065291943187198
      0.9112139053788046
      0.9158853146008368
       0.920542834140069
      0.9251858779923617
      0.9298138620759199
      0.9344262043131546
      0.9390223247129663
      0.9436016454530045
      0.9481635909624518
      0.9527075880045054
      0.9572330657595114
      0.9617394559078446
      0.9662261927131252
      0.9706927131054989
      0.9751384567650292
      0.9795628662050231
      0.9839653868556306
      0.9883454671472631
      0.9927025585940241
      0.9970361158775044
       1.001345596929961
       1.005630463018024
       1.009890178825853
       1.014124212538455
       1.018332035924952
       1.022513124421561
        1.02666695721441
       1.030793017322176
       1.034890791678693
       1.038959771214938
       1.042999450941337
       1.047009330029037
       1.050988911891533
       1.054937704265713
        1.05885521929228
       1.062740973596263
       1.066594488366672
       1.070415289435976
       1.074202907359034
       1.077956877491497
       1.081676740067824
         1.0853620402784
       1.089012328346709
       1.092627159605266
       1.096206094571257
       1.099748699021601
       1.103254544067102
        1.10672320622628
       1.110154267497912
       1.113547315433521
       1.116901943208531
       1.120217749693033
       1.123494339521382
       1.126731323161458
       1.129928316982485
       1.133084943322366
       1.136200830554095
       1.139275613150761
       1.142308931750354
       1.145300433218893
       1.148249770712883
       1.151156603740549
       1.154020598222293
       1.156841426549589
       1.159618767643126
       1.162352307009626
       1.165041736797481
        1.16768675585123
       1.170287069764727
       1.172842390933078
       1.175352438603496
       1.177816938924196
       1.180235624992787
       1.182608236902828
       1.184934521788955
       1.187214233870983
       1.189447134495992
       1.191632992179823
       1.193771582646128
       1.195862688864705
        1.19790610108816
        1.19990161688679
       1.201849041182148
       1.203748186279171
       1.205598871896584
       1.207400925195735
       1.209154180807978
        1.21085848086015
       1.212513674998851
       1.214119620412952
       1.215676181854033
       1.217183231655829
        1.21864064975158
       1.220048323689747
       1.221406148648214
       1.222714027446355
       1.223971870555783
       1.225179596109337
       1.226337129907967
       1.227444405426218
       1.228501363815518
       1.229507953906309
       1.230464132207733
       1.231369862905976
       1.232225117860641
       1.233029876599098
       1.233784126309591
       1.234487861831949
       1.235141085646769
        1.23574380786278
       1.236296046202524
       1.236797825985973
       1.237249180112446
       1.237650149040988
        1.23800078076872
       1.238301130807544
       1.238551262159017
        1.23875124528757
       1.238901158092059
       1.239001085875505
       1.239051121313149
       1.239051364418901
       1.239001922510102
       1.238902910170615
       1.238754449212149
       1.238556668634298
       1.238309704582613
       1.238013700305551
       1.237668806109206
       1.237275179311174
       1.236832984192372
       1.236342391947583
       1.235803580634621
       1.235216735121839
       1.234582047034119
       1.233899714697652
       1.233169943083486
       1.232392943749113
       1.231568934779205
       1.230698140725284
       1.229780792543273
       1.228817127530529
        1.22780738926148
       1.226751827522041
       1.225650698242917
       1.224504263431803
       1.223312791104536
       1.222076555215129
       1.220795835585075
        1.21947091783155
         1.2181020932946
       1.216689658963699
        1.21523391740321
       1.213735176677179
       1.212193750273789
       1.210609957028165
       1.208984121045363
       1.207316571622276
       1.205607643169101
       1.203857675130155
       1.202067011903923
       1.200236002763083
       1.198365001773714
       1.196454367714033
       1.194504463992798
       1.192515658567298
       1.190488323860997
       1.188422836680849
       1.186319578134267
       1.184178933545761
        1.18200129237352
       1.179787048125655
       1.177536598276218
       1.175250344181131
       1.172928690994081
         1.1705720475823
       1.168180826441994
       1.165755443614168
        1.16329631860038
       1.160803874278314
        1.15827853681764
       1.155720735595745
       1.153130903114118
       1.150509474914132
       1.147856889493865
       1.145173588224313
       1.142460015266404
       1.139716617488204
       1.136943844382253
       1.134142147983207
       1.131311982786035
       1.128453805664371
       1.125568075789229
       1.122655254548054
       1.119715805464346
       1.116750194117677
       1.113758888063749
        1.11074235675527
       1.107701071463098
       1.104635505197841
       1.101546132631927
       1.098433430021877
       1.095297875131575
       1.092139947155236
       1.088960126641687
       1.085758895418487
       1.082536736516704
       1.079294134096319
       1.076031573372065
       1.072749540539851
       1.069448522703345
       1.066129007801572
       1.062791484536912
       1.059436442303345
       1.056064371115749
       1.052675761539349
       1.049271104619999
       1.045850891815035
       1.042415614924373
       1.038965766022686
       1.035501837392038
       1.032024321454713
       1.028533710707239
        1.02503049765472
       1.021515174745626
       1.017988234307298
       1.014450168482185
       1.010901469164436
       1.007342627937104
       1.003774136009805
       1.000196484157337
      0.9966101626583006
       0.993015661234425
      0.9894134689906136
      0.9858040743552008
      0.9821879650210306
      0.9785656278865724
      0.9749375489980068
      0.9713042134912495
      0.9676661055350446
      0.9640237082742751
       0.960377503773317
      0.9567279729608237
      0.9530755955739321
      0.9494208501037271
      0.9457642137410056
      0.9421061623221395
       0.938447170276011
      0.9347877105710276
       0.931128254663089
      0.9274692724434505
      0.9238112321877739
      0.9201546005053017
      0.9164998422886277
      0.9128474206641211
      0.9091977969427253
       0.905551430571531
      0.9019087790855514
      0.8982702980603463
      0.8946364410649471
       0.891007659615265
      0.8873844031282165
      0.8837671188760671
      0.8801562519414607
      0.8765522451727314
      0.8729555391398016
      0.8693665720903315
       0.865785779906458
      0.8622135960618866
      0.8586504515792993
      0.8550967749881876
      0.8515529922832203
      0.8480195268827592
      0.8444967995880713
      0.8409852285425754
      0.8374852291917522
       0.833997214243489
      0.8305215936289212
       0.827058774463482
       0.823609161008787
      0.8201731546349658
      0.8167511537835506
      0.8133435539309579
       0.809950747552788
