                       0
    1.87672529033228e-05
   7.592343070101824e-05
   0.0001731301704192573
   0.0003119033925655104
   0.0004936088273621719
   0.0007194585669430569
   0.0009905086584472628
     0.00130765774428878
    0.001671646747456003
    0.002083059591193406
    0.002542324933917063
    0.003049718891797463
    0.003605368713186168
    0.004209257361049676
    0.004861228951882233
    0.005560994992280944
    0.006308141347558359
    0.007102135870517908
    0.007942336612900856
    0.008828000537102988
    0.009758292641622219
     0.01073229541040184
     0.01174901849383702
     0.01280740852776323
         0.0139063589963
     0.01504472004500308
     0.01622130815242312
     0.01743491557088053
     0.01868431945105528
     0.01996829056983195
     0.02128560158670785
     0.02263503476092048
     0.02401538906919625
     0.02542548667260245
     0.02686417869026671
     0.02833035024760609
     0.02982292477702455
     0.03134086755964575
     0.03288318850735556
     0.03444894419507238
     0.03603723916352666
     0.03764722652274371
     0.03927810789567381
       0.040929132749826
     0.04259959717216284
     0.04428884214875527
     0.04599625141564284
     0.04772124895090082
      0.0494632961800211
     0.05122188896732634
     0.05299655446528029
       0.054786847891249
     0.05659234929764229
     0.05841266039646612
     0.06024740149337929
      0.0620962085794764
      0.0639587306214582
     0.06583462708278728
     0.06772356570011262
      0.0696252205308531
     0.07153927027964201
     0.07346539690349919
     0.07540328448832354
     0.07735261838275855
     0.07931308456980649
     0.08128436925184504
      0.0832661586210227
     0.08525813878443061
     0.08725999581194671
     0.08927141587420979
     0.09129208543877548
     0.09332169149404007
     0.09535992177286934
     0.09740646495097947
       0.099461010798761
      0.1015232502693867
      0.1035928755104199
      0.1056695797907227
      0.1077530573389963
      0.1098430030946901
      0.1119391123761682
      0.1140410804747445
      0.1161486021864867
      0.1182613712963656
      0.1203790800314103
      0.1225014185009446
      0.1246280741427023
      0.1267587311937019
       0.128893070204127
      0.1310307676113284
      0.1331714953892507
      0.1353149207864339
      0.1374607061630914
      0.1396085089348997
      0.1417579816280512
      0.1439087720469295
       0.146060523552593
      0.1482128754472295
      0.1503654634568362
      0.1525179203018224
      0.1546698763429799
      0.1568209602884337
      0.1589707999457985
      0.1611190230028393
      0.1632652578195257
      0.1654091342144126
      0.1675502842287973
      0.1696883428530764
      0.1718229487010741
      0.1739537446198076
      0.1760803782241629
      0.1782025023481327
      0.1803197754066111
      0.1824318616641979
      0.1845384314098477
       0.186639161038585
      0.1887337330437395
      0.1908218359251592
      0.1929031640206962
      0.1949774172697553
       0.197044300918868
      0.1991035251801819
      0.2011548048541969
      0.2031978589282865
      0.2052324101623676
      0.2072581846725822
       0.209274911523105
      0.2112823223351079
      0.2132801509207767
      0.2152681329487834
       0.217246005646169
      0.2192135075400401
      0.2211703782408955
      0.2231163582678993
      0.2250511889150047
      0.2269746121555367
      0.2288863705817239
      0.2307862073747702
      0.2326738663003957
      0.2345490917242381
      0.2364116286414182
      0.2382612227144559
      0.2400976203141582
      0.2419205685583719
      0.2437298153442833
      0.2455251093707027
      0.2473062001476835
      0.2490728379918674
      0.2508247740069559
       0.252561760049815
      0.2542835486836794
      0.2559898931209087
      0.2576805471586072
      0.2593552651110574
      0.2610138017435571
      0.2626559122125156
      0.2642813520169653
       0.265889876966558
      0.2674812431709155
      0.2690552070548689
      0.2706115254035361
      0.2721499554404817
      0.2736702549413672
      0.2751721823846265
      0.2766554971396617
      0.2781199596919956
      0.2795653319039532
      0.2809913773081982
      0.2823978614308297
      0.2837845521396409
      0.2851512200126391
      0.2864976387212438
      0.2878235854222326
      0.2891288411522535
      0.2904131912187076
      0.2916764255808252
      0.2929183392152189
      0.2941387324604842
      0.2953374113361774
      0.2965141878320926
      0.2976688801647268
      0.2988013129986233
      0.2999113176312764
      0.3009987321413148
      0.3020634015005533
      0.3031051776514855
      0.3041239195526085
      0.3051194931947727
      0.3060917715923997
      0.3070406347538588
      0.3079659696357836
      0.3088676700862417
      0.3097456367817673
      0.3105997771632479
      0.3114300053752879
      0.3122362422134802
      0.3130184150833519
      0.3137764579743446
       0.314510311451368
      0.3152199226658337
      0.3159052453872882
      0.3165662400560173
      0.3172028738562396
      0.3178151208088223
      0.3184029618817656
      0.3189663851162582
      0.3195053857655343
      0.3200199664435419
      0.3205101372800808
      0.3209759160791397
      0.3214173284770447
      0.3218344080973264
      0.3222271966992952
      0.3225957443179651
      0.3229401093931196
      0.3232603588860178
      0.3235565683827952
      0.3238288221840867
      0.3240772133811587
      0.3243018439193137
      0.3245028246498299
      0.3246802753722917
      0.3248343248694961
      0.3249651109374034
      0.3250727804128491
      0.3251574892018219
      0.3252194023110688
      0.3252586938856857
      0.3252755472550609
      0.3252701549892555
       0.325242718967443
       0.325193450459452
      0.3251225702210432
      0.3250303086027556
      0.3249169056717259
      0.3247826113450973
       0.324627685533129
      0.3244523982895723
      0.3242570299663119
      0.3240418713689723
      0.3238072239098051
      0.3235533997539846
      0.3232807219553946
      0.3229895245779093
      0.3226801527984888
      0.3223529629884935
       0.322008322770125
      0.3216466110452949
      0.3212682179947828
      0.3208735450462074
      0.3204630048098288
      0.3200370209821668
      0.3195960282177395
      0.3191404719702583
      0.3186708083048915
       0.318187503684033
      0.3176910347294186
      0.3171818879636835
      0.3166605595350174
      0.3161275549284203
      0.3155833886674185
      0.3150285840097827
      0.3144636726407653
      0.3138891943669865
      0.3133056968136999
      0.3127137351277264
       0.312113871687744
      0.3115066758229611
      0.3108927235407045
       0.310272597262559
      0.3096468855682783
      0.3090161829459166
      0.3083810895461422
      0.3077422109381193
      0.3071001578641078
       0.306455545989418
       0.305808995644315
      0.3051611315543182
      0.3045125825554074
      0.3038639812908591
      0.3032159638865606
      0.3025691696022336
      0.3019242404562599
      0.3012818208224951
      0.3006425569979176
      0.3000070967407258
      0.2993760887790127
      0.2987501822908404
      0.2981300263571446
      0.2975162693894056
      0.2969095585346231
      0.2963105390603623
      0.2957198537231343
      0.2951381421234324
      0.2945660400509753
      0.2940041788235892
      0.2934531846230872
      0.2929136778312937
      0.2923862723691001
      0.2918715750408648
      0.2913701848863827
      0.2908826925417162
      0.2904096796101424
      0.2899517180436173
      0.2895093695348847
      0.2890831849199004
      0.2886737035897796
      0.2882814529113743
      0.2879069476552797
      0.2875506894298887
      0.2872131661204906
      0.2868948513320717
      0.2865962038351114
      0.2863176670138551
      0.2860596683169346
      0.2858226187107599
      0.2856069121368136
      0.2854129249742423
       0.285241015510145
      0.2850915234202196
      0.2849647692632234
       0.284861053993112
      0.2847806584930719
      0.2847238431362107
      0.2846908473775847
       0.284681889382561
      0.2846971656962975
      0.2847368509590708
      0.2848010976716733
      0.2848900360148132
       0.285003773725751
      0.2851423960347378
      0.2853059656631035
        0.28549452288393
      0.2857080856454235
      0.2859466497561619
      0.2862101891306059
      0.2864986560922739
      0.2868119817313763
      0.2871500763128778
      0.2875128297304693
      0.2879001120013738
      0.2883117737966845
      0.2887476470016305
      0.2892075453001751
      0.2896912647784331
      0.2901985845416077
      0.2907292673394246
      0.2912830601955501
      0.2918596950370505
      0.2924588893203321
       0.293080346650978
      0.2937237573951506
      0.2943887992812955
      0.2950751379911501
      0.2957824277399093
      0.2965103118457618
      0.2972584232895629
      0.2980263852656006
      0.2988138117248751
      0.2996203079122439
      0.3004454708989526
      0.3012888901119941
      0.3021501478614977
      0.3030288198671969
      0.3039244757846893
      0.3048366797318007
      0.3057649908149929
       0.306708963655357
      0.3076681489132631
       0.308642093810351
      0.3096303426472605
      0.3106324373150367
      0.3116479177980794
      0.3126763226662045
       0.313717189553397
       0.314770055620738
      0.3158344580012014
      0.3169099342241337
       0.317996022617493
       0.319092262686271
       0.320198195465908
      0.3213133638500216
      0.3224373128921002
      0.3235695900814499
       0.324709745594106
      0.3258573325198332
      0.3270119070669256
      0.3281730287466985
      0.3293402605400926
      0.3305131690488627
      0.3316913246341508
      0.3328743015452152
      0.3340616780411194
      0.3352530365080686
      0.3364479635748824
      0.3376460502289054
       0.338846891934201
      0.3400500887535438
      0.3412552454753894
      0.3424619717463093
      0.3436698822091312
      0.3448785966463842
      0.3460877401283747
      0.3472969431645536
      0.3485058418566623
      0.3497140780518248
      0.3509212994932717
      0.3521271599666428
      0.3533313194392489
      0.3545334441900461
      0.3557332069279669
       0.356930286896484
      0.3581243699625086
      0.3593151486880024
      0.3605023223831097
      0.3616855971398809
      0.3628646858463287
      0.3640393081807037
      0.3652091905865291
      0.3663740662293466
      0.3675336749364109
      0.3686877631210355
      0.3698360836935931
      0.3709783959613122
      0.3721144655194026
      0.3732440641358146
      0.3743669696323493
      0.3754829657644526
      0.3765918421020892
       0.377693393913868
      0.3787874220562724
      0.3798737328696318
      0.3809521380820796
      0.3820224547223597
      0.3830845050420066
      0.3841381164470091
      0.3851831214386426
      0.3862193575629245
      0.3872466673677376
      0.3882648983664038
      0.3892739030063009
      0.3902735386409815
      0.3912636675041124
       0.392244156683578
      0.3932148780941107
      0.3941757084469444
      0.3951265292151572
      0.3960672265934998
      0.3969976914519632
      0.3979178192824752
      0.3988275101384536
      0.3997266685673449
      0.4006152035365929
      0.4014930283536757
      0.4023600605813188
      0.4032162219491516
      0.4040614382631763
      0.4048956393148364
      0.4057187587912535
      0.4065307341884807
      0.4073315067294351
      0.4081210212881778
      0.4088992263218791
      0.4096660738119331
      0.4104215192149721
      0.4111655214246585
      0.4118980427445136
      0.4126190488718483
      0.4133285088924232
       0.414026395285258
      0.4147126839364554
      0.4153873541608445
      0.4160503887298359
      0.4167017739037618
      0.4173414994667569
      0.4179695587621515
      0.4185859487263661
      0.4191906699192809
      0.4197837265491994
      0.4203651264906194
        0.42093488129336
        0.42149300618171
      0.4220395200426592
      0.4225744454026422
      0.4230978083925582
      0.4236096387010376
      0.4241099695165788
      0.4245988374592444
      0.4250762825031004
      0.4255423478907719
      0.4259970800417548
      0.4264405284562297
      0.4268727456163477
      0.4272937868870121
      0.4277037104179079
       0.428102577048875
      0.4284904502202961
      0.4288673958900073
      0.4292334824580417
      0.4295887807003289
      0.4299333637119364
      0.4302673068603385
      0.4305906877486989
      0.4309035861888511
      0.4312060841834516
      0.4314982659162817
      0.4317802177495305
      0.4320520282267797
      0.4323137880799059
      0.4325655902384439
      0.4328075298395039
      0.4330397042366714
      0.4332622130061112
      0.4334751579484363
      0.4336786430849498
      0.4338727746471347
      0.4340576610587427
      0.4342334129094991
      0.4344001429206379
      0.4345579659020246
      0.4347069987013655
      0.4348473601461391
       0.434979170979225
      0.4351025537893418
      0.4352176329377589
      0.4353245344826126
      0.4354233861025779
       0.435514317021388
      0.4355974579348031
      0.4356729409414588
      0.4357408994789539
      0.4358014682662436
      0.4358547832532009
      0.4359009815780229
      0.4359402015326302
      0.4359725825360947
      0.4359982651158028
      0.4360173908955798
       0.436030102589857
      0.4360365440027418
      0.4360368600304548
       0.436031196665581
       0.436019701001424
      0.4360025212346558
      0.4359798066645061
      0.4359517076867462
      0.4359183757809202
      0.4358799634894519
      0.4358366243873291
      0.4357885130416206
      0.4357357849601454
      0.4356785965291051
      0.4356171049397147
      0.4355514681042985
      0.4354818445626799
      0.4354083933798544
      0.4353312740363642
      0.4352506463130416
      0.4351666701717288
      0.4350795056341439
      0.4349893126605932
       0.434896251030757
      0.4348004802283266
      0.4347021593312181
      0.4346014469091923
      0.4344985009299313
      0.4343934786749673
      0.4342865366659414
      0.4341778306017059
      0.4340675153064785
      0.4339557446883764
      0.4338426717081425
      0.4337284483566466
      0.4336132256402075
      0.4334971535720945
      0.4333803811685228
      0.4332630564473374
      0.4331453264274444
      0.4330273371270777
       0.432909233559098
      0.4327911597215023
      0.4326732585817253
      0.4325556720532396
      0.4324385409636484
      0.4323220050133074
      0.4322062027242949
      0.4320912713795146
      0.4319773469524056
      0.4318645640277893
      0.4317530557148326
      0.4316429535533738
      0.4315343874150369
      0.4314274854008878
      0.4313223737371671
      0.4312191766711125
      0.4311180163685563
      0.4310190128151157
      0.4309222837224848
      0.4308279444412513
      0.4307361078814309
      0.4306468844415401
      0.4305603819468456
       0.430476705596946
      0.4303959579226217
       0.430318238751467
      0.4302436451816671
      0.4301722715626741
      0.4301042094817062
      0.4300395477543505
      0.4299783724178561
      0.4299207667253049
       0.429866811138785
      0.4298165833201304
      0.4297701581175985
      0.4297276075468426
      0.4296890007654412
      0.4296544040397883
      0.4296238807038568
      0.4295974911096846
      0.4295752925696929
      0.4295573392913737
      0.4295436823049842
      0.4295343693858173
      0.4295294449721974
      0.4295289500809909
       0.429532922222618
      0.4295413953175425
      0.4295543996163221
      0.4295719616253429
       0.429594104040201
      0.4296208456885954
      0.4296522014844382
      0.4296881823944497
       0.429728795418387
      0.4297740435835798
      0.4298239259540449
      0.4298784376541732
      0.4299375699064677
      0.4300013100825746
      0.4300696417662283
      0.4301425448267556
      0.4302199955012521
      0.4303019664835396
       0.430388427017566
      0.4304793429932789
      0.4305746770425756
      0.4306743886332723
      0.4307784341591378
      0.4308867670240965
      0.4309993377191538
      0.4311160938908711
      0.4312369804004586
      0.4313619393731202
       0.431490910237495
      0.4316238297555344
      0.4317606320435572
      0.4319012485854228
      0.4320456082392936
      0.4321936372395225
      0.4323452591954455
      0.4325003950891358
       0.432658963274031
      0.4328208794764561
      0.4329860568019598
      0.4331544057482852
      0.4333258342264268
      0.4335002475911729
      0.4336775486820085
      0.4338576378751261
      0.4340404131466475
      0.4342257701470993
      0.4344136022865066
      0.4346038008293482
      0.4347962549981363
      0.4349908520842345
      0.4351874775641216
       0.435386015219342
      0.4355863472581435
      0.4357883544368152
      0.4359919161787977
      0.4361969106897372
      0.4364032150667671
      0.4366107054007238
      0.4368192568700842
      0.4370287438258743
      0.4372390398671271
      0.4374500179068071
      0.4376615502286912
      0.4378735085356958
        0.43808576399094
      0.4382981872527429
      0.4385106485053755
      0.4387230174872517
       0.438935163518664
      0.4391469555310564
      0.4393582620999524
      0.4395689514834511
       0.439778891668115
      0.4399879504239346
      0.4401959953695411
      0.4404028940487567
      0.4406085140190701
      0.4408127229522134
        0.44101538874661
      0.4412163796511529
      0.4414155643991649
      0.4416128123512211
      0.4418079936450295
      0.4420009793504406
      0.4421916416272498
      0.4423798538835085
      0.4425654909318187
      0.4427484291412311
      0.4429285465823739
       0.443105723163662
       0.443279840756556
      0.4434507833083767
      0.4436184369412364
      0.4437826900363284
      0.4439434333029774
      0.4441005598325526
      0.4442539651375756
      0.4444035471768786
      0.4445492063680959
      0.4446908455889843
      0.4448283701695683
      0.4449616878770954
       0.445090708896246
      0.4452153458067287
       0.445335513560944
      0.4454511294635914
      0.4455621131557093
      0.4456683866049113
      0.4457698741031905
      0.4458665022740095
      0.4459582000891498
      0.4460448988958675
      0.4461265324544728
      0.4462030369857674
      0.4462743512276314
      0.4463404164994747
      0.4464011767729725
      0.4464565787474093
      0.4465065719273708
      0.4465511087007872
      0.4465901444149607
      0.4466236374484507
      0.4466515492766434
      0.4466738445290818
      0.4466904910368634
      0.4467014598688434
      0.4467067253555559
      0.4467062651002367
      0.4467000599769919
      0.4466880941161898
      0.4466703548779625
      0.4466468328149925
      0.4466175216259675
      0.4465824181017717
       0.446541522066383
      0.4464948363149619
      0.4464423665514355
       0.446384121328208
      0.4463201119902532
      0.4462503526260159
      0.4461748600270699
      0.4460936536584247
      0.4460067556406355
      0.4459141907449098
       0.445815986401616
       0.445712172722294
      0.4456027825345129
      0.4454878514289548
      0.4453674178170491
      0.4452415229974989
      0.4451102112294887
      0.4449735298102528
      0.4448315291540746
      0.4446842628703793
      0.4445317878377058
      0.4443741642711994
       0.444211455780843
      0.4440437294182923
      0.4438710557102392
      0.4436935086768606
      0.4435111658341664
      0.4433241081796533
      0.4431324201613497
      0.4429361896305068
      0.4427355077790101
      0.4425304690630669
      0.4423211711149345
      0.4421077146450569
      0.4418902033372984
      0.4416687437398907
      0.4414434451551957
      0.4412144195312337
      0.4409817813576585
      0.4407456475692447
      0.4405061374588085
      0.4402633726020624
      0.4400174767957185
      0.4397685760100794
      0.4395167983566651
      0.4392622740707818
       0.439005135508587
       0.438745517157498
      0.4384835556581646
      0.4382193898359484
      0.4379531607394662
      0.4376850116831356
      0.4374150882908588
      0.4371435385374452
      0.4368705127846642
        0.43659616380889
      0.4363206468171818
      0.4360441194494713
      0.4357667417644601
      0.4354886762076731
        0.43521008756031
      0.4349311428684669
      0.4346520113526854
      0.4343728642984257
      0.4340938749288091
      0.4338152182611933
      0.4335370709501984
      0.4332596111196019
      0.4329830181862418
      0.4327074726791961
      0.4324331560575074
      0.4321602505299783
       0.431888938879978
      0.4316194042984755
       0.431351830227743
       0.431086400217944
      0.4308232977981901
      0.4305627063630888
      0.4303048090751125
      0.4300497887825522
      0.4297978279520152
      0.4295491086139337
      0.4293038123188253
      0.4290621201017369
      0.4288242124515734
      0.4285902692820985
      0.4283604699008192
      0.4281349929721076
      0.4279140164710379
      0.4276977176244328
      0.4274862728361373
      0.4272798575938266
      0.4270786463554151
      0.4268828124135756
      0.4266925277377261
      0.4265079627936237
      0.4263292863412994
      0.4261566652131029
      0.4259902640741162
      0.4258302451680149
      0.4256767680518888
      0.4255299893242871
       0.425390062350658
      0.4252571369910253
      0.4251313593344608
      0.4250128714449284
      0.4249018111228558
      0.4247983116863687
      0.4247025017755482
      0.4246145051823708
      0.4245344407085697
      0.4244624220522248
      0.4243985577236442
      0.4243429509898525
      0.4242956998462877
      0.4242568970132801
      0.4242266299545874
       0.424204980913941
      0.4241920269658016
      0.4241878400755026
      0.4241924871641241
      0.4242060301733081
      0.4242285261252312
      0.4242600271734274
      0.4243005806406388
      0.4243502290401405
      0.4244090100781911
      0.4244769566357567
      0.4245540967287754
      0.4246404534470414
      0.4247360448728189
      0.4248408839814067
      0.4249549785263075
      0.4250783309130203
      0.4252109380656967
      0.4253527912917389
      0.4255038761494657
       0.425664172324509
      0.4258336535201768
       0.426012287367339
      0.4262000353582102
      0.4263968528087806
      0.4266026888529698
      0.4268174864713344
      0.4270411825559222
      0.4272737080115759
      0.4275149878934507
      0.4277649415787165
      0.4280234829697446
      0.4282905207249959
      0.4285659585128958
      0.4288496952832064
      0.4291416255498122
       0.429441639678687
      0.4297496241741883
      0.4300654619574449
      0.4303890326304304
      0.4307202127200504
       0.431058875897301
      0.4314048931672703
      0.4317581330271033
      0.4321184615898611
      0.4324857426739232
       0.432859837858413
      0.4332406065068293
      0.4336279057619675
       0.434021590516821
      0.4344215133666359
      0.4348275245486438
      0.4352394718762819
      0.4356572006752633
      0.4360805537290842
      0.4365093712412643
       0.436943490821304
      0.4373827475007787
      0.4378269737850353
      0.4382759997446485
      0.4387296531499373
      0.4391877596499804
       0.439650142996174
      0.4401166253088701
      0.4405870273838586
      0.4410611690339913
      0.4415388694599588
       0.442019947642709
      0.4425042227490817
      0.4429915145416143
      0.4434816437825378
      0.4439744326223021
       0.444469704962581
      0.4449672867847364
      0.4454670064349839
      0.4459686948590402
      0.4464721857801235
      0.4469773158160966
      0.4474839245332643
       0.447991854436086
      0.4485009508947715
      0.4490110620140561
      0.4495220384492264
      0.4500337331768259
      0.4505460012294931
       0.451058699405909
       0.451571685967826
      0.4520848203371968
      0.4525979628065467
      0.4531109742761656
      0.4536237160307477
      0.4541360495675406
      0.4546478364866844
      0.4551589384525884
       0.455669217232954
      0.4561785348198542
      0.4566867536343386
      0.4571937368131536
      0.4576993485731434
      0.4582034546456928
      0.4587059227708243
      0.4592066232372976
       0.459705429452737
      0.4602022185253217
      0.4606968718367861
      0.4611892755847495
      0.4616793212718528
       0.462166906118454
      0.4626519333762193
       0.463134312520534
      0.4636139593012849
      0.4640907956337463
      0.4645647493137265
      0.4650357535445324
      0.4655037462668326
      0.4659686692865169
      0.4664304672000568
       0.466889086121168
      0.4673444722172356
      0.4677965700686498
      0.4682453208682277
      0.4686906604824497
      0.4691325173998359
