                       0
   2.681545250598307e-05
   0.0001074417240731884
   0.0002422427221759989
   0.0004315193473546332
   0.0006755097434852813
   0.0009743899223525326
    0.001328274753129625
    0.001737219303254483
    0.002201220513493716
    0.002720219186512354
    0.003294102265057278
    0.003922705372957424
    0.004605815589581658
    0.005343174426208941
    0.006134480970984697
    0.006979395167786926
    0.007877541193424291
    0.008828510897150447
    0.009831867266511021
     0.01088714788404257
     0.01199386834031087
     0.01315152557019494
     0.01435960108117336
      0.0156175640446225
     0.01692487422375876
     0.01828098471480557
     0.01968534448119541
     0.02113740066407454
     0.02263660065600421
     0.02418239392848937
     0.02577423360774677
     0.02741157779689051
      0.0290938906463921
     0.03082064317820903
     0.03259131387230581
     0.03440538902736015
     0.03626236291020519
     0.03816173771096086
     0.04010302332282047
     0.04208573696705413
     0.04410940268494819
     0.04617355071911705
     0.04827771680689475
     0.05042144140835524
     0.05260426889093638
     0.05482574669168973
     0.05708542447686991
     0.05938285331697184
      0.0617175848934529
     0.06408917075130617
     0.06649716160942244
     0.06894110673836129
     0.07142055341278619
      0.0739350464434743
     0.07648412779152459
     0.07906733626522004
      0.0816842072979815
     0.08433427280402279
     0.08701706110671556
     0.08973209693330728
     0.09247890146853878
     0.09525699245887671
     0.09806588435851724
      0.1009050885080286
      0.1037741133364661
      0.1066724645780012
      0.1095996454945291
      0.1125551570963477
      0.1155384983537776
       0.118549166393515
       0.121586656674533
      0.1246504631394263
      0.1277400783382216
      0.1308549935227949
      0.1339946987111315
      0.1371586827217033
      0.1403464331791894
      0.1435574364936242
      0.1467911778157827
      0.1500471409722192
      0.1533248083838219
      0.1566236609720672
      0.1599431780573118
      0.1632828372534826
      0.1666421143634092
      0.1700204832788055
      0.1734174158885509
      0.1768323819984798
      0.1802648492653716
      0.1837142831472435
      0.1871801468714507
      0.1906619014214536
      0.1941590055424907
       0.197670915765796
      0.2011970864504239
      0.2047369698412307
      0.2082900161411379
      0.2118556735953994
      0.2154333885853507
      0.2190226057288868
      0.2226227679848471
       0.226233316758454
      0.2298536920050335
      0.2334833323294084
      0.2371216750785854
      0.2407681564256438
      0.2444222114430939
      0.2480832741643566
      0.2517507776324204
      0.2554241539351765
      0.2591028342273498
      0.2627862487393572
      0.2664738267738342
      0.2701649966909034
      0.2738591858835907
      0.2775558207450471
      0.2812543266294513
      0.2849541278085891
       0.288654647426213
      0.2923553074522917
      0.2960555286392138
      0.2997547304819244
       0.303452331183812
      0.3071477476299762
      0.3108403953692738
      0.3145296886062774
       0.318215040204008
      0.3218958616980098
      0.3255715633220445
      0.3292415540454016
      0.3329052416215644
      0.3365620326477056
      0.3402113326343142
      0.3438525460840351
      0.3474850765787116
       0.351108326873488
      0.3547216989968186
      0.3583245943551873
      0.3619164138413999
      0.3654965579453932
      0.3690644268665771
       0.372619420626916
      0.3761609391840719
      0.3796883825441532
      0.3832011508737764
      0.3866986446113557
      0.3901802645777432
      0.3936454120865008
       0.397093489054284
      0.4005238981119498
      0.4039360427171294
      0.4073293272691159
      0.4107031572269811
      0.4140569392318332
      0.4173900812342046
      0.4207019926274477
      0.4239920843880036
      0.4272597692233063
      0.4305044617279537
      0.4337255785486835
      0.4369225385584796
      0.4400947630400294
      0.4432416758785574
      0.4463627037638878
        0.44945727640144
      0.4525248267317079
      0.4555647911576242
      0.4585766097790977
      0.4615597266339311
       0.464513589944213
      0.4674376523672799
      0.4703313712502853
      0.4731942088874473
      0.4760256327790555
      0.4788251158914051
        0.48159213691687
      0.4843261805334574
      0.4870267376632781
      0.4896933057295046
      0.4923253889115149
      0.4949224983980411
      0.4974841526383098
      0.5000098775912349
      0.5024992069728879
      0.5049516825025364
      0.5073668541476439
      0.5097442803682778
      0.5120835283614302
      0.5143841743057448
      0.5166458036071919
      0.5188680111461524
      0.5210504015263747
      0.5231925893261556
      0.5252941993520636
      0.5273548668953859
      0.5293742379913812
      0.5313519696813351
      0.5332877302772276
      0.5351811996287891
      0.5370320693925239
       0.538840043302229
      0.5406048374404102
      0.5423261805099068
       0.544003814105003
      0.5456374929812073
      0.5472269853228788
      0.5487720730078627
      0.5502725518682909
      0.5517282319467529
       0.553138937747066
      0.5545045084789317
      0.5558247982958777
      0.5570996765259225
      0.5583290278945066
      0.5595127527393721
      0.5606507672171082
      0.5617430035012407
      0.5627894099717932
       0.563789951396363
       0.564744609102825
      0.5656533811438215
      0.5665162824532771
      0.5673333449952003
      0.5681046179050243
      0.5688301676237848
      0.5695100780253766
      0.5701444505371276
      0.5707334042538607
      0.5712770760455674
      0.5717756206587478
      0.5722292108113894
      0.5726380372814754
      0.5730023089888396
      0.5733222530700932
      0.5735981149462765
      0.5738301583828048
      0.5740186655412554
      0.5741639370224263
      0.5742662919001321
      0.5743260677451397
      0.5743436206386312
      0.5743193251746543
      0.5742535744509633
      0.5741467800477619
      0.5739993719938787
      0.5738117987200047
      0.5735845269986543
      0.5733180418706584
      0.5730128465580355
      0.5726694623632143
      0.5722884285546584
      0.5718703022390379
      0.5714156582201855
      0.5709250888451239
      0.5703992038375407
      0.5698386301191162
      0.5692440116191682
      0.5686160090730619
      0.5679552998098523
      0.5672625775296462
      0.5665385520710571
      0.5657839491691709
      0.5649995102043216
      0.5641859919419303
      0.5633441662635618
      0.5624748198893029
      0.5615787540914248
      0.5606567843992488
      0.5597097402949953
      0.5587384649003643
      0.5577438146534716
      0.5567266589757228
      0.5556878799281449
      0.5546283718566426
       0.553549041025644
      0.5524508052395672
      0.5513345934515504
       0.550201345358919
      0.5490520109848931
      0.5478875502460852
      0.5467089325054221
      0.5455171361101638
      0.5443131479148241
      0.5430979627888352
      0.5418725831089269
      0.5406380182362719
      0.5393952839785299
      0.5381454020370103
      0.5368893994392643
      0.5356283079574631
      0.5343631635129873
      0.5330950055676865
      0.5318248765023369
      0.5305538209827542
      0.5292828853141374
       0.528013116784124
      0.5267455629950536
      0.5254812711859188
      0.5242212875444273
      0.5229666565095792
      0.5217184200651122
       0.520477617024146
      0.5192452823053294
      0.5180224462007124
       0.516810133635667
      0.5156093634210507
       0.514421147497909
      0.5132464901750057
      0.5120863873595316
       0.510941825781386
      0.5098137822115338
      0.5087032226750179
      0.5076111016593361
      0.5065383613190156
      0.5054859306773465
      0.5044547248263952
      0.5034456441265721
      0.5024595734071722
      0.5014973811694557
      0.5005599187939987
       0.499648019754151
      0.4987624988375945
      0.4979041513780534
      0.4970737524993457
       0.496272056373975
      0.4954997954985493
      0.4947576799882855
      0.4940463968928667
      0.4933666095358978
      0.4927189568800926
      0.4921040529203035
      0.4915224861063437
      0.4909748187974592
      0.4904615867501499
      0.4899832986409012
      0.4895404356251946
      0.4891334509340303
       0.488762769508999
      0.4884287876767739
      0.4881318728637405
      0.4878723633512912
       0.487650568072202
      0.4874667664483213
      0.4873212082697125
      0.4872141136152508
      0.4871456728145716
      0.4871160464512001
      0.4871253654065686
      0.4871737309446015
      0.4872612148364543
      0.4873878595249455
      0.4875536783281622
      0.4877586556816809
       0.488002747418765
      0.4882858810878644
      0.4886079563066765
      0.4889688451519473
      0.4893683925841245
      0.4898064169058766
      0.4902827102534343
      0.4907970391195453
      0.4913491449067843
      0.4919387445098206
      0.4925655309251175
      0.4932291738864428
      0.4939293205244358
      0.4946655960483619
      0.4954376044480911
      0.4962449292142287
      0.4970871340742575
      0.4979637637424587
      0.4988743446813619
      0.4998183858724188
      0.5007953795936023
      0.5018048022016327
      0.5028461149165899
      0.5039187646067077
      0.5050221845712408
      0.5061557953193914
      0.5073190053433976
      0.5085112118840299
      0.5097318016868723
      0.5109801517479369
      0.5122556300473168
      0.5135575962697486
      0.5148854025111167
       0.516238393970108
      0.5176159096243526
      0.5190172828905611
      0.5204418422682819
       0.521888911967024
      0.5233578125165916
      0.5248478613605752
       0.526358373432989
      0.5278886617181145
      0.5294380377936397
      0.5310058123572036
      0.5325912957364582
      0.5341937983827626
      0.5358126313486065
      0.5374471067488277
      0.5390965382056926
      0.5407602412778471
      0.5424375338731439
       0.544127736645311
       0.545830173374435
      0.5475441713311833
      0.5492690616247351
       0.551004179534353
      0.5527488648245765
      0.5545024620440469
      0.5562643208079781
      0.5580337960643947
      0.5598102483442531
       0.561593043995674
      0.5633815554025478
      0.5651751611878864
      0.5669732464023191
      0.5687752026982321
      0.5705804284901317
      0.5723883291018292
       0.574198316901144
      0.5760098114228575
      0.5778222394806299
      0.5796350352687373
      0.5814476404543495
       0.583259504261176
      0.5850700835452485
      0.5868788428635647
      0.5886852545363208
      0.5904887987033755
      0.5922889633755233
      0.5940852444811404
      0.5958771459086128
      0.5976641795449615
       0.599445865310961
      0.6012217311929625
      0.6029913132716149
      0.6047541557475444
      0.6065098109640653
      0.6082578394268796
      0.6099978098207367
      0.6117292990229737
      0.6134518921138261
      0.6151651823834424
      0.6168687713354711
      0.6185622686871767
      0.6202452923660146
      0.6219174685026525
      0.6235784314204705
       0.625227823621599
      0.6268652957696003
      0.6284905066689973
      0.6301031232418129
      0.6317028205014129
      0.6332892815239456
      0.6348621974176913
      0.6364212672906895
      0.6379661982170222
      0.6394967052021334
        0.64101251114754
      0.6425133468153329
      0.6439989507927792
      0.6454690694573553
       0.646923456942464
      0.6483618751040678
      0.6497840934884018
      0.6511898893008627
      0.6525790473761673
      0.6539513601497055
      0.6553066276300914
      0.6566446573727338
       0.657965264454301
      0.6592682714478219
      0.6605535083982237
      0.6618208127979831
      0.6630700295626438
      0.6643010110058714
      0.6655136168137679
      0.6667077140181742
       0.667883176968685
      0.6690398873031761
      0.6701777339166589
      0.6712966129283002
      0.6723964276465446
      0.6734770885323091
      0.6745385131602391
      0.6755806261781142
      0.6766033592645265
      0.6776066510849801
      0.6785904472466228
      0.6795547002518401
      0.6804993694509663
      0.6814244209943853
      0.6823298277842843
      0.6832155694263403
       0.684081632181581
      0.6849280089186452
      0.6857546990666502
      0.6865617085688034
      0.6873490498368784
      0.6881167417066028
      0.6888648093939792
      0.6895932844524723
      0.6903022047309745
       0.690991614332402
      0.6916615635727155
       0.692312108940134
      0.6929433130542872
      0.6935552446249903
      0.6941479784103541
      0.6947215951739205
      0.6952761816404914
      0.6958118304503865
      0.6963286401118391
      0.6968267149512859
      0.6973061650613721
      0.6977671062464772
      0.6982096599656872
      0.6986339532731156
      0.6990401187556107
      0.6994282944678385
      0.6997986238648938
      0.7001512557325253
      0.7004863441151878
      0.7008040482421087
      0.7011045324516246
      0.7013879661140106
      0.7016545235530919
      0.7019043839668661
      0.7021377313473871
      0.7023547544001405
      0.7025556464630802
      0.7027406054255139
      0.7029098336469167
      0.7030635378757709
      0.7032019291684316
      0.7033252228079915
      0.7034336382230758
      0.7035273989064235
      0.7036067323331004
      0.7036718698781305
       0.703723046733315
       0.703760501822979
      0.7037844777183753
      0.7037952205504733
       0.703792979920874
      0.7037780088105752
      0.7037505634864002
      0.7037109034048418
      0.7036592911132195
      0.7035959921480033
      0.7035212749302633
      0.7034354106582256
      0.7033386731969997
      0.7032313389655546
      0.7031136868211054
      0.7029859979411121
      0.7028485557031087
      0.7027016455626443
      0.7025455549296237
      0.7023805730433627
      0.7022069908466585
      0.7020251008592044
      0.7018351970506227
      0.7016375747134171
        0.70143253033606
      0.7012203614764411
       0.701001366635819
       0.700775845133396
      0.7005440969815785
      0.7003064227619075
      0.7000631235016382
      0.6998145005508524
      0.6995608554599712
      0.6993024898574802
      0.6990397053276635
      0.6987728032880973
      0.6985020848666659
      0.6982278507778331
      0.6979504011979256
      0.6976700356392034
      0.6973870528224884
      0.6971017505482043
      0.6968144255656792
       0.696525373440624
      0.6962348884207815
      0.6959432632997411
      0.6956507892790172
       0.695357755828532
       0.695064450545684
      0.6947711590132537
      0.6944781646564193
      0.6941857485992151
      0.6938941895207615
      0.6936037635116501
      0.6933147439308369
       0.693027401263421
      0.6927420029796691
      0.6924588133955935
       0.692178093535417
      0.6919001009961676
      0.6916250898146127
      0.6913533103367182
      0.6910850090897286
      0.6908204286569363
       0.690559807555144
      0.6903033801147793
      0.6900513763625683
       0.689804021906638
      0.6895615378239006
      0.6893241405495302
      0.6890920417683287
      0.6888654483078137
      0.6886445620327976
      0.6884295797413355
      0.6882206930618636
      0.6880180883514382
      0.6878219465950166
      0.6876324433057698
      0.6874497484264618
      0.6872740262320017
      0.6871054352333412
      0.6869441280829073
      0.6867902514818505
      0.6866439460894345
      0.6865053464348888
      0.6863745808321392
      0.6862517712978091
      0.6861370334729197
      0.6860304765486803
      0.6859322031968116
      0.6858423095047602
      0.6857608849161654
      0.6856880121768908
      0.6856237672868873
      0.6855682194580691
      0.6855214310783777
      0.6854834576821107
      0.6854543479265157
      0.6854341435746228
      0.6854228794842167
      0.6854205836027831
      0.6854272769682411
       0.685442973715215
      0.6854676810865913
      0.6855013994500722
      0.6855441223194442
      0.6855958363802792
       0.685656521519807
      0.6857261508607204
      0.6858046907986974
      0.6858921010435219
      0.6859883346636375
      0.6860933381341213
      0.6862070513880685
      0.6863294078714289
      0.6864603346014211
      0.6865997522286724
      0.6867475751032956
      0.6869037113451273
      0.6870680629184069
      0.6872405257111682
      0.6874209896196248
      0.6876093386378344
      0.6878054509529014
      0.6880091990459346
      0.6882204497989778
      0.6884390646080164
      0.6886648995021866
      0.6888978052691591
      0.6891376275867018
      0.6893842071602635
       0.689637379866414
      0.6898969769018811
      0.6901628249378785
      0.6904347462793397
      0.6907125590286488
      0.6909960772534037
      0.6912851111577327
       0.691579467256659
      0.6918789485529971
      0.6921833547163049
      0.6924924822633794
      0.6928061247398754
      0.6931240729026144
      0.6934461149022173
      0.6937720364657629
      0.6941016210792091
      0.6944346501693581
      0.6947709032852781
       0.695110158279041
      0.6954521914857956
      0.6957967779031612
      0.6961436913700209
      0.6964927047447849
      0.6968435900832275
      0.6971961188160125
      0.6975500619260127
      0.6979051901255073
      0.6982612740333245
      0.6986180843519467
      0.6989753920445783
      0.6993329685120675
      0.6996905857695993
      0.7000480166229063
       0.700405034843814
       0.700761415344732
      0.7011169343517734
      0.7014713695760377
      0.7018245003826141
      0.7021761079567744
      0.7025259754668394
      0.7028738882231721
      0.7032196338327521
      0.7035630023487939
      0.7039037864149156
       0.704241781403374
       0.704576785546973
      0.7049086000642416
      0.7052370292776423
      0.7055618807245428
      0.7058829652608465
       0.706200097157189
      0.7065130941877429
      0.7068217777117164
      0.7071259727477108
      0.7074255080411699
      0.7077202161252029
      0.7080099333751281
      0.7082945000570879
      0.7085737603711318
      0.7088475624891524
      0.7091157585880916
       0.709378204878766
      0.7096347616306817
      0.7098852931931364
      0.7101296680128939
      0.7103677586486319
      0.7105994417823291
      0.7108245982277011
      0.7110431129357282
      0.7112548749972615
      0.7114597776426606
      0.7116577182383641
       0.711848598280265
       0.712032323383726
        0.71220880327009
      0.7123779517495135
      0.7125396866999915
      0.7126939300424316
      0.7128406077117315
      0.7129796496237999
       0.713110989638578
      0.7132345655191328
      0.7133503188870344
      0.7134581951742126
      0.7135581435716645
      0.7136501169753852
      0.7137340719300075
      0.7138099685706643
      0.7138777705636999
      0.7139374450468317
      0.7139889625694386
      0.7140322970336828
      0.7140674256371138
       0.714094328817471
      0.7141129902003263
      0.7141233965501533
      0.7141255377254085
      0.7141194066381326
      0.7141049992184326
      0.7140823143842354
      0.7140513540165552
      0.7140121229403916
      0.7139646289113819
      0.7139088826081453
      0.7138448976302484
       0.713772690501596
      0.7136922806790196
      0.7136036905657648
      0.7135069455295713
      0.7134020739249349
      0.7132891071192329
      0.7131680795223353
      0.7130390286193283
      0.7129019950060584
      0.7127570224271964
      0.7126041578166078
      0.7124434513398243
      0.7122749564385455
      0.7120987298770635
      0.7119148317906666
      0.7117233257360619
      0.7115242787439287
       0.711317761373782
      0.7111038477713113
      0.7108826157284132
      0.7106541467461176
      0.7104185261006317
      0.7101758429126231
      0.7099261902199223
       0.709669665053678
      0.7094063685180007
       0.709136405872966
      0.7088598866208674
      0.7085769245953899
      0.7082876380533787
      0.7079921497687069
      0.7076905871276705
      0.7073830822252403
      0.7070697719614362
      0.7067507981369546
      0.7064263075471909
      0.7060964520736998
      0.7057613887721274
      0.7054212799556328
      0.7050762932728443
      0.7047266017793754
      0.7043723840020292
      0.7040138239948418
      0.7036511113862006
      0.7032844414163615
      0.7029140149648048
      0.7025400385669498
      0.7021627244198729
      0.7017822903767844
      0.7013989599301125
      0.7010129621831666
      0.7006245318104162
      0.7002339090065242
      0.6998413394243195
      0.6994470741019555
       0.699051369379517
      0.6986544868053765
      0.6982566930325704
      0.6978582597054496
      0.6974594633368372
      0.6970605851758573
      0.6966619110665474
      0.6962637312972778
      0.6958663404409625
       0.695470037185931
      0.6950751241572697
      0.6946819077283796
      0.6942906978224278
      0.6939018077033279
      0.6935155537558523
      0.6931322552544615
      0.6927522341204405
      0.6923758146669795
      0.6920033233318533
      0.6916350883974419
      0.6912714396979394
      0.6909127083136591
      0.6905592262525291
      0.6902113261189556
      0.6898693407704222
      0.6895336029623089
       0.689204444981607
      0.6888821982703185
      0.6885671930395069
      0.6882597578750873
       0.687960219336552
       0.687668901549948
      0.6873861257964772
      0.6871122100981754
      0.6868474688021147
      0.6865922121646143
      0.6863467459369014
      0.6861113709536113
       0.685886382725467
      0.6856720710373471
      0.6854687195528896
       0.685276605426605
       0.685095998924376
      0.6849271630530583
      0.6847703531997763
       0.684625816781354
      0.6844937929042135
      0.6843745120349537
      0.6842681956817247
      0.6841750560864436
      0.6840952959278565
      0.6840291080353986
      0.6839766751138315
      0.6839381694786535
      0.6839137528023155
      0.6839035758713577
      0.6839077783546501
       0.683926488583088
      0.6839598233410968
      0.6840078876705373
       0.684070774687637
      0.6841485654137495
      0.6842413286208023
      0.6843491206924168
      0.6844719855017384
      0.6846099543070625
       0.684763045666362
      0.6849312653718119
      0.6851146064053534
      0.6853130489162598
      0.6855265602215828
      0.6857550948301833
      0.6859985944908984
      0.6862569882652224
      0.6865301926246271
      0.6868181115724823
      0.6871206367902274
      0.6874376478073139
      0.6877690121941054
      0.6881145857767748
      0.6884742128730378
      0.6888477265473552
      0.6892349488841103
      0.6896356912771868
      0.6900497547342352
      0.6904769301939548
      0.6909169988546824
      0.6913697325126084
      0.6918348939080897
      0.6923122370785745
      0.6928015077168578
      0.6933024435335295
      0.6938147746226871
      0.6943382238301827
      0.6948725071239039
       0.695417333965763
      0.6959724076853144
      0.6965374258550584
      0.6971120806676808
      0.6976960593155795
      0.6982890443731474
      0.6988907141822955
      0.6995007432417546
       0.700118802600618
      0.7007445602565392
      0.7013776815588585
      0.7020178296167899
      0.7026646657125991
      0.7033178497194837
        0.70397704052362
      0.7046418964496216
      0.7053120756883307
       0.705987236725703
      0.7066670387712096
      0.7073511421840574
      0.7080392088952796
      0.7087309028236505
      0.7094258902832699
      0.7101238403805972
      0.7108244253987982
      0.7115273211672304
      0.7122322074141528
      0.7129387681008237
      0.7136466917354656
      0.7143556716658329
       0.715065406349453
       0.715775599601009
      0.7164859608166775
      0.7171962051756657
      0.7179060538195904
      0.7186152340107437
      0.7193234792706151
       0.720030529500437
      0.7207361310857404
      0.7214400369871662
      0.7221420068199554
      0.7228418069245461
      0.7235392104308196
      0.7242339973183458
      0.7249259544748957
      0.7256148757551728
      0.7263005620414437
      0.7269828213072861
      0.7276614686852283
      0.7283363265385348
      0.7290072245367929
      0.7296739997343678
      0.7303364966501953
      0.7309945673467272
       0.731648071505312
      0.7322968764946357
       0.732940857428482
      0.7335798972084767
      0.7342138865472606
      0.7348427239671623
      0.7354663157693599
       0.736084575968431
      0.7366974261872929
       0.737304795507693
      0.7379066202717622
      0.7385028438305519
      0.7390934162360461
      0.7396782938737476
      0.7402574390337219
      0.7408308194188079
      0.7413984075895175
      0.7419601803461644
