                       0
   2.681545250598308e-05
   0.0001074417240731908
    0.000242242722176062
   0.0004315193473552719
   0.0006755097434891161
   0.0009743899223691053
    0.001328274753186745
     0.00173721930342132
    0.002201220513923129
    0.002720219187512642
    0.003294102267206525
    0.003922705377277118
    0.004605815597789897
      0.0053431744410776
    0.006134480996829282
    0.006979395211122191
    0.007877541263823534
    0.008828511008351162
    0.009831867437814478
     0.01088714814206001
     0.01199386872111399
     0.01315152612193331
     0.01435960186722665
     0.01561756514736032
     0.01692487574898571
     0.01828098679697407
     0.01968534728947385
     0.02113740440936268
     0.02263660559899249
     0.02418240038886301
     0.02577424197464079
     0.02741158854070481
     0.02909390433208085
     0.03082066048016249
     0.03259133559094656
     0.03440541610757959
     0.03626239646177001
     0.03816177903102281
     0.04010307392066669
     0.04208579859123771
     0.04410947735294307
     0.04617364074964365
     0.04827782485506617
     0.05042157050379571
     0.05260442247902756
     0.05482592867810061
      0.0570856392755303
     0.05938310590164877
     0.06171788085309216
     0.06408951634930063
     0.06649756384697052
     0.06894157342207792
     0.07142109322672875
     0.07393566902574435
     0.07648484381560595
     0.07906815752621088
     0.08168514680387577
     0.08433534487219461
     0.08701828146575505
     0.08973348283035452
     0.09248047178225674
     0.09525876781820031
     0.09806788726731046
      0.1009073434757764
      0.1037766470151214
       0.106675305905101
      0.1096028258426904
      0.1125587104292413
      0.1155424613886759
      0.1185535787705017
      0.1215915611324518
      0.1246559056986415
      0.1277461084902529
      0.1308616644268804
      0.1340020673977653
      0.1371668103031813
      0.1403553850671919
      0.1435672826238476
      0.1468019928796279
      0.1500590046555262
      0.1533378056126356
      0.1566378821654006
      0.1599587193868613
      0.1632998009102381
      0.1666606088310856
      0.1700406236140057
       0.173439324007557
      0.1768561869705521
      0.1802906876124149
      0.1837422991496875
      0.1872104928801674
      0.1906947381755192
      0.1941945024925813
      0.1977092514029811
      0.2012384486401051
      0.2047815561619582
      0.2083380342280011
      0.2119073414876877
      0.2154889350781374
        0.21908227072819
      0.2226868028659825
      0.2263019847271831
      0.2299272684610879
      0.2335621052319489
      0.2372059453131315
      0.2408582381719948
      0.2445184325437362
      0.2481859764928302
       0.251860317461103
      0.2555409023019162
      0.2592271773003576
      0.2629185881797546
      0.2666145800952192
      0.2703145976152858
      0.2740180846930211
       0.277724484628246
      0.2814332400227084
      0.2851437927302016
      0.2888555838036893
      0.2925680534415322
      0.2962806409348552
      0.2999927846180089
      0.3037039218239204
      0.3074134888459389
      0.3111209209075492
      0.3148256521410672
      0.3185271155761515
      0.3222247431386797
      0.3259179656602466
      0.3296062128982584
      0.3332889135663399
      0.3369654953745237
      0.3406353850784851
       0.344298008536914
      0.3479527907759776
      0.3515991560597405
      0.3552365279653578
       0.358864329461857
      0.3624819829913568
      0.3660889105516548
       0.369684533779216
      0.3732682740317527
      0.3768395524697318
      0.3803977901363474
      0.3839424080356789
      0.3874728272089574
      0.3909884688090633
      0.3944887541735614
        0.39797310489675
      0.4014409429013644
      0.4048916905106861
       0.408324770521924
      0.4117396062817943
      0.4151356217652594
      0.4185122416583985
      0.4218688914463434
      0.4252049975071598
      0.4285199872124645
      0.4318132890354532
      0.4350843326668902
      0.4383325491394492
      0.4415573709606498
      0.4447582322544572
       0.447934568911457
      0.4510858187473545
      0.4542114216693974
      0.4573108198501922
       0.460383457908261
      0.4634287830946028
      0.4664462454844426
      0.4694352981733179
      0.4723953974766334
      0.4753260031318247
      0.4782265785023075
      0.4810965907824553
      0.4839355112029228
      0.4867428152357439
      0.4895179827987359
      0.4922604984588822
      0.4949698516344886
      0.4976455367960501
      0.5002870536658938
      0.5028939074167923
      0.5054656088698604
      0.5080016746921415
      0.5105016275943839
      0.5129649965295682
      0.5153913168927848
      0.5177801307230958
      0.5201309869079963
      0.5224434413910813
      0.5247170573834655
      0.5269514055794533
      0.5291460643768567
      0.5313006201022775
       0.533414667241551
      0.5354878086754443
      0.5375196559205712
      0.5395098293753737
      0.5414579585709079
      0.5433636824260514
      0.5452266495066663
       0.547046518288156
      0.5488229574207921
      0.5505556459971295
      0.5522442738208041
      0.5538885416759844
      0.5554881615967591
      0.5570428571357708
      0.5585523636314353
       0.560016428473161
      0.5614348113640376
      0.5628072845805542
      0.5641336332289933
      0.5654136554982455
      0.5666471629088734
      0.5678339805583656
      0.5689739473625884
      0.5700669162935449
      0.5711127546136048
      0.5721113441064317
      0.5730625813048846
      0.5739663777161779
       0.574822660044619
      0.5756313704122152
      0.5763924665774318
      0.5771059221523327
      0.5777717268182992
      0.5783898865404387
      0.5789604237807315
      0.5794833777098826
      0.5799588044177472
      0.5803867771221226
      0.5807673863756073
      0.5811007402701344
       0.581386964638732
      0.5816262032539716
      0.5818186180225293
      0.5819643891752301
      0.5820637154519238
      0.5821168142805271
      0.5821239219495709
      0.5820852937736086
      0.5820012042508799
      0.5818719472126662
      0.5816978359638382
      0.5814792034141656
       0.581216402200029
      0.5809098047962704
      0.5805598036179812
      0.5801668111121363
      0.5797312598390347
       0.579253602543605
      0.5787343122166748
      0.5781738821463809
      0.5775728259599106
      0.5769316776558093
      0.5762509916270914
      0.5755313426753769
      0.5747733260162694
      0.5739775572761325
      0.5731446724803809
      0.5722753280333283
      0.5713702006895541
      0.5704299875166631
      0.5694554058492149
      0.5684471932334986
      0.5674061073627246
      0.5663329260021079
      0.5652284469032132
      0.5640934877068456
      0.5629288858336888
      0.5617354983618217
      0.5605142018901784
      0.5592658923869909
      0.5579914850222004
      0.5566919139828311
      0.5553681322703081
      0.5540211114787194
      0.5526518415530589
      0.5512613305265121
      0.5498506042359175
       0.548420706014574
      0.5469726963616514
       0.545507652587504
      0.5440266684342816
      0.5425308536712707
      0.5410213336644852
      0.5394992489200617
      0.5379657546010705
      0.5364220200173948
      0.5348692280883415
      0.5333085747776809
      0.5317412685008073
      0.5301685295037059
      0.5285915892134071
      0.5270116895595726
      0.5254300822668478
      0.5238480281175698
       0.522266796184401
      0.5206876630324277
      0.5191119118902463
      0.5175408317895467
      0.5159757166727115
      0.5144178644679631
      0.5128685761316405
      0.5113291546572326
      0.5098009040509049
      0.5082851282733376
      0.5067831301478585
       0.505296210234996
      0.5038256656737768
      0.5023727889903115
      0.5009388668744379
      0.4995251789254585
      0.4981329963682863
       0.496763580741595
      0.4954181825598786
      0.4940980399516303
      0.4928043772761548
      0.4915384037218346
      0.4903013118889721
         0.4890942763606
      0.4879184522649347
      0.4867749738333789
      0.4856649529582068
      0.4845894777542591
      0.4835496111291241
      0.4825463893664335
      0.4815808207269669
      0.4806538840723487
      0.4797665275161231
      0.4789196671070018
       0.478114185549026
       0.477350930963317
      0.4766307156959866
        0.47595431517664
       0.475322466831761
      0.4747358690570747
      0.4741951802527949
       0.473701017925438
       0.473253957859651
        0.47285453336326
      0.4725032345884695
        0.47220050793189
      0.4719467555157708
      0.4717423347525354
      0.4715875579944157
       0.471482692269666
       0.471427959106534
      0.4714235344458295
      0.4714695486426127
      0.4715660865571743
      0.4717131877351412
       0.471910846676187
      0.4721590131904647
      0.4724575928415265
      0.4728064474741165
      0.4732053958248716
      0.4736542142135886
      0.4741526373123673
      0.4747003589895823
       0.475297033225299
      0.4759422750944278
      0.4766356618136048
      0.4773767338475051
      0.4781649960700489
      0.4789999189757307
      0.4798809399361244
      0.4808074644964556
      0.4817788677070405
       0.482794495484308
      0.4838536659961064
      0.4849556710660168
      0.4860997775914565
      0.4872852289704571
        0.48851124653216
      0.4897770309662404
      0.4910817637467019
      0.4924246085457217
      0.4938047126335069
      0.4952212082604156
      0.4966732140179033
      0.4981598361751845
      0.4996801699888211
      0.5012333009827737
      0.5028183061967837
      0.5044342554012596
      0.5060802122771438
      0.5077552355595223
      0.5094583801439981
      0.5111886981550967
      0.5129452399761872
      0.5147270552405993
      0.5165331937837816
      0.5183627065564969
       0.520214646499172
      0.5220880693776184
      0.5239820345804195
      0.5258956058783588
      0.5278278521462919
      0.5297778480479253
      0.5317446746839805
      0.5337274202042579
      0.5357251803841274
      0.5377370591659942
      0.5397621691663227
      0.5417996321488067
      0.5438485794643221
      0.5459081524583208
      0.5479775028463758
      0.5500557930586212
      0.5521421965539008
      0.5542358981044775
      0.5563360940522284
      0.5584419925373074
      0.5605528137003194
      0.5626677898591134
      0.5647861656613498
       0.566907198214066
      0.5690301571914843
      0.5711543249223633
       0.573278996458201
      0.5754034796236221
      0.5775270950502711
      0.5796491761955309
      0.5817690693473463
      0.5838861336164035
      0.5859997409168606
      0.5881092759367573
      0.5902141360991637
      0.5923137315150453
      0.5944074849287314
      0.5964948316567843
      0.5985752195209736
      0.6006481087759602
      0.6027129720322121
      0.6047692941745779
       0.606816572276869
      0.6088543155127273
       0.610882045062992
       0.612899294019728
      0.6149056072870305
      0.6169005414787124
      0.6188836648129276
      0.6208545570038184
      0.6228128091502526
      0.6247580236217386
      0.6266898139416366
       0.628607804667802
       0.630511631270847
      0.6324009400102314
      0.6342753878084388
      0.6361346421235393
      0.6379783808204611
      0.6398062920413421
      0.6416180740753447
       0.643413435228343
      0.6451920936928995
      0.6469537774189471
      0.6486982239855865
      0.6504251804743897
      0.6521344033445721
      0.6538256583103588
      0.6554987202208281
      0.6571533729424637
      0.6587894092445902
       0.660406630687813
      0.6620048475155097
      0.6635838785483753
      0.6651435510819542
      0.6666837007870365
      0.6682041716127528
      0.6697048156921509
       0.671185493250008
         0.6726460725126
      0.6740864296191417
      0.6755064485345935
      0.6769060209635438
      0.6782850462648862
      0.6796434313670273
      0.6809810906834057
      0.6822979460281241
      0.6835939265315538
      0.6848689685558109
       0.686123015610059
      0.6873560182656385
      0.6885679340710796
      0.6897587274670968
      0.6909283697017108
      0.6920768387456772
      0.6932041192084307
      0.6943102022547792
      0.6953950855225854
      0.6964587730416913
       0.697501275154317
      0.6985226084371619
      0.6995227956254086
      0.7005018655387942
      0.7014598530098782
      0.7023967988145864
      0.7033127496050694
      0.7042077578448512
      0.7050818817462023
      0.7059351852096135
      0.7067677377651997
      0.7075796145158207
      0.7083708960816665
      0.7091416685460181
      0.7098920234018863
      0.7106220574991934
      0.7113318729921815
      0.7120215772867199
      0.7126912829871968
      0.7133411078427183
      0.7139711746923458
      0.7145816114091602
       0.715172550842966
      0.7157441307615137
       0.716296493790149
      0.7168297873498679
      0.7173441635937886
      0.7178397793421067
      0.7183167960156506
      0.7187753795681735
      0.7192157004175697
      0.7196379333762132
      0.7200422575806331
      0.7204288564207515
      0.7207979174689085
      0.7211496324088675
      0.7214841969650038
      0.7218018108318248
      0.7221026776039482
      0.7223870047066214
       0.722655003326817
      0.7229068883448979
      0.7231428782667917
      0.7233631951565715
      0.7235680645692905
      0.7237577154838829
      0.7239323802359005
      0.7240922944498379
      0.7242376969707653
      0.7243688297949846
      0.7244859379994248
      0.7245892696694817
       0.724679075825053
      0.7247556103445056
       0.724819129886385
      0.7248698938086787
      0.7249081640855183
      0.7249342052212393
      0.7249482841617676
       0.724950670203369
      0.7249416348988295
      0.7249214519611982
      0.7248903971652678
      0.7248487482469919
      0.7247967848010932
      0.7247347881771262
      0.7246630413742748
      0.7245818289351724
      0.7244914368390349
      0.7243921523943775
      0.7242842641315578
      0.7241680616953814
      0.7240438357379416
      0.7239118778118414
      0.7237724802638926
      0.7236259361293369
      0.7234725390265826
       0.723312583052406
      0.7231463626775175
      0.7229741726423409
      0.7227963078528337
      0.7226130632761345
       0.722424733835802
      0.7222316143064053
       0.722033999207215
      0.7218321826947524
       0.721626458453972
       0.721417119587878
      0.7212044585054026
      0.7209887668074285
      0.7207703351708655
       0.720549453230758
      0.7203264094604495
      0.7201014910498778
      0.7198749837821381
      0.7196471719085029
      0.7194183380221144
      0.7191887629306405
      0.7189587255281871
      0.7187285026668002
      0.7184983690279093
      0.7182685969940544
      0.7180394565212587
       0.717811215012373
      0.7175841371917056
      0.7173584849812231
      0.7171345173785617
      0.7169124903370473
        0.71669265664787
      0.7164752658245187
      0.7162605639895071
      0.7160487937633923
      0.7158401941560222
      0.7156350004599176
      0.7154334441456338
       0.715235752758945
      0.7150421498196439
      0.7148528547217542
      0.7146680826349414
      0.7144880444069142
      0.7143129464666295
      0.7141429907281318
         0.7139783744949
      0.7138192903646087
      0.7136659261342579
      0.7135184647056857
       0.713377083991508
      0.7132419568216232
       0.713113250850416
      0.7129911284649032
      0.7128757466940595
      0.7127672571196221
      0.7126658057887031
      0.7125715331285447
      0.7124845738637697
      0.7124050569364834
      0.7123331054295624
      0.7122688364934473
       0.712212361276732
      0.7121637848607913
      0.7121232061986473
       0.712090718058226
      0.7120664069700836
      0.7120503531796477
      0.7120426306039269
      0.7120433067926155
      0.7120524428934389
      0.7120700936215585
      0.7120963072327989
      0.7121311255004314
      0.7121745836952249
      0.7122267105684624
      0.7122875283376193
      0.7123570526744055
      0.7124352926948944
      0.7125222509514976
      0.7126179234265679
      0.7127222995274786
      0.7128353620830578
      0.7129570873413347
      0.7130874449685901
       0.713226398049791
      0.7133739030905139
      0.7135299100205409
      0.7136943621993505
      0.7138671964237605
      0.7140483429380259
      0.7142377254466998
      0.7144352611305984
      0.7146408606661874
      0.7148544282487184
      0.7150758616194079
       0.715305052096938
      0.7155418846134894
      0.7157862377555109
      0.7160379838093334
      0.7162969888117184
      0.7165631126053438
      0.7168362088991843
      0.7171161253336915
      0.7174027035506106
      0.7176957792672429
      0.7179951823549079
      0.7183007369213403
      0.7186122613967354
      0.7189295686231396
       0.719252465946896
      0.7195807553138618
      0.7199142333671331
      0.7202526915470653
      0.7205959161933916
      0.7209436886493122
       0.721295785367483
      0.7216519780178684
      0.7220120335975115
      0.7223757145423138
       0.722742778840985
      0.7231129801513612
      0.7234860679193573
      0.7238617875008345
      0.7242398802867022
      0.7246200838315885
      0.7250021319864207
      0.7253857550352444
      0.7257706798365992
       0.726156629969732
      0.7265433258859029
      0.7269304850649669
      0.7273178221773861
      0.7277050492517414
       0.728091875847761
      0.7284780092348117
      0.7288631545757269
      0.7292470151157918
      0.7296292923766312
      0.7300096863547102
      0.7303878957240898
      0.7307636180430733
      0.7311365499643264
      0.7315063874480523
      0.7318728259778162
      0.7322355607785862
      0.7325942870366225
      0.7329487001208441
      0.7332984958053562
      0.7336433704928743
      0.7339830214388161
       0.734317146975913
      0.7346454467392243
      0.7349676218915177
      0.7352833753490217
      0.7355924120076031
      0.7358944389694726
      0.7361891657705474
      0.7364763046086301
      0.7367555705725665
      0.7370266818725526
      0.7372893600717436
      0.7375433303193012
      0.7377883215849643
      0.7380240668952049
       0.738250303570952
      0.7384667734668218
      0.7386732232117127
      0.7388694044505556
      0.7390550740869357
      0.7392299945262314
      0.7393939339188408
      0.7395466664030075
      0.7396879723467028
      0.7398176385879671
      0.7399354586730799
      0.7400412330919098
      0.7401347695097741
      0.7402158829951432
      0.7402843962425454
      0.7403401397900409
      0.7403829522306865
      0.7404126804174496
      0.7404291796610959
      0.7404323139206305
      0.7404219559859522
      0.7403979876524331
      0.7403602998872261
      0.7403087929871563
      0.7402433767281223
      0.7401639705059881
      0.7400705034689847
      0.7399629146417025
      0.7398411530407463
      0.7397051777821733
      0.7395549581808054
      0.7393904738415166
      0.7392117147425644
      0.7390186813109985
      0.7388113844901396
      0.7385898457990673
      0.7383540973839942
      0.7381041820613606
      0.7378401533523884
      0.7375620755088087
      0.7372700235293937
      0.7369640831668889
      0.7366443509248877
      0.7363109340441728
      0.7359639504780164
      0.7356035288559349
      0.7352298084353973
      0.7348429390410169
      0.7344430809907817
      0.7340304050089514
      0.7336050921252931
      0.7331673335604166
       0.732717330597063
      0.7322552944372777
      0.7317814460455122
      0.7312960159778005
      0.7307992441972467
      0.7302913798761679
      0.7297726811853364
      0.7292434150708189
      0.7287038570190258
      0.7281542908106113
      0.7275950082639234
      0.7270263089687425
      0.7264485000110457
      0.7258618956895531
      0.7252668172247825
      0.7246635924613224
      0.7240525555639752
      0.7234340467083952
       0.722808411766759
      0.7221760019889544
      0.7215371736797067
      0.7208922878719815
       0.720241709996938
        0.71958580955066
      0.7189249597578208
      0.7182595372324074
      0.7175899216355961
      0.7169164953308622
      0.7162396430363984
      0.7155597514749424
      0.7148772090211439
      0.7141924053466417
      0.7135057310630956
      0.7128175773634798
      0.7121283356620381
      0.7114383972333834
      0.7107481528513243
      0.7100579924281011
      0.7093683046547866
      0.7086794766437355
      0.7079918935740013
      0.7073059383407289
      0.7066219912095927
      0.7059404294773535
      0.7052616271396625
       0.704585954567202
      0.7039137781912517
      0.7032454601997106
      0.7025813582445487
      0.7019218251615674
        0.70126720870326
      0.7006178512854373
      0.6999740897481661
      0.6993362551314296
      0.6987046724657836
      0.6980796605781463
      0.6974615319127209
      0.6968505923669281
      0.6962471411421107
      0.6956514706086629
      0.6950638661851646
      0.6944846062310263
      0.6939139619521008
      0.6933521973187127
      0.6927995689955252
      0.6922563262827045
      0.6917227110678668
      0.6911989577883476
      0.6906852934034009
      0.6901819373760124
      0.6896891016640987
      0.6892069907209482
       0.688735801504854
      0.6882757234979623
      0.6878269387344432
       0.687389621838142
      0.6869639400699239
      0.6865500533849399
      0.6861481145000587
       0.685758268971682
      0.6853806552841263
       0.685015404948693
      0.6846626426134573
      0.6843224861837154
      0.6839950469528964
       0.683680429743616
      0.6833787330584166
      0.6830900492395675
      0.6828144646371745
      0.6825520597846852
      0.6823029095807543
      0.6820670834762984
      0.6818446456654869
      0.6816356552793128
      0.6814401665803478
      0.6812582291572538
      0.6810898881176205
      0.6809351842777417
      0.6807941543479878
      0.6806668311125451
      0.6805532436023758
      0.6804534172604362
      0.6803673740982989
       0.680295132843541
      0.6802367090774116
      0.6801921153624997
      0.6801613613602912
      0.6801444539386905
      0.6801413972697452
      0.6801521929179557
      0.6801768399196758
      0.6802153348542088
      0.6802676719072752
      0.6803338429275553
       0.680413837477032
      0.6805076428758123
      0.6806152442420702
      0.6807366245276535
      0.6808717645497941
      0.6810206430192365
      0.6811832365649447
      0.6813595197554045
      0.6815494651163759
      0.6817530431447985
      0.6819702223184093
      0.6822009691005031
      0.6824452479391634
      0.6827030212602055
      0.6829742494530292
      0.6832588908485614
      0.6835569016884908
      0.6838682360850518
      0.6841928459707134
      0.6845306810372547
      0.6848816886638678
      0.6852458138341229
       0.685622999041835
      0.6860131841861019
      0.6864163064560179
      0.6868323002058027
       0.687261096821322
      0.6877026245791927
      0.6881568084998532
      0.6886235701961624
      0.6891028277192146
      0.6895944954031529
      0.6900984837108173
      0.6906146990820637
      0.6911430437865455
      0.6916834157826601
      0.6922357085842201
      0.6927998111362307
      0.6933756077009346
      0.6939629777550379
      0.6945617958987544
      0.6951719317770109
      0.6957932500128738
      0.6964256101529461
      0.6970688666242143
      0.6977228687015625
      0.6983874604849447
      0.6990624808850127
       0.699747763615863
      0.7004431371934731
      0.7011484249383602
      0.7018634449810291
      0.7025880102688606
      0.7033219285732247
      0.7040650024958226
      0.7048170294734858
      0.7055778017809731
      0.7063471065316154
      0.7071247256760158
      0.7079104359993713
      0.7087040091183412
      0.7095052114787415
      0.7103138043556664
      0.7111295438579271
      0.7119521809389336
      0.7127814614163297
      0.7136171260028007
      0.7144589103505066
      0.7153065451115477
      0.7161597560167372
      0.7170182639747414
      0.7178817851933447
      0.7187500313242088
      0.7196227096320535
      0.7204995231886522
      0.7213801710914758
      0.7222643487061873
      0.7231517479315692
      0.7240420574847989
      0.7249349632043519
      0.7258301483671875
      0.7267272940162894
      0.7276260792941183
      0.7285261817770758
      0.7294272778056968
      0.7303290428050605
      0.7312311515897072
      0.7321332786473307
      0.7330350983955909
      0.7339362854065855
       0.734836514593848
      0.7357354613571854
      0.7366328016812118
      0.7375282121841019
      0.7384213701138247
      0.7393119532899382
       0.740199639989918
      0.7410841087798916
