                       0
   4.996626666666685e-05
   0.0001997269431944694
   0.0004490676792425217
   0.0007977646047692095
    0.001245584371412922
    0.001792284194730653
    0.002437611897283753
    0.003181305952558614
    0.004023095529708557
    0.004962700539101651
    0.005999831678657663
     0.00713419048095627
    0.008365469361096618
     0.00969335166528784
     0.01111751172014852
     0.01263761488269181
      0.0142533175909726
     0.01596426741537194
     0.01777010311049296
      0.0196704546676429
     0.02166494336787348
     0.02375318183555512
     0.02593477409245527
      0.0282093156122961
     0.03057639337576334
     0.03303558592593932
     0.03558646342413364
     0.03822858770608437
     0.04096151233850431
     0.04378478267594429
     0.04669793591794947
     0.04970050116648091
     0.05279199948357943
     0.05597194394924345
     0.05923983971949833
     0.06259518408463058
     0.06603746652756343
     0.06956616878234757
     0.07318076489274554
     0.07688072127088041
      0.0806654967559305
     0.08453454267284173
     0.08848730289103604
     0.09252321388309064
     0.09664170478336442
      0.1008421974465528
      0.1051241065061411
      0.1094868394327401
      0.1139297965922787
      0.1184523713040345
      0.1230539498984797
      0.1277339117749238
      0.1324916294589351
      0.1373264686595203
      0.1422377883260451
      0.1472249407048833
      0.1522872713957748
      0.1574241194078825
      0.1626348172155291
       0.167918690813608
      0.1732750597726562
      0.1787032372935765
      0.1842025302620017
      0.1897722393022998
       0.195411658831199
      0.2011200771110477
      0.2068967763026848
      0.2127410325179319
      0.2186521158717021
      0.2246292905337174
      0.2306718147798439
      0.2367789410430454
      0.2429499159639467
      0.2491839804410287
       0.255480369680441
      0.2618383132454501
      0.2682570351055329
      0.2747357536851024
      0.2812736819119099
      0.2878700272651007
      0.2945239918229647
      0.3012347723103668
      0.3080015601459067
      0.3148235414887937
      0.3216998972854753
      0.3286298033160378
      0.3356124302403887
      0.3426469436442611
      0.3497325040850537
      0.3568682671375392
      0.3640533834394661
       0.371286998737084
      0.3785682539306252
      0.3858962851197725
      0.3932702236491448
      0.4006891961538422
      0.4081523246050682
      0.4156587263558891
      0.4232075141871428
      0.4307977963535472
      0.4384286766300435
      0.4460992543584074
      0.4538086244941727
      0.4615558776538925
      0.4693401001627959
      0.4771603741028576
      0.4850157773613276
      0.4929053836797709
      0.5008282627036283
      0.5087834800323721
      0.5167700972702607
      0.5247871720777614
      0.5328337582236604
      0.5409089056379118
      0.5490116604652681
      0.5571410651197206
      0.5652961583398054
      0.5734759752448125
      0.5816795473919408
       0.589905902834445
      0.5981540661808148
      0.6064230586550392
      0.6147118981579978
      0.6230195993300169
      0.6313451736146614
      0.6396876293237767
      0.6480459717038556
      0.6564192030037707
      0.6648063225438994
       0.673206326786726
      0.6816182094089416
      0.6900409613750872
      0.6984735710128031
       0.706915024089716
      0.7153643038920224
      0.7238203913047893
      0.7322822648940408
      0.7407489009906639
      0.7492192737761633
      0.7576923553703185
      0.7661671159207778
      0.7746425236946373
       0.783117545172003
       0.791591145141635
      0.8000622867986463
      0.8085299318443215
      0.8169930405880916
      0.8254505720516692
      0.8339014840753974
       0.842344733426824
      0.8507792759115446
      0.8592040664863212
      0.8676180593745149
      0.8760202081838403
      0.8844094660264816
      0.8927847856415668
      0.9011451195200285
      0.9094894200318753
       0.917816639555867
      0.9261257306116143
      0.9344156459941062
      0.9426853389106763
      0.9509337631204128
      0.9591598730759994
      0.9673626240679779
      0.9755409723714682
      0.9836938753952695
      0.9918202918333852
      0.9999191818189292
       1.007989507080406
         1.0160302311003
       1.024040319276028
       1.032018739083131
       1.039964460240742
       1.047876454879266
       1.055753697710221
       1.063595166198211
       1.071399840734987
       1.079166704815547
       1.086894745216212
       1.094582952174624
       1.102230319571641
       1.109835845115026
        1.11739853052488
       1.124917381720791
       1.132391409010596
       1.139819627280702
       1.147201056187876
       1.154534720352494
       1.161819649553094
       1.169054878922215
       1.176239449143431
       1.183372406649485
       1.190452803821478
       1.197479699188965
       1.204452157630952
        1.21136925057764
       1.218230056212862
       1.225033659677109
       1.231779153271042
        1.23846563665941
       1.245092217075252
       1.251658009524287
       1.258162136989427
       1.264603730635207
       1.270981930012154
       1.277295883260859
       1.283544747315734
       1.289727688108273
       1.295843880769757
       1.301892509833215
       1.307872769434601
       1.313783863513019
       1.319625006009867
       1.325395421066816
       1.331094343222492
       1.336721017607707
       1.342274700139149
       1.347754657711426
       1.353160168387274
       1.358490521585898
       1.363745018269246
       1.368922971126136
       1.374023704754124
       1.379046555838955
       1.383990873331531
        1.38885601862223
       1.393641365712482
       1.398346301383485
       1.402970225361963
       1.407512550482795
       1.411972702848467
       1.416350121985225
       1.420644260995753
       1.424854586708366
       1.428980579822532
       1.433021735050648
       1.436977561255971
         1.4408475815866
       1.444631333605371
       1.448328369415644
       1.451938255782803
       1.455460574251439
       1.458894921258105
       1.462240908239531
        1.46549816173628
       1.468666323491692
       1.471745050546113
       1.474734015326279
       1.477632905729812
       1.480441425204799
       1.483159292824333
       1.485786243356011
       1.488322027326314
       1.490766411079859
       1.493119176833445
       1.495380122724874
       1.497549062856526
        1.49962582733365
       1.501610262297356
       1.503502229952286
       1.505301608588942
       1.507008292600711
       1.508622192495499
       1.510143234902032
       1.511571362570832
        1.51290653436982
       1.514148725274622
       1.515297926353513
       1.516354144747114
       1.517317403642757
       1.518187742243618
       1.518965215732619
       1.519649895231092
       1.520241867752327
       1.520741236149939
       1.521148119061147
       1.521462650845046
       1.521684981515815
       1.521815276671003
       1.521853717414924
       1.521800500277191
       1.521655837126473
       1.521419955079565
       1.521093096405762
       1.520675518426714
        1.52016749341173
       1.519569308468714
       1.518881265430709
       1.518103680738231
       1.517236885317413
       1.516281224454076
       1.515237057663815
        1.51410475855821
       1.512884714707219
       1.511577327497902
       1.510183011989541
       1.508702196765268
       1.507135323780291
        1.50548284820688
       1.503745238276118
       1.501922975116627
       1.500016552590292
       1.498026477125159
       1.495953267545567
       1.493797454899637
       1.491559582284232
       1.489240204667499
       1.486839888709103
       1.484359212578234
       1.481798765769556
       1.479159148917138
       1.476440973606544
       1.473644862185149
       1.470771447570801
        1.46782137305894
       1.464795292128303
       1.461693868245302
       1.458517774667196
       1.455267694244158
       1.451944319220347
       1.448548351034134
       1.445080500117509
       1.441541485694845
       1.437932035581099
       1.434252885979564
       1.430504781279242
       1.426688473851994
       1.422804723849523
        1.41885429900029
       1.414837974406503
       1.410756532341183
       1.406610762045515
       1.402401459526464
       1.398129427354817
       1.393795474463681
       1.389400415947557
       1.384945072862054
       1.380430272024308
       1.375856845814204
       1.371225631976436
       1.366537473423513
        1.36179321803974
       1.356993718486284
       1.352139832007322
       1.347232420237402
       1.342272349010009
       1.337260488167438
       1.332197711372026
       1.327084895918744
       1.321922922549265
        1.31671267526753
       1.311455041156837
       1.306150910198532
       1.300801175092318
       1.295406731078261
       1.289968475760484
       1.284487308932615
       1.278964132405048
       1.273399849833995
       1.267795366552413
       1.262151589402809
       1.256469426571951
       1.250749787427546
       1.244993582356849
       1.239201722607301
       1.233375120129124
       1.227514687420002
       1.221621337371752
       1.215695983119094
       1.209739537890464
       1.203752914860917
       1.197737027007121
        1.19169278696443
       1.185621106886087
       1.179522898304506
       1.173399071994665
       1.167250537839597
       1.161078204697997
       1.154882980273923
       1.148665770988594
       1.142427481854279
       1.136169016350278
       1.129891276300981
        1.12359516175599
       1.117281570872309
       1.110951399798593
       1.104605542561434
       1.098244890953666
       1.091870334424712
       1.085482759972909
       1.079083052039868
       1.072672092406741
        1.06625076009252
       1.059819931254228
       1.053380479089066
       1.046933273738435
        1.04047918219389
        1.03401906820492
       1.027553792188587
       1.021084211141001
       1.014611178550559
        1.00813554431301
       1.001658154648219
      0.9951798520186976
      0.9887014750497911
      0.9822238584515945
       0.975747832942468
      0.9692742251741737
       0.962803857658643
      0.9563375486962529
      0.9498761123056952
      0.9434203581553058
      0.9369710914959027
      0.9305291130950739
      0.9240952191728873
      0.9176702013390025
      0.9112548465311691
      0.9048499369550498
       0.898456250025399
      0.8920745583085071
       0.885705629465946
      0.8793502261995507
      0.8730091061976289
      0.8666830220823789
      0.8603727213584856
      0.8540789463628705
      0.8478024342155861
      0.8415439167718158
      0.8353041205749713
      0.8290837668108585
      0.8228835712628901
      0.8167042442683345
      0.8105464906755655
      0.8044110098022869
      0.7982984953947502
      0.7922096355878911
      0.7861451128664023
      0.7801056040267074
      0.7740917801398195
      0.7681043065150606
      0.7621438426646296
      0.7562110422689956
       0.750306553143096
      0.7444310172033204
      0.7385850704352745
      0.7327693428622827
      0.7269844585146413
       0.721231035399578
      0.7155096854719279
      0.7098210146054881
      0.7041656225650538
      0.6985441029791037
      0.6929570433131543
      0.6874050248437188
      0.6818886226329054
      0.6764084055036321
      0.6709649360154184
      0.6655587704407857
      0.6601904587422157
      0.6548605445496954
       0.649569565138807
      0.6443180514093759
      0.6391065278646491
      0.6339355125910155
      0.6288055172382319
      0.6237170470001914
      0.6186706005961727
      0.6136666702526042
      0.6087057416853165
      0.6037882940822797
      0.5989148000868226
      0.5940857257813197
      0.5893015306713503
      0.5845626676703127
      0.5798695830844924
      0.5752227165985893
      0.5706225012616744
      0.5660693634736049
      0.5615637229718672
      0.5571059928188479
       0.552696579389544
      0.5483358823596968
      0.5440242946943591
      0.5397622026368708
      0.5355499856982746
      0.5313880166471407
       0.527276661499826
      0.5232162795111445
      0.5192072231654686
      0.5152498381682479
      0.5113444634379537
      0.5074914310984553
      0.5036910664718175
      0.4999436880715251
      0.4962496075961478
      0.4926091299234312
      0.4890225531048209
      0.4854901683604305
      0.4820122600744414
       0.478589105790955
      0.4752209762102707
      0.4719081351856209
       0.468650839720352
      0.4654493399655539
       0.462303879218129
      0.4592146939193355
       0.456182013653759
      0.4532060611487573
      0.4502870522743527
      0.4474251960435876
      0.4446206946133344
      0.4418737432855723
      0.4391845305091209
      0.4365532378818406
       0.433980040153301
      0.4314651052279111
      0.4290085941685236
      0.4266106612005053
      0.4242714537162793
      0.4219911122803477
      0.4197697706347805
      0.4176075557051904
       0.415504587607178
      0.4134609796532627
      0.4114768383602995
      0.4095522634573673
      0.4076873478941566
      0.4058821778498303
      0.4041368327423809
      0.4024513852384753
      0.4008259012637818
      0.3992604400137968
      0.3977550539651494
      0.3963097888874118
      0.3949246838553798
      0.3935997712618615
      0.3923350768309465
      0.3911306196317588
      0.3899864120927042
      0.3889024600162045
      0.3878787625939039
      0.3869153124223723
      0.3860120955192832
      0.3851690913400657
      0.3843862727950428
      0.3836636062670324
      0.3830010516294319
      0.3823985622647663
      0.3818560850836989
      0.3813735605445153
      0.3809509226730667
      0.3805880990831638
      0.3802850109974428
      0.3800415732686684
      0.3798576944015022
      0.3797332765747098
      0.3796682156638145
      0.3796624012641984
      0.3797157167146372
      0.3798280391212748
      0.3799992393820324
      0.3802291822114382
      0.3805177261658972
      0.3808647236693737
      0.3812700210394959
      0.3817334585140782
      0.3822548702780532
      0.3828340844908072
      0.3834709233139237
      0.3841652029393219
      0.3849167336177922
      0.3857253196879137
      0.3865907596053608
      0.3875128459725868
       0.388491365568881
      0.3895260993807901
      0.3906168226329052
      0.3917633048190074
      0.3929653097335576
      0.3942225955035393
      0.3955349146206406
      0.3969020139737645
      0.3983236348818797
      0.3997995131271878
      0.4013293789886104
      0.4029129572755969
      0.4045499673622326
      0.4062401232216619
      0.4079831334608028
      0.4097787013553625
      0.4116265248851479
      0.4135262967696579
       0.415477704503962
      0.4174804303948613
      0.4195341515973292
      0.4216385401512157
      0.4237932630182353
       0.425997982119211
       0.428252354371589
       0.430556031727213
      0.4329086612103524
      0.4353098849559949
      0.4377593402483786
      0.4402566595597874
      0.4428014705895824
       0.445393396303482
      0.4480320549730801
      0.4507170602156123
      0.4534480210339456
      0.4562245418568148
      0.4590462225792818
      0.4619126586034268
      0.4648234408792771
      0.4677781559459489
      0.4707763859730262
      0.4738177088021582
       0.476901697988881
      0.4800279228446678
      0.4831959484791992
      0.4864053358428562
      0.4896556417694404
      0.4929464190191138
      0.4962772163215803
      0.4996475784194732
      0.5030570461119926
       0.506505156298764
       0.509991442023937
      0.5135154325205141
      0.5170766532549322
      0.5206746259718757
      0.5243088687393493
      0.5279788959939816
      0.5316842185866028
      0.5354243438280688
      0.5391987755353524
      0.5430070140778891
      0.5468485564242025
      0.5507228961888009
      0.5546295236793422
      0.5585679259440804
      0.5625375868196011
      0.5665379869788424
      0.5705686039794046
      0.5746289123121556
      0.5787183834501335
      0.5828364858977571
      0.5869826852403347
      0.5911564441938935
      0.5953572226553269
      0.5995844777528455
       0.603837663896772
      0.6081162328306582
      0.6124196336827435
      0.6167473130177468
      0.6210987148890166
      0.6254732808910303
      0.6298704502122545
       0.634289659688369
      0.6387303438558822
      0.6431919350061086
      0.6476738632395493
      0.6521755565206541
      0.6566964407330155
      0.6612359397349419
      0.6657934754154744
      0.6703684677508194
      0.6749603348612253
      0.6795684930682853
      0.6841923569527074
      0.6888313394125242
      0.6934848517217743
      0.6981523035896545
      0.7028331032201364
      0.7075266573720728
      0.7122323714197905
      0.7169496494141653
      0.7216778941442021
      0.7264165071991174
      0.7311648890309201
      0.7359224390175038
      0.7406885555262633
       0.745462635978215
      0.7502440769126462
       0.755032274052298
      0.7598266223690621
      0.7646265161502234
      0.7694313490652286
       0.774240514233001
      0.7790534042898024
      0.7838694114576322
      0.7886879276131747
      0.7935083443573043
      0.7983300530851432
      0.8031524450566736
      0.8079749114679001
      0.8127968435225813
      0.8176176325045175
      0.8224366698503982
      0.8272533472232022
       0.832067056586161
      0.8368771902772786
      0.8416831410843975
      0.8464843023208283
      0.8512800679015029
      0.8560698324196846
      0.8608529912242066
      0.8656289404972293
      0.8703970773325284
       0.875156799814277
      0.8799075070963398
      0.8846485994820459
      0.8893794785044491
      0.8940995470070363
      0.8988082092249011
      0.9035048708663571
      0.9081889391949639
      0.9128598231119743
      0.9175169332391672
      0.9221596820020616
      0.9267874837134925
      0.9313997546575433
      0.9359959131737893
      0.9405753797418738
      0.9451375770663536
      0.9496819301618532
      0.9542078664384441
      0.9587148157872902
      0.9632022106664968
      0.9676694861871622
      0.9721160801996068
      0.9765414333797667
      0.9809449893157107
      0.9853261945942779
      0.9896844988878077
      0.9940193550409051
      0.9983302191572851
       1.002616550686588
       1.006877812511209
       1.011113471033068
       1.015322996260298
       1.019505861893838
       1.023661545413892
       1.027789528166221
       1.031889295448217
        1.03596033659477
       1.040002145063837
       1.044014218521746
        1.04799605892813
       1.051947172620501
       1.055867070398438
       1.059755267607299
       1.063611284221492
       1.067434644927213
       1.071224879204646
       1.074981521409588
       1.078704110854446
       1.082392191888614
       1.086045313978125
       1.089663031784635
       1.093244905243629
       1.096790499641849
        1.10029938569392
       1.103771139618107
        1.10720534321123
       1.110601583922617
       1.113959454927162
       1.117278555197369
       1.120558489574417
       1.123798868838146
       1.126999309776018
       1.130159435250928
       1.133278874267898
       1.136357262039614
        1.13939424005072
       1.142389456120922
       1.145342564466799
       1.148253225762334
       1.151121107198093
       1.153945882539083
       1.156727232181194
       1.159464843206241
        1.16215840943556
        1.16480763148214
        1.16741221680126
       1.169971879739608
        1.17248634158286
       1.174955330601723
       1.177378582096363
       1.179755838439261
       1.182086849116457
       1.184371370767151
       1.186609167221699
       1.188800009537898
       1.190943676035681
       1.193039952330091
       1.195088631362583
       1.197089513430658
       1.199042406215803
       1.200947124809714
       1.202803491738838
       1.204611336987211
       1.206370498017575
       1.208080819790818
       1.209742154783665
       1.211354363004672
       1.212917312008539
       1.214430876908663
       1.215894940388007
       1.217309392708255
       1.218674131717249
        1.21998906285474
       1.221254099156412
       1.222469161256203
       1.223634177386951
       1.224749083379327
        1.22581382265911
       1.226828346242743
       1.227792612731259
        1.22870658830252
       1.229570246701817
       1.230383569230852
       1.231146544735053
       1.231859169589318
       1.232521447682157
       1.233133390398251
       1.233695016599443
       1.234206352604214
       1.234667432165621
       1.235078296447731
       1.235438994000582
       1.235749580733674
       1.236010119888038
       1.236220682006867
       1.236381344904749
       1.236492193635536
       1.236553320458843
       1.236564824805213
       1.236526813239956
       1.236439399425695
       1.236302704083638
       1.236116854953562
       1.235881986752574
       1.235598241132613
        1.23526576663678
       1.234884718654427
       1.234455259375105
       1.233977557741323
       1.233451789400159
       1.232878136653751
       1.232256788408684
       1.231587940124261
       1.230871793759691
       1.230108557720258
       1.229298446802413
       1.228441682137838
       1.227538491136564
       1.226589107429064
       1.225593770807402
       1.224552727165454
       1.223466228438216
       1.222334532540223
       1.221157903303106
       1.219936610412312
       1.218670929342986
       1.217361141295075
        1.21600753312765
       1.214610397292483
       1.213170031766884
       1.211686739985844
       1.210160830773438
        1.20859261827363
       1.206982421880358
       1.205330566167012
        1.20363738081528
       1.201903200543386
       1.200128365033752
       1.198313218860055
       1.196458111413727
       1.194563396829921
       1.192629433912922
       1.190656586061039
       1.188645221190986
       1.186595711661765
       1.184508434198071
       1.182383769813236
       1.180222103731711
       1.178023825311122
       1.175789327963923
       1.173519009078641
       1.171213269940745
       1.168872515653171
       1.166497155056524
       1.164087600648956
       1.161644268505754
       1.159167578198694
       1.156657952715134
       1.154115818376918
       1.151541604759059
       1.148935744608299
       1.146298673761489
       1.143630831063901
       1.140932658287405
       1.138204600048591
       1.135447103726842
       1.132660619382385
       1.129845599674314
       1.127002499778635
       1.124131777306338
       1.121233892221509
       1.118309306759503
       1.115358485345178
       1.112381894511253
       1.109380002816746
        1.10635328076554
       1.103302200725087
       1.100227236845266
       1.097128864977424
       1.094007562593568
       1.090863808705814
          1.087698083786
       1.084510869685593
       1.081302649555836
       1.078073907768178
       1.074825129835019
       1.071556802330776
       1.068269412813325
       1.064963449745795
        1.06163940241877
       1.058297760872939
       1.054939015822165
        1.05156365857705
       1.048172180968992
        1.04476507527475
       1.041342834141579
        1.03790595051289
       1.034454917554494
       1.030990228581469
       1.027512376985595
        1.02402185616343
       1.020519159445016
       1.017004780023233
       1.013479210883778
       1.009942944735818
       1.006396473943293
       1.002840290456896
      0.9992748857466838
      0.9957007507353881
      0.9921183757323893
      0.9885282503683426
      0.9849308635304936
      0.9813267032986508
      0.9777162568818643
      0.9741000105557478
      0.9704784496005303
      0.9668520582397548
      0.9632213195796921
      0.9595867155494939
      0.9559487268419928
      0.9523078328553047
      0.9486645116351109
      0.9450192398177027
      0.9413724925738124
       0.937724743553175
      0.9340764648298981
       0.930428126848601
       0.926780198371389
      0.9231331464255929
      0.9194874362523503
      0.9158435312559989
      0.9122018929542789
      0.9085629809293642
      0.9049272527796876
      0.9012951640725967
      0.8976671682977795
      0.8940437168214921
      0.8904252588415557
      0.8868122413430913
      0.8832051090550064
      0.8796043044071808
      0.8760102674883593
      0.8724234360047056
      0.8688442452390203
      0.8652731280105768
      0.8617105146355756
      0.8581568328881957
      0.8546125079622272
      0.8510779624332619
      0.8475536162214599
      0.8440398865548562
      0.8405371879332433
      0.8370459320926044
       0.833566527970114
      0.8300993816697201
      0.8266448964283477
       0.823203472582706
      0.8197755075367527
      0.8163613957298432
      0.8129615286055974
      0.8095762945815058
