0 0 0 
0.01 0 0 
0.02 4.98693e-05 2.68958e-05 
0.03 0.000199338 0.000107764 
0.04 0.000448192 0.000242969 
0.05 0.000796206 0.000432814 
0.06 0.00124315 0.000677537 
0.07 0.00178877 0.000977316 
0.08 0.00243283 0.00133227 
0.09 0.00317506 0.00174244 
0.1 0.00401519 0.00220785 
0.11 0.00495295 0.00272841 
0.12 0.00598805 0.00330404 
0.13 0.0071202 0.00393455 
0.14 0.00834908 0.00461974 
0.15 0.0096744 0.00535935 
0.16 0.0110958 0.00615308 
0.17 0.012613 0.00700059 
0.18 0.0142256 0.0079015 
0.19 0.0159334 0.0088554 
0.2 0.0177358 0.00986187 
0.21 0.0196327 0.0109204 
0.22 0.0216235 0.0120306 
0.23 0.0237079 0.0131919 
0.24 0.0258856 0.0144037 
0.25 0.0281561 0.0156656 
0.26 0.030519 0.0169771 
0.27 0.032974 0.0183374 
0.28 0.0355205 0.0197462 
0.29 0.0381582 0.0212029 
0.3 0.0408865 0.0227069 
0.31 0.0437052 0.0242576 
0.32 0.0466136 0.0258545 
0.33 0.0496115 0.027497 
0.34 0.0526981 0.0291847 
0.35 0.0558732 0.030917 
0.36 0.0591362 0.0326933 
0.37 0.0624865 0.0345132 
0.38 0.0659238 0.0363761 
0.39 0.0694475 0.0382816 
0.4 0.073057 0.0402291 
0.41 0.0767519 0.0422181 
0.42 0.0805315 0.0442482 
0.43 0.0843955 0.0463189 
0.44 0.0883431 0.0484298 
0.45 0.0923739 0.0505803 
0.46 0.0964872 0.05277 
0.47 0.100683 0.0549984 
0.48 0.104959 0.0572652 
0.49 0.109317 0.0595698 
0.5 0.113755 0.0619118 
0.51 0.118272 0.0642907 
0.52 0.122869 0.0667061 
0.53 0.127543 0.0691575 
0.54 0.132296 0.0716444 
0.55 0.137126 0.0741665 
0.56 0.142032 0.0767232 
0.57 0.147014 0.079314 
0.58 0.152071 0.0819386 
0.59 0.157203 0.0845963 
0.6 0.162409 0.0872869 
0.61 0.167688 0.0900096 
0.62 0.173039 0.0927642 
0.63 0.178462 0.09555 
0.64 0.183956 0.0983666 
0.65 0.189521 0.101213 
0.66 0.195155 0.10409 
0.67 0.200858 0.106996 
0.68 0.20663 0.109931 
0.69 0.212469 0.112894 
0.7 0.218375 0.115885 
0.71 0.224347 0.118903 
0.72 0.230384 0.121948 
0.73 0.236486 0.125019 
0.74 0.242652 0.128116 
0.75 0.248881 0.131238 
0.76 0.255171 0.134384 
0.77 0.261524 0.137555 
0.78 0.267937 0.14075 
0.79 0.27441 0.143967 
0.8 0.280943 0.147208 
0.81 0.287533 0.15047 
0.82 0.294181 0.153754 
0.83 0.300886 0.157059 
0.84 0.307647 0.160384 
0.85 0.314463 0.16373 
0.86 0.321333 0.167095 
0.87 0.328257 0.170479 
0.88 0.335233 0.173881 
0.89 0.342261 0.177301 
0.9 0.34934 0.180738 
0.91 0.356469 0.184193 
0.92 0.363648 0.187663 
0.93 0.370874 0.191149 
0.94 0.378148 0.194651 
0.95 0.385469 0.198167 
0.96 0.392835 0.201697 
0.97 0.400247 0.20524 
0.98 0.407702 0.208797 
0.99 0.4152 0.212366 
1 0.422741 0.215947 
1.01 0.430322 0.219539 
1.02 0.437944 0.223142 
1.03 0.445606 0.226755 
1.04 0.453306 0.230378 
1.05 0.461044 0.23401 
1.06 0.468818 0.23765 
1.07 0.476628 0.241299 
1.08 0.484473 0.244954 
1.09 0.492352 0.248617 
1.1 0.500264 0.252286 
1.11 0.508208 0.255961 
1.12 0.516182 0.25964 
1.13 0.524187 0.263325 
1.14 0.532221 0.267013 
1.15 0.540283 0.270705 
1.16 0.548372 0.2744 
1.17 0.556487 0.278097 
1.18 0.564627 0.281795 
1.19 0.572792 0.285495 
1.2 0.58098 0.289196 
1.21 0.58919 0.292896 
1.22 0.597421 0.296596 
1.23 0.605672 0.300295 
1.24 0.613942 0.303992 
1.25 0.622231 0.307686 
1.26 0.630536 0.311378 
1.27 0.638858 0.315067 
1.28 0.647195 0.318751 
1.29 0.655545 0.322431 
1.3 0.663909 0.326105 
1.31 0.672285 0.329774 
1.32 0.680671 0.333436 
1.33 0.689068 0.337092 
1.34 0.697473 0.340739 
1.35 0.705886 0.344379 
1.36 0.714305 0.34801 
1.37 0.72273 0.351631 
1.38 0.73116 0.355243 
1.39 0.739593 0.358844 
1.4 0.748029 0.362433 
1.41 0.756465 0.366012 
1.42 0.764902 0.369577 
1.43 0.773338 0.37313 
1.44 0.781773 0.376669 
1.45 0.790204 0.380195 
1.46 0.798631 0.383705 
1.47 0.807052 0.3872 
1.48 0.815468 0.390679 
1.49 0.823876 0.394142 
1.5 0.832275 0.397588 
1.51 0.840665 0.401016 
1.52 0.849044 0.404425 
1.53 0.857412 0.407816 
1.54 0.865766 0.411188 
1.55 0.874106 0.414539 
1.56 0.882431 0.417869 
1.57 0.89074 0.421179 
1.58 0.899032 0.424466 
1.59 0.907305 0.427731 
1.6 0.915558 0.430974 
1.61 0.923791 0.434192 
1.62 0.932001 0.437387 
1.63 0.940189 0.440556 
1.64 0.948353 0.443701 
1.65 0.956492 0.446819 
1.66 0.964604 0.449911 
1.67 0.972689 0.452976 
1.68 0.980745 0.456014 
1.69 0.988772 0.459023 
1.7 0.996768 0.462004 
1.71 1.00473 0.464956 
1.72 1.01266 0.467877 
1.73 1.02056 0.470769 
1.74 1.02842 0.473629 
1.75 1.03625 0.476458 
1.76 1.04404 0.479256 
1.77 1.05179 0.482021 
1.78 1.0595 0.484752 
1.79 1.06717 0.487451 
1.8 1.0748 0.490115 
1.81 1.08238 0.492745 
1.82 1.08992 0.49534 
1.83 1.09742 0.4979 
1.84 1.10487 0.500423 
1.85 1.11227 0.50291 
1.86 1.11963 0.505361 
1.87 1.12694 0.507774 
1.88 1.13419 0.510149 
1.89 1.1414 0.512486 
1.9 1.14855 0.514785 
1.91 1.15565 0.517044 
1.92 1.1627 0.519264 
1.93 1.16969 0.521444 
1.94 1.17662 0.523584 
1.95 1.1835 0.525683 
1.96 1.19031 0.527741 
1.97 1.19707 0.529758 
1.98 1.20377 0.531733 
1.99 1.21041 0.533667 
2 1.21698 0.535557 
2.01 1.2235 0.537406 
2.02 1.22995 0.539211 
2.03 1.23633 0.540973 
2.04 1.24265 0.542691 
2.05 1.2489 0.544365 
2.06 1.25508 0.545996 
2.07 1.26119 0.547582 
2.08 1.26724 0.549124 
2.09 1.27321 0.550621 
2.1 1.27911 0.552073 
2.11 1.28495 0.553479 
2.12 1.2907 0.554841 
2.13 1.29639 0.556157 
2.14 1.302 0.557428 
2.15 1.30753 0.558653 
2.16 1.31299 0.559832 
2.17 1.31837 0.560965 
2.18 1.32368 0.562053 
2.19 1.3289 0.563094 
2.2 1.33405 0.564089 
2.21 1.33912 0.565039 
2.22 1.3441 0.565942 
2.23 1.34901 0.566799 
2.24 1.35383 0.56761 
2.25 1.35858 0.568375 
2.26 1.36323 0.569095 
2.27 1.36781 0.569768 
2.28 1.3723 0.570396 
2.29 1.3767 0.570977 
2.3 1.38102 0.571514 
2.31 1.38526 0.572005 
2.32 1.3894 0.572451 
2.33 1.39346 0.572851 
2.34 1.39743 0.573207 
2.35 1.40132 0.573519 
2.36 1.40511 0.573786 
2.37 1.40882 0.574008 
2.38 1.41244 0.574187 
2.39 1.41596 0.574322 
2.4 1.4194 0.574414 
2.41 1.42274 0.574463 
2.42 1.426 0.57447 
2.43 1.42916 0.574434 
2.44 1.43223 0.574356 
2.45 1.43521 0.574237 
2.46 1.43809 0.574077 
2.47 1.44089 0.573876 
2.48 1.44359 0.573634 
2.49 1.44619 0.573353 
2.5 1.4487 0.573033 
2.51 1.45112 0.572674 
2.52 1.45345 0.572277 
2.53 1.45568 0.571841 
2.54 1.45781 0.571369 
2.55 1.45986 0.57086 
2.56 1.4618 0.570315 
2.57 1.46366 0.569735 
2.58 1.46541 0.569119 
2.59 1.46707 0.56847 
2.6 1.46864 0.567787 
2.61 1.47011 0.567071 
2.62 1.47149 0.566323 
2.63 1.47277 0.565543 
2.64 1.47396 0.564732 
2.65 1.47505 0.563892 
2.66 1.47605 0.563022 
2.67 1.47695 0.562123 
2.68 1.47776 0.561197 
2.69 1.47847 0.560244 
2.7 1.47909 0.559264 
2.71 1.47961 0.558259 
2.72 1.48004 0.55723 
2.73 1.48037 0.556176 
2.74 1.48061 0.5551 
2.75 1.48076 0.554002 
2.76 1.48081 0.552883 
2.77 1.48077 0.551744 
2.78 1.48064 0.550585 
2.79 1.48041 0.549408 
2.8 1.48009 0.548214 
2.81 1.47968 0.547003 
2.82 1.47917 0.545777 
2.83 1.47858 0.544536 
2.84 1.47789 0.543282 
2.85 1.47711 0.542015 
2.86 1.47625 0.540736 
2.87 1.47529 0.539447 
2.88 1.47424 0.538149 
2.89 1.4731 0.536842 
2.9 1.47188 0.535527 
2.91 1.47056 0.534207 
2.92 1.46916 0.53288 
2.93 1.46767 0.53155 
2.94 1.46609 0.530217 
2.95 1.46443 0.528881 
2.96 1.46268 0.527544 
2.97 1.46085 0.526208 
2.98 1.45893 0.524872 
2.99 1.45692 0.523539 
3 1.45483 0.522209 
3.01 1.45266 0.520884 
3.02 1.45041 0.519564 
3.03 1.44807 0.518251 
3.04 1.44566 0.516945 
3.05 1.44316 0.515649 
3.06 1.44058 0.514362 
3.07 1.43792 0.513086 
3.08 1.43519 0.511822 
3.09 1.43237 0.510571 
3.1 1.42948 0.509335 
3.11 1.42651 0.508114 
3.12 1.42347 0.506909 
3.13 1.42035 0.505721 
3.14 1.41716 0.504552 
3.15 1.41389 0.503403 
3.16 1.41055 0.502274 
3.17 1.40713 0.501166 
3.18 1.40365 0.500081 
3.19 1.40009 0.499019 
3.2 1.39647 0.497981 
3.21 1.39277 0.496969 
3.22 1.38901 0.495983 
3.23 1.38518 0.495025 
3.24 1.38128 0.494094 
3.25 1.37731 0.493192 
3.26 1.37328 0.49232 
3.27 1.36919 0.491479 
3.28 1.36503 0.490669 
3.29 1.36081 0.489891 
3.3 1.35653 0.489146 
3.31 1.35218 0.488435 
3.32 1.34778 0.487757 
3.33 1.34331 0.487115 
3.34 1.33879 0.486509 
3.35 1.33421 0.485939 
3.36 1.32957 0.485405 
3.37 1.32488 0.484909 
3.38 1.32013 0.484451 
3.39 1.31532 0.484031 
3.4 1.31047 0.48365 
3.41 1.30556 0.483308 
3.42 1.3006 0.483005 
3.43 1.29558 0.482743 
3.44 1.29052 0.482521 
3.45 1.28541 0.48234 
3.46 1.28025 0.482199 
3.47 1.27505 0.4821 
3.48 1.26979 0.482042 
3.49 1.2645 0.482025 
3.5 1.25915 0.48205 
3.51 1.25377 0.482117 
3.52 1.24834 0.482225 
3.53 1.24287 0.482375 
3.54 1.23735 0.482566 
3.55 1.2318 0.4828 
3.56 1.22621 0.483075 
3.57 1.22058 0.483391 
3.58 1.21492 0.483749 
3.59 1.20921 0.484148 
3.6 1.20348 0.484588 
3.61 1.1977 0.485069 
3.62 1.1919 0.48559 
3.63 1.18606 0.486152 
3.64 1.18019 0.486753 
3.65 1.17429 0.487394 
3.66 1.16836 0.488075 
3.67 1.16239 0.488794 
3.68 1.15641 0.489551 
3.69 1.15039 0.490347 
3.7 1.14435 0.49118 
3.71 1.13828 0.492049 
3.72 1.13219 0.492956 
3.73 1.12607 0.493898 
3.74 1.11994 0.494876 
3.75 1.11378 0.495889 
3.76 1.10759 0.496936 
3.77 1.10139 0.498017 
3.78 1.09517 0.49913 
3.79 1.08894 0.500277 
3.8 1.08268 0.501454 
3.81 1.07641 0.502664 
3.82 1.07012 0.503903 
3.83 1.06382 0.505172 
3.84 1.05751 0.506471 
3.85 1.05118 0.507797 
3.86 1.04484 0.509152 
3.87 1.03849 0.510533 
3.88 1.03212 0.511941 
3.89 1.02575 0.513373 
3.9 1.01938 0.514831 
3.91 1.01299 0.516313 
3.92 1.00659 0.517818 
3.93 1.0002 0.519345 
3.94 0.993791 0.520894 
3.95 0.987383 0.522464 
3.96 0.980971 0.524054 
3.97 0.974557 0.525664 
3.98 0.968141 0.527293 
3.99 0.961724 0.528939 
4 0.955307 0.530602 
4.01 0.948891 0.532282 
4.02 0.942477 0.533978 
4.03 0.936065 0.535688 
4.04 0.929656 0.537413 
4.05 0.923252 0.539151 
4.06 0.916853 0.540902 
4.07 0.910459 0.542664 
4.08 0.904071 0.544438 
4.09 0.897691 0.546222 
4.1 0.891319 0.548016 
4.11 0.884956 0.549819 
4.12 0.878603 0.551631 
4.13 0.87226 0.55345 
4.14 0.865928 0.555276 
4.15 0.859608 0.557108 
4.16 0.8533 0.558946 
4.17 0.847006 0.560789 
4.18 0.840727 0.562636 
4.19 0.834462 0.564487 
4.2 0.828213 0.566341 
4.21 0.82198 0.568197 
4.22 0.815765 0.570054 
4.23 0.809567 0.571913 
4.24 0.803388 0.573773 
4.25 0.797228 0.575632 
4.26 0.791088 0.57749 
4.27 0.784969 0.579348 
4.28 0.778872 0.581203 
4.29 0.772796 0.583056 
4.3 0.766743 0.584906 
4.31 0.760714 0.586753 
4.32 0.754709 0.588595 
4.33 0.748729 0.590433 
4.34 0.742774 0.592266 
4.35 0.736845 0.594094 
4.36 0.730943 0.595915 
4.37 0.725069 0.59773 
4.38 0.719223 0.599538 
4.39 0.713405 0.601339 
4.4 0.707617 0.603131 
4.41 0.701859 0.604915 
4.42 0.696132 0.606691 
4.43 0.690436 0.608457 
4.44 0.684771 0.610213 
4.45 0.679139 0.61196 
4.46 0.673541 0.613696 
4.47 0.667976 0.615421 
4.48 0.662445 0.617135 
4.49 0.656949 0.618838 
4.5 0.651489 0.620528 
4.51 0.646064 0.622207 
4.52 0.640676 0.623872 
4.53 0.635325 0.625525 
4.54 0.630012 0.627164 
4.55 0.624737 0.62879 
4.56 0.619501 0.630402 
4.57 0.614304 0.631999 
4.58 0.609147 0.633582 
4.59 0.60403 0.635151 
4.6 0.598954 0.636704 
4.61 0.59392 0.638242 
4.62 0.588927 0.639764 
4.63 0.583977 0.64127 
4.64 0.579069 0.64276 
4.65 0.574205 0.644234 
4.66 0.569385 0.645691 
4.67 0.564609 0.647132 
4.68 0.559877 0.648555 
4.69 0.555191 0.649961 
4.7 0.550551 0.65135 
4.71 0.545956 0.652721 
4.72 0.541408 0.654074 
4.73 0.536907 0.65541 
4.74 0.532453 0.656727 
4.75 0.528047 0.658026 
4.76 0.52369 0.659306 
4.77 0.519381 0.660568 
4.78 0.51512 0.661811 
4.79 0.51091 0.663035 
4.8 0.506748 0.664241 
4.81 0.502637 0.665427 
4.82 0.498577 0.666594 
4.83 0.494567 0.667741 
4.84 0.490609 0.668869 
4.85 0.486702 0.669978 
4.86 0.482847 0.671067 
4.87 0.479044 0.672136 
4.88 0.475294 0.673186 
4.89 0.471596 0.674216 
4.9 0.467952 0.675226 
4.91 0.464361 0.676216 
4.92 0.460825 0.677186 
4.93 0.457342 0.678136 
4.94 0.453913 0.679067 
4.95 0.45054 0.679977 
4.96 0.447221 0.680867 
4.97 0.443957 0.681738 
4.98 0.440749 0.682588 
4.99 0.437596 0.683418 
5 0.4345 0.684229 
5.01 0.43146 0.685019 
5.02 0.428476 0.68579 
5.03 0.425549 0.686541 
5.04 0.422678 0.687272 
5.05 0.419865 0.687983 
5.06 0.417109 0.688674 
5.07 0.414411 0.689346 
5.08 0.411771 0.689998 
5.09 0.409188 0.690631 
5.1 0.406663 0.691244 
5.11 0.404197 0.691838 
5.12 0.401789 0.692413 
5.13 0.39944 0.692968 
5.14 0.39715 0.693505 
5.15 0.394918 0.694023 
5.16 0.392746 0.694521 
5.17 0.390632 0.695002 
5.18 0.388578 0.695463 
5.19 0.386584 0.695906 
5.2 0.384649 0.696331 
5.21 0.382774 0.696738 
5.22 0.380958 0.697127 
5.23 0.379202 0.697497 
5.24 0.377507 0.697851 
5.25 0.375871 0.698186 
5.26 0.374295 0.698505 
5.27 0.37278 0.698806 
5.28 0.371325 0.69909 
5.29 0.36993 0.699357 
5.3 0.368595 0.699608 
5.31 0.367321 0.699842 
5.32 0.366107 0.70006 
5.33 0.364954 0.700262 
5.34 0.363861 0.700449 
5.35 0.362828 0.700619 
5.36 0.361856 0.700774 
5.37 0.360944 0.700915 
5.38 0.360093 0.70104 
5.39 0.359302 0.70115 
5.4 0.358572 0.701246 
5.41 0.357902 0.701327 
5.42 0.357292 0.701395 
5.43 0.356742 0.701449 
5.44 0.356253 0.701489 
5.45 0.355824 0.701516 
5.46 0.355455 0.70153 
5.47 0.355146 0.701531 
5.48 0.354896 0.70152 
5.49 0.354707 0.701497 
5.5 0.354577 0.701461 
5.51 0.354507 0.701414 
5.52 0.354497 0.701356 
5.53 0.354546 0.701286 
5.54 0.354654 0.701205 
5.55 0.354821 0.701114 
5.56 0.355048 0.701013 
5.57 0.355333 0.700901 
5.58 0.355677 0.70078 
5.59 0.35608 0.700649 
5.6 0.35654 0.70051 
5.61 0.35706 0.700361 
5.62 0.357637 0.700204 
5.63 0.358272 0.700039 
5.64 0.358965 0.699865 
5.65 0.359715 0.699685 
5.66 0.360523 0.699496 
5.67 0.361387 0.699301 
5.68 0.362309 0.699099 
5.69 0.363287 0.698891 
5.7 0.364322 0.698676 
5.71 0.365413 0.698456 
5.72 0.366559 0.69823 
5.73 0.367762 0.697999 
5.74 0.36902 0.697763 
5.75 0.370333 0.697523 
5.76 0.371702 0.697278 
5.77 0.373125 0.69703 
5.78 0.374602 0.696777 
5.79 0.376134 0.696522 
5.8 0.377719 0.696263 
5.81 0.379358 0.696002 
5.82 0.38105 0.695738 
5.83 0.382796 0.695472 
5.84 0.384594 0.695204 
5.85 0.386444 0.694935 
5.86 0.388346 0.694664 
5.87 0.390301 0.694392 
5.88 0.392306 0.69412 
5.89 0.394363 0.693848 
5.9 0.39647 0.693575 
5.91 0.398628 0.693302 
5.92 0.400836 0.69303 
5.93 0.403094 0.692759 
5.94 0.405401 0.692489 
5.95 0.407757 0.69222 
5.96 0.410161 0.691953 
5.97 0.412614 0.691688 
5.98 0.415115 0.691424 
5.99 0.417663 0.691163 
6 0.420258 0.690905 
6.01 0.4229 0.69065 
6.02 0.425589 0.690398 
6.03 0.428323 0.690149 
6.04 0.431102 0.689904 
6.05 0.433927 0.689663 
6.06 0.436796 0.689426 
6.07 0.43971 0.689193 
6.08 0.442667 0.688965 
6.09 0.445667 0.688741 
6.1 0.448711 0.688523 
6.11 0.451797 0.68831 
6.12 0.454925 0.688102 
6.13 0.458094 0.6879 
6.14 0.461305 0.687704 
6.15 0.464556 0.687514 
6.16 0.467847 0.68733 
6.17 0.471178 0.687153 
6.18 0.474548 0.686982 
6.19 0.477957 0.686818 
6.2 0.481404 0.686661 
6.21 0.484888 0.686511 
6.22 0.48841 0.686368 
6.23 0.491969 0.686233 
6.24 0.495564 0.686105 
6.25 0.499195 0.685985 
6.26 0.50286 0.685873 
6.27 0.506561 0.685769 
6.28 0.510295 0.685672 
6.29 0.514064 0.685584 
6.3 0.517865 0.685504 
6.31 0.521699 0.685433 
6.32 0.525565 0.68537 
6.33 0.529462 0.685315 
6.34 0.533391 0.685269 
6.35 0.537349 0.685232 
6.36 0.541338 0.685204 
6.37 0.545356 0.685184 
6.38 0.549402 0.685173 
6.39 0.553477 0.685171 
6.4 0.55758 0.685178 
6.41 0.561709 0.685194 
6.42 0.565865 0.685218 
6.43 0.570047 0.685252 
6.44 0.574255 0.685294 
6.45 0.578487 0.685346 
6.46 0.582743 0.685406 
6.47 0.587023 0.685475 
6.48 0.591326 0.685553 
6.49 0.595651 0.68564 
6.5 0.599998 0.685736 
6.51 0.604367 0.68584 
6.52 0.608756 0.685953 
6.53 0.613165 0.686074 
6.54 0.617594 0.686204 
6.55 0.622042 0.686342 
6.56 0.626508 0.686488 
6.57 0.630991 0.686643 
6.58 0.635492 0.686805 
6.59 0.640009 0.686976 
6.6 0.644542 0.687154 
6.61 0.649091 0.68734 
6.62 0.653654 0.687534 
6.63 0.658231 0.687735 
6.64 0.662821 0.687943 
6.65 0.667425 0.688158 
6.66 0.67204 0.688381 
6.67 0.676667 0.68861 
6.68 0.681305 0.688846 
6.69 0.685953 0.689088 
6.7 0.690611 0.689336 
6.71 0.695279 0.689591 
6.72 0.699954 0.689852 
6.73 0.704638 0.690118 
6.74 0.709328 0.69039 
6.75 0.714026 0.690667 
6.76 0.718729 0.690949 
6.77 0.723437 0.691236 
6.78 0.72815 0.691528 
6.79 0.732868 0.691825 
6.8 0.737588 0.692126 
6.81 0.742312 0.69243 
6.82 0.747037 0.692739 
6.83 0.751765 0.693052 
6.84 0.756493 0.693368 
6.85 0.761221 0.693687 
6.86 0.765949 0.694009 
6.87 0.770676 0.694334 
6.88 0.775401 0.694662 
6.89 0.780124 0.694991 
6.9 0.784844 0.695324 
6.91 0.789561 0.695657 
6.92 0.794273 0.695993 
6.93 0.79898 0.69633 
6.94 0.803683 0.696669 
6.95 0.808379 0.697008 
6.96 0.813068 0.697348 
6.97 0.81775 0.697689 
6.98 0.822424 0.69803 
6.99 0.827089 0.698372 
7 0.831746 0.698713 
7.01 0.836392 0.699054 
7.02 0.841028 0.699394 
7.03 0.845653 0.699734 
7.04 0.850266 0.700073 
7.05 0.854867 0.700411 
7.06 0.859455 0.700747 
7.07 0.864029 0.701082 
7.08 0.86859 0.701415 
7.09 0.873135 0.701745 
7.1 0.877665 0.702074 
7.11 0.88218 0.7024 
7.12 0.886677 0.702724 
7.13 0.891158 0.703045 
7.14 0.895621 0.703363 
7.15 0.900065 0.703677 
7.16 0.904491 0.703989 
7.17 0.908897 0.704296 
7.18 0.913283 0.7046 
7.19 0.917648 0.704899 
7.2 0.921993 0.705195 
7.21 0.926315 0.705486 
7.22 0.930615 0.705773 
7.23 0.934892 0.706054 
7.24 0.939145 0.706331 
7.25 0.943375 0.706603 
7.26 0.94758 0.706869 
7.27 0.951759 0.70713 
7.28 0.955914 0.707385 
7.29 0.960041 0.707635 
7.3 0.964142 0.707878 
7.31 0.968216 0.708116 
7.32 0.972262 0.708347 
7.33 0.97628 0.708571 
7.34 0.980268 0.708789 
7.35 0.984228 0.709 
7.36 0.988157 0.709204 
7.37 0.992056 0.709402 
7.38 0.995924 0.709592 
7.39 0.999761 0.709774 
7.4 1.00357 0.709949 
7.41 1.00734 0.710117 
7.42 1.01108 0.710276 
7.43 1.01478 0.710428 
7.44 1.01846 0.710572 
7.45 1.02209 0.710708 
7.46 1.0257 0.710836 
7.47 1.02927 0.710955 
7.48 1.0328 0.711066 
7.49 1.0363 0.711168 
7.5 1.03976 0.711262 
7.51 1.04318 0.711347 
7.52 1.04656 0.711423 
7.53 1.04991 0.711491 
7.54 1.05322 0.711549 
7.55 1.05649 0.711599 
7.56 1.05972 0.711639 
7.57 1.06292 0.711671 
7.58 1.06607 0.711693 
7.59 1.06918 0.711706 
7.6 1.07225 0.71171 
7.61 1.07528 0.711704 
7.62 1.07827 0.711689 
7.63 1.08122 0.711665 
7.64 1.08412 0.711631 
7.65 1.08699 0.711588 
7.66 1.08981 0.711535 
7.67 1.09258 0.711473 
7.68 1.09531 0.711402 
7.69 1.098 0.711321 
7.7 1.10065 0.711231 
7.71 1.10325 0.711131 
7.72 1.10581 0.711022 
7.73 1.10832 0.710904 
7.74 1.11078 0.710776 
7.75 1.1132 0.710638 
7.76 1.11557 0.710492 
7.77 1.1179 0.710336 
7.78 1.12018 0.710171 
7.79 1.12242 0.709997 
7.8 1.1246 0.709814 
7.81 1.12674 0.709621 
7.82 1.12884 0.70942 
7.83 1.13088 0.70921 
7.84 1.13288 0.708991 
7.85 1.13483 0.708763 
7.86 1.13673 0.708526 
7.87 1.13858 0.708281 
7.88 1.14039 0.708027 
7.89 1.14214 0.707765 
7.9 1.14385 0.707495 
7.91 1.14551 0.707216 
7.92 1.14711 0.70693 
7.93 1.14867 0.706635 
7.94 1.15018 0.706332 
7.95 1.15164 0.706022 
7.96 1.15305 0.705704 
7.97 1.15441 0.705379 
7.98 1.15572 0.705046 
7.99 1.15698 0.704707 
8 1.15819 0.70436 
8.01 1.15935 0.704006 
8.02 1.16046 0.703646 
8.03 1.16152 0.703279 
8.04 1.16252 0.702906 
8.05 1.16348 0.702527 
8.06 1.16439 0.702141 
8.07 1.16525 0.70175 
8.08 1.16605 0.701354 
8.09 1.16681 0.700951 
8.1 1.16752 0.700544 
8.11 1.16817 0.700132 
8.12 1.16878 0.699715 
8.13 1.16933 0.699293 
8.14 1.16984 0.698867 
8.15 1.17029 0.698437 
8.16 1.1707 0.698003 
8.17 1.17105 0.697566 
8.18 1.17135 0.697125 
8.19 1.17161 0.696681 
8.2 1.17181 0.696234 
8.21 1.17197 0.695784 
8.22 1.17207 0.695333 
8.23 1.17213 0.694879 
8.24 1.17213 0.694423 
8.25 1.17209 0.693965 
8.26 1.17199 0.693507 
8.27 1.17185 0.693047 
8.28 1.17166 0.692587 
8.29 1.17142 0.692126 
8.3 1.17113 0.691665 
8.31 1.17079 0.691204 
8.32 1.17041 0.690744 
8.33 1.16997 0.690284 
8.34 1.16949 0.689826 
8.35 1.16896 0.689369 
8.36 1.16838 0.688913 
8.37 1.16776 0.68846 
8.38 1.16709 0.688009 
8.39 1.16637 0.68756 
8.4 1.1656 0.687115 
8.41 1.16479 0.686672 
8.42 1.16393 0.686233 
8.43 1.16303 0.685798 
8.44 1.16208 0.685367 
8.45 1.16108 0.684941 
8.46 1.16004 0.684519 
8.47 1.15895 0.684102 
8.48 1.15782 0.683691 
8.49 1.15665 0.683286 
8.5 1.15543 0.682886 
8.51 1.15417 0.682493 
8.52 1.15286 0.682106 
8.53 1.15151 0.681726 
8.54 1.15012 0.681354 
8.55 1.14868 0.680989 
8.56 1.14721 0.680632 
8.57 1.14569 0.680282 
8.58 1.14413 0.679941 
8.59 1.14252 0.679609 
8.6 1.14088 0.679286 
8.61 1.1392 0.678972 
8.62 1.13747 0.678667 
8.63 1.13571 0.678372 
8.64 1.1339 0.678087 
8.65 1.13206 0.677813 
8.66 1.13018 0.677548 
8.67 1.12826 0.677295 
8.68 1.1263 0.677052 
8.69 1.12431 0.676821 
8.7 1.12227 0.676601 
8.71 1.1202 0.676393 
8.72 1.1181 0.676196 
8.73 1.11595 0.676012 
8.74 1.11378 0.675839 
8.75 1.11156 0.675679 
8.76 1.10931 0.675532 
8.77 1.10703 0.675398 
8.78 1.10472 0.675276 
8.79 1.10237 0.675168 
8.8 1.09998 0.675073 
8.81 1.09757 0.674991 
8.82 1.09512 0.674923 
8.83 1.09264 0.674868 
8.84 1.09012 0.674827 
8.85 1.08758 0.674801 
8.86 1.08501 0.674788 
8.87 1.0824 0.674789 
8.88 1.07977 0.674804 
8.89 1.07711 0.674833 
8.9 1.07442 0.674877 
8.91 1.0717 0.674935 
8.92 1.06895 0.675007 
8.93 1.06617 0.675093 
8.94 1.06337 0.675194 
8.95 1.06054 0.67531 
8.96 1.05769 0.675439 
8.97 1.05481 0.675583 
8.98 1.0519 0.675742 
8.99 1.04897 0.675915 
9 1.04602 0.676102 
9.01 1.04304 0.676303 
9.02 1.04004 0.676519 
9.03 1.03702 0.676748 
9.04 1.03397 0.676992 
9.05 1.0309 0.67725 
9.06 1.02781 0.677521 
9.07 1.0247 0.677807 
9.08 1.02157 0.678105 
9.09 1.01842 0.678418 
9.1 1.01525 0.678744 
9.11 1.01206 0.679083 
9.12 1.00885 0.679435 
9.13 1.00562 0.6798 
9.14 1.00238 0.680178 
9.15 0.999119 0.680568 
9.16 0.995841 0.680971 
9.17 0.992547 0.681386 
9.18 0.989238 0.681813 
9.19 0.985913 0.682252 
9.2 0.982573 0.682703 
9.21 0.97922 0.683165 
9.22 0.975852 0.683638 
9.23 0.972472 0.684122 
9.24 0.969078 0.684617 
9.25 0.965672 0.685122 
9.26 0.962255 0.685638 
9.27 0.958826 0.686164 
9.28 0.955386 0.686699 
9.29 0.951935 0.687244 
9.3 0.948475 0.687799 
9.31 0.945006 0.688362 
9.32 0.941527 0.688935 
9.33 0.93804 0.689516 
9.34 0.934545 0.690105 
9.35 0.931043 0.690702 
9.36 0.927534 0.691307 
9.37 0.924018 0.691919 
9.38 0.920496 0.692539 
9.39 0.916968 0.693166 
9.4 0.913435 0.693799 
9.41 0.909898 0.694439 
9.42 0.906357 0.695086 
9.43 0.902812 0.695738 
9.44 0.899264 0.696395 
9.45 0.895713 0.697059 
9.46 0.89216 0.697727 
9.47 0.888605 0.6984 
9.48 0.885049 0.699078 
9.49 0.881492 0.69976 
9.5 0.877934 0.700447 
9.51 0.874377 0.701137 
9.52 0.87082 0.701831 
9.53 0.867265 0.702528 
9.54 0.863711 0.703229 
9.55 0.860159 0.703932 
9.56 0.856609 0.704638 
9.57 0.853062 0.705346 
9.58 0.849519 0.706057 
9.59 0.845979 0.70677 
9.6 0.842444 0.707484 
9.61 0.838913 0.7082 
9.62 0.835388 0.708917 
9.63 0.831868 0.709635 
9.64 0.828354 0.710354 
9.65 0.824847 0.711073 
9.66 0.821346 0.711793 
9.67 0.817853 0.712513 
9.68 0.814367 0.713234 
9.69 0.81089 0.713954 
9.7 0.807422 0.714674 
9.71 0.803962 0.715393 
9.72 0.800512 0.716111 
9.73 0.797072 0.716829 
9.74 0.793642 0.717545 
9.75 0.790223 0.71826 
9.76 0.786815 0.718974 
9.77 0.783418 0.719686 
9.78 0.780034 0.720396 
9.79 0.776661 0.721104 
9.8 0.773302 0.72181 
9.81 0.769956 0.722513 
9.82 0.766623 0.723215 
9.83 0.763304 0.723913 
9.84 0.76 0.724609 
9.85 0.75671 0.725302 
9.86 0.753435 0.725991 
9.87 0.750176 0.726678 
9.88 0.746932 0.727361 
9.89 0.743705 0.728041 
9.9 0.740494 0.728717 
9.91 0.737301 0.729389 
9.92 0.734124 0.730058 
9.93 0.730966 0.730723 
9.94 0.727825 0.731383 
9.95 0.724703 0.732039 
9.96 0.721599 0.732691 
9.97 0.718515 0.733339 
9.98 0.71545 0.733982 
9.99 0.712404 0.734621 
10 0.709379 0.735255 
