                       0
   7.768844269568199e-06
   3.144033486156611e-05
   7.174838627316531e-05
   0.0001294144628908523
   0.0002051471128485019
   0.0002996415123227326
   0.0004135790206098941
   0.0005476267463195351
   0.0007024371250111474
   0.0008786475085922529
     0.00107687976678663
    0.001297739900971725
    0.001541817670673984
    0.001809686233000196
    0.002101901795271783
    0.002419003281117547
    0.002761512010268554
    0.003129931392286652
    0.003524746634445797
    0.003946424463972539
    0.004395412864839174
    0.004872140829289853
    0.005377018124266614
     0.00591043507288856
    0.006472762351124093
    0.007064350799781628
    0.007685531251930918
    0.008336614375852303
    0.009017890533597667
    0.009729629655231956
     0.01047208112881039
     0.01124547370613155
     0.01205001542429268
     0.01288589354305859
     0.01375327449804147
     0.01465230386967466
     0.01558310636794861
      0.0165457858328635
     0.01754042525053822
     0.01856708678490211
     0.01962581182488085
     0.02071662104697465
      0.0218395144931128
     0.02299447166365534
     0.02418145162539859
     0.02540039313442841
      0.0266512147736516
     0.02793381510482362
     0.02924807283487657
     0.03059384699634093
     0.03197097714164035
     0.03337928355102777
     0.03481856745391973
     0.03628861126337263
      0.0377891788234354
     0.03932001566910048
     0.04088084929856547
     0.04247138945750689
     0.04409132843505715
     0.04574034137116684
     0.04741808657502494
     0.04912420585419907
     0.05085832485415206
     0.05262005340777915
      0.0544089858946052
     0.05622470160927253
      0.0580667651389407
     0.05993472674921679
     0.06182812277822448
     0.06374647603841634
     0.06568929622572559
     0.06765608033565167
     0.06964631308586566
     0.07165946734491907
     0.07369500456663368
      0.0757523752297487
     0.07783101928239526
     0.07993036659096825
     0.08204983739296018
     0.08418884275332167
     0.08634678502391011
     0.08852305830558876
      0.0907170489125337
     0.09292813583831154
     0.09515569122328438
     0.09739908082290333
     0.09965766447645122
      0.1019307965757979
      0.1042178265337277
      0.1065180992514096
      0.1088309555845758
      0.1111557328079799
      0.1134917650777111
      0.1158383838909401
      0.1181949185426819
      0.1205606965791631
      0.1229350442473824
      0.1253172869404665
      0.1277067496384236
      0.1301027573439036
      0.1325046355125832
       0.134911710477802
      0.1373233098690758
      0.1397387630241322
      0.1421574013941152
      0.1445785589416128
      0.1470015725311806
      0.1494257823120273
      0.1518505320925596
      0.1542751697064718
      0.1566990473700947
      0.1591215220307204
       0.161541955705629
      0.1639597158115648
      0.1663741754844121
      0.1687847138888375
      0.1711907165176816
      0.1735915754808887
       0.175986689783784
      0.1783754655945198
      0.1807573165005222
      0.1831316637537915
      0.1854979365049194
      0.1878555720257014
      0.1902040159202425
      0.1925427223244642
      0.1948711540939406
      0.1971887829800063
      0.1994950897940962
      0.2017895645602905
      0.2040717066560599
      0.2063410249412169
      0.2085970378751026
      0.2108392736220492
      0.2130672701451798
      0.2152805752886221
      0.2174787468482294
      0.2196613526309213
       0.221827970502773
      0.2239781884259962
      0.2261116044849786
      0.2282278269015548
      0.2303264740397097
      0.2324071743999256
      0.2344695666033988
      0.2365132993663727
      0.2385380314648486
      0.2405434316899444
      0.2425291787941996
       0.244494961429124
      0.2464404780743144
      0.2483654369584699
      0.2502695559726518
        0.25215256257615
      0.2540141936953217
      0.2558541956157881
      0.2576723238683811
      0.2594683431092435
      0.2612420269944949
      0.2629931580498838
      0.2647215275358554
      0.2664269353084733
      0.2681091896766311
      0.2697681072560087
      0.2714035128202217
      0.2730152391496167
      0.2746031268781757
      0.2761670243389844
      0.2777067874087284
      0.2792222793516707
      0.2807133706635778
      0.2821799389160393
      0.2836218686016437
      0.2850390509804457
      0.2864313839281828
      0.2877987717866574
      0.2891411252167307
      0.2904583610543323
      0.2917504021699029
      0.2930171773316677
      0.2942586210731219
      0.2954746735651103
      0.2966652804928522
      0.2978303929382652
      0.2989699672679126
      0.3000839650268934
      0.3011723528389645
      0.3022351023131796
      0.3032721899573048
       0.304283597098251
      0.3052693098097367
      0.3062293188473977
       0.307163619591504
      0.3080722119974559
      0.3089551005541863
      0.3098122942505872
      0.3106438065500436
      0.3114496553731522
      0.3122298630886584
      0.3129844565126393
      0.3137134669159243
       0.314416930039733
      0.3150948861194737
      0.3157473799166342
      0.3163744607586685
      0.3169761825867541
      0.3175526040112855
      0.3181037883749369
      0.3186298038231051
      0.3191307233815285
      0.3196066250408529
      0.3200575918478955
      0.3204837120033326
      0.3208850789655361
      0.3212617915602356
      0.3216139540956988
      0.3219416764830769
      0.3222450743615627
      0.3225242692279881
      0.3227793885704764
      0.3230105660057466
      0.3232179414196532
      0.3234016611105464
      0.3235618779350058
      0.3236987514555088
      0.3238124480895799
      0.3239031412599501
      0.3239710115452668
       0.324016246830875
      0.3240390424591849
       0.324039601379149
      0.3240181342943506
      0.3239748598092257
      0.3239100045729101
      0.3238238034202384
      0.3237164995093821
      0.3235883444556554
      0.3234395984609862
      0.3232705304385668
      0.3230814181322037
      0.3228725482298974
      0.3226442164711547
      0.3223967277475898
      0.3221303961963312
      0.3218455452857991
      0.3215425078933852
      0.3212216263746077
      0.3208832526233071
      0.3205277481224577
       0.320155483985183
       0.319766840985572
      0.3193622095789017
      0.3189419899108856
      0.3185065918155798
      0.3180564348015801
      0.3175919480261686
      0.3171135702570756
      0.3166217498215318
      0.3161169445423024
      0.3155996216604137
      0.3150702577442812
      0.3145293385849848
      0.3139773590774309
       0.313414823087174
      0.3128422433026647
      0.3122601410727434
      0.3116690462291711
      0.3110694968940454
      0.3104620392719517
      0.3098472274267089
      0.3092256230426196
       0.308597795170119
      0.3079643199557729
      0.3073257803565677
      0.3066827658384927
      0.3060358720594045
      0.3053857005362209
      0.3047328582965045
      0.3040779575145204
      0.3034216151319025
      0.3027644524630749
      0.3021070947856198
      0.3014501709158179
      0.3007943127696187
      0.3001401549093376
      0.2994883340764306
      0.2988394887107085
      0.2981942584564287
      0.2975532836557247
      0.2969172048298883
      0.2962866621490627
      0.2956622948909555
      0.2950447408892295
      0.2944346359722728
      0.2938326133931146
      0.2932393032512824
      0.2926553319074677
      0.2920813213919096
      0.2915178888074512
      0.2909656457282814
      0.2904251975954217
      0.2898971431100555
      0.2893820736258622
      0.2888805725415378
      0.2883932146947368
      0.2879205657587114
      0.2874631816429438
      0.2870216078991063
      0.2865963791337109
      0.2861880184288124
      0.2857970367721777
      0.2854239324982947
      0.2850691907416523
      0.2847332829036695
      0.2844166661346766
      0.2841197828323113
      0.2838430601576903
      0.2835869095706606
      0.2833517263854202
      0.2831378893477309
      0.2829457602349126
      0.2827756834797308
      0.2826279858192282
      0.2825029759694893
       0.282400944327223
      0.2823221626989789
      0.2822668840587233
      0.2822353423343885
      0.2822277522239295
      0.2822443090412973
      0.2822851885926473
       0.282350547082983
       0.282440521053324
      0.2825552273483855
      0.2826947631146334
      0.2828592058284735
      0.2830486133542331
      0.2832630240314699
      0.2835024567910626
      0.2837669112994169
        0.28405636813005
      0.2843707889617076
      0.2847101168020973
      0.2850742762362513
       0.285463173698441
       0.285876697766534
      0.2863147194776102
      0.2867770926636067
      0.2872636543057386
      0.2877742249063992
      0.2883086088772266
      0.2888665949420063
      0.2894479565530758
      0.2900524523198985
      0.2906798264484792
      0.2913298091903103
      0.2920021172995557
      0.2926964544972234
      0.2934125119410753
      0.2941499687001056
      0.2949084922324213
      0.2956877388654345
      0.2964873542773067
      0.2973069739786483
      0.2981462237935282
      0.2990047203389057
      0.2998820715016532
      0.3007778769123999
      0.3016917284154894
      0.3026232105343898
      0.3035719009319671
      0.3045373708650875
      0.3055191856330638
      0.3065169050195246
      0.3075300837273238
      0.3085582718061843
        0.30960101507278
      0.3106578555230511
      0.3117283317365422
      0.3128119792726332
      0.3139083310585568
      0.3150169177691063
      0.3161372681980199
       0.317268909620999
      0.3184113681503964
      0.3195641690815846
      0.3207268372310713
      0.3218988972664316
       0.323079874028133
      0.3242692928433626
      0.3254666798319488
      0.3266715622045032
      0.3278834685528986
      0.3291019291331994
      0.3303264761411833
      0.3315566439805582
      0.3327919695240214
      0.3340319923672625
      0.3352762550760309
      0.3365243034263928
      0.3377756866382598
      0.3390299576023087
      0.3402866731003725
      0.3415453940193902
      0.3428056855589963
      0.3440671174328054
      0.3453292640634631
      0.3465917047715077
      0.3478540239580874
      0.3491158112815609
      0.3503766618280192
      0.3516361762757289
      0.3528939610535264
      0.3541496284931501
      0.3554027969755201
      0.3566530910709431
      0.3579001416732402
      0.3591435861277731
      0.3603830683533399
      0.3616182389579215
        0.36284875534824
      0.3640742818331087
      0.3652944897205201
      0.3665090574084575
      0.3677176704693854
      0.3689200217283823
      0.3701158113348857
      0.3713047468280222
      0.3724865431954851
      0.3736609229259455
      0.3748276160549647
      0.3759863602044002
      0.3771369006152844
      0.3782789901741888
      0.3794123894330431
      0.3805368666224524
      0.3816521976584993
      0.3827581661430647
      0.3838545633577035
      0.3849411882510955
      0.3860178474201438
      0.3870843550847538
       0.388140533056378
      0.3891862107003871
      0.3902212248923689
      0.3912454199684305
      0.3922586476696334
       0.393260767080656
      0.3942516445628228
      0.3952311536816255
      0.3961991751288969
      0.3971555966397775
      0.3981003129046481
      0.3990332254762126
      0.3999542426718928
      0.4008632794717534
      0.4017602574121462
      0.4026451044752872
      0.4035177549749918
      0.4043781494387852
       0.405226234486632
      0.4060619627065202
      0.4068852925271551
      0.4076961880880002
      0.4084946191069501
      0.4092805607458696
      0.4100539934742884
      0.4108149029315144
      0.4115632797874341
      0.4122991196022862
      0.4130224226856776
       0.413733193955122
      0.4144314427943754
      0.4151171829118549
      0.4157904321994028
      0.4164512125916803
      0.4170995499264532
      0.4177354738060384
      0.4183590174601711
      0.4189702176105546
      0.4195691143373319
      0.4201557509477387
      0.4207301738471538
      0.4212924324127902
       0.421842578870239
      0.4223806681730806
      0.4229067578857542
      0.4234209080698839
      0.4239231811742289
       0.424413641928431
      0.4248923572407099
      0.4253593960996466
      0.4258148294801803
       0.426258730253932
      0.4266911731039625
      0.4271122344440297
      0.4275219923424432
      0.4279205264505496
      0.4283079179358967
      0.4286842494200969
      0.4290496049214207
      0.4294040698020808
      0.4297477307202159
      0.4300806755865226
      0.4304029935254987
       0.430714774841211
      0.4310161109875336
      0.4313070945427404
      0.4315878191883605
      0.4318583796921611
      0.4321188718951323
      0.4323693927023186
      0.4326100400773488
      0.4328409130404732
      0.4330621116699493
       0.433273737106556
       0.433475891561055
      0.4336686783243839
      0.4338522017803447
      0.4340265674205762
      0.4341918818615677
      0.4343482528634787
      0.4344957893505087
      0.4346346014325719
      0.4347648004280301
      0.4348864988872171
      0.4349998106164921
      0.4351048507025855
      0.4352017355369529
      0.4352905828398941
      0.4353715116841805
      0.4354446425179292
      0.4355100971864949
      0.4355679989530978
      0.4356184725180012
      0.4356616440359556
      0.4356976411317136
      0.4357265929133944
      0.4357486299834758
      0.4357638844472323
      0.4357724899184137
       0.435774581522002
      0.4357702958938654
      0.4357597711771608
      0.4357431470153464
        0.43572056454167
      0.4356921663650214
      0.4356580965520355
      0.4356185006053886
      0.4355735254381792
      0.4355233193443601
      0.4354680319651738
      0.4354078142515668
      0.4353428184225606
      0.4352731979195986
      0.4351991073568873
      0.4351207024677482
      0.4350381400470615
      0.4349515778898391
       0.434861174726028
      0.4347670901516302
      0.4346694845562452
      0.4345685190471755
      0.4344643553702095
      0.4343571558272489
      0.4342470831909417
      0.4341343006164782
      0.4340189715507621
      0.4339012596391355
      0.4337813286298525
      0.4336593422765543
      0.4335354642389185
      0.4334098579817565
      0.4332826866727653
      0.4331541130791853
      0.4330242994636153
      0.4328934074792252
      0.4327615980646202
      0.4326290313386166
      0.4324958664951682
      0.4323622616987142
      0.4322283739801843
      0.4320943591339225
      0.4319603716157636
      0.4318265644425177
       0.431693089093077
      0.4315600954113948
      0.4314277315115396
      0.4312961436850533
      0.4311654763108079
      0.4310358717675436
      0.4309074703492948
      0.4307804101838495
        0.43065482715442
       0.430530854824653
      0.4304086243671169
      0.4302882644953876
      0.4301699013998298
      0.4300536586871583
      0.4299396573238505
      0.4298280155834751
      0.4297188489979604
      0.4296122703128414
      0.4295083894464823
      0.4294073134532587
      0.4293091464907025
      0.4292139897905332
      0.4291219416335348
      0.4290330973282158
      0.4289475491931439
      0.4288653865428668
      0.4287866956773069
      0.4287115598744815
      0.4286400593864303
      0.4285722714381832
      0.4285082702295959
         0.4284481269399
      0.4283919097347673
      0.4283396837756884
      0.4282915112314851
      0.4282474512917332
         0.4282075601819
      0.4281718911799475
      0.4281404946342229
      0.4281134179823902
       0.428090705771177
      0.4280723996767359
      0.4280585385253755
      0.4280491583144627
      0.4280442922332744
      0.4280439706835827
      0.4280482212997898
      0.4280570689683997
      0.4280705358466467
      0.4280886413801093
      0.4281114023191274
      0.4281388327338868
      0.4281709440280017
      0.4282077449504973
      0.4282492416060504
      0.4282954374633905
      0.4283463333617864
      0.4284019275155302
      0.4284622155163869
      0.4285271903339419
      0.4285968423138514
      0.4286711591739791
      0.4287501259984359
      0.4288337252295552
      0.4289219366578497
      0.4290147374100176
      0.4291121019350863
      0.4292140019887833
      0.4293204066162672
      0.4294312821333395
      0.4295465921062919
      0.4296662973305571
       0.429790355808338
      0.4299187227254093
      0.4300513504272989
      0.4301881883950708
       0.430329183220932
      0.4304742785839089
       0.430623415225841
      0.4307765309279447
       0.430933560488222
       0.431094435699969
      0.4312590853316691
      0.4314274351085443
      0.4315994076960448
      0.4317749226855503
      0.4319538965825738
      0.4321362427977335
      0.4323218716407694
      0.4325106903178762
      0.4327026029326144
      0.4328975104906447
      0.4330953109085507
      0.4332958990269682
      0.4334991666282613
      0.4337050024589447
      0.4339132922570677
        0.43412391878473
      0.4343367618659137
      0.4345516984297737
      0.4347686025595317
      0.4349873455470893
      0.4352077959534572
      0.4354298196750895
      0.4356532800161722
      0.4358780377669162
      0.4361039512878727
      0.4363308766002597
      0.4365586674822894
      0.4367871755714421
      0.4370162504726244
      0.4372457398721223
        0.43747548965724
      0.4377053440414881
      0.4379351456951842
      0.4381647358812709
      0.4383939545961769
      0.4386226407154991
      0.4388506321442772
      0.4390777659716077
      0.4393038786293363
      0.4395288060545299
      0.4397523838554476
       0.439974447480675
      0.4401948323911064
      0.4404133742344249
      0.4406299090217304
       0.440844273305943
      0.4410563043616195
       0.441265840365787
        0.44147272057941
      0.4416767855290953
      0.4418778771886347
       0.442075839159978
      0.4422705168532357
      0.4424617576653009
      0.4426494111566906
      0.4428333292261979
      0.4430133662829587
      0.4431893794155399
      0.4433612285576531
      0.4435287766501213
      0.4436918897987151
      0.4438504374275147
      0.4440042924274082
      0.4441533312994405
       0.444297434292626
      0.4444364855359632
      0.4445703731643273
       0.444698989437952
      0.4448222308552726
      0.4449399982588525
      0.4450521969341723
      0.4451587367010906
      0.4452595319977726
      0.4453545019569378
      0.4454435704742684
       0.445526666268867
      0.4456037229356706
      0.4456746789897322
      0.4457394779023333
      0.4457980681288871
      0.4458504031286425
      0.4458964413762057
      0.4459361463649087
      0.4459694866021225
      0.4459964355965834
      0.4460169718378625
      0.4460310787681153
      0.4460387447462711
      0.4460399630048584
      0.4460347315996587
       0.446023053352445
      0.4460049357870225
       0.445980391058874
       0.445949435878679
      0.4459120914300402
      0.4458683832817111
      0.4458183412947085
      0.4457619995246325
         0.4456993961196
      0.4456305732141586
      0.4455555768195933
      0.4454744567110239
      0.4453872663117339
      0.4452940625751265
      0.4451949058647862
      0.4450898598330365
      0.4449789912984812
      0.4448623701229442
      0.4447400690882605
       0.444612163773373
       0.444478732432162
      0.4443398558724461
      0.4441956173365962
      0.4440461023841592
      0.4438913987769352
      0.4437315963668797
      0.4435667869872411
      0.4433970643472857
      0.4432225239309897
      0.4430432629000184
      0.4428593800013197
      0.4426709754796415
      0.4424781509952304
      0.4422810095469829
      0.4420796554012748
      0.4418741940266702
      0.4416647320346833
       0.441451377126761
      0.4412342380475865
      0.4410134245448005
      0.4407890473352177
      0.4405612180775421
      0.4403300493516117
      0.4400956546441051
      0.4398581483406829
      0.4396176457244382
      0.4393742629805442
       0.439128117206942
       0.438879326430859
      0.4386280096309539
      0.4383742867648348
      0.4381182788016496
      0.4378601077594516
      0.4375998967470041
      0.4373377700096356
      0.4370738529787745
      0.4368082723247251
      0.4365411560122509
      0.4362726333585084
      0.4360028350928233
      0.4357318934178342
      0.4354599420714536
      0.4351871163891395
      0.4349135533658968
      0.4346393917174826
      0.4343647719402237
      0.4340898363688711
      0.4338147292319344
      0.4335395967038805
      0.4332645869536556
      0.4329898501889197
      0.4327155386954378
      0.4324418068710659
      0.4321688112537647
        0.43189671054312
      0.4316256656148292
      0.4313558395276481
      0.4310873975223291
      0.4308205070120631
      0.4305553375640063
       0.430292060871474
      0.4300308507164232
      0.4297718829218782
      0.4295153352939872
      0.4292613875534282
      0.4290102212559414
      0.4287620197017693
      0.4285169678338718
      0.4282752521247967
      0.4280370604521365
      0.4278025819625603
      0.4275720069244456
      0.4273455265691941
      0.4271233329213504
      0.4269056186177109
      0.4266925767156484
      0.4264844004909305
      0.4262812832253641
      0.4260834179846548
      0.4258909973869011
      0.4257042133622113
      0.4255232569039838
      0.4253483178124128
      0.4251795844308501
      0.4250172433757032
      0.4248614792605702
      0.4247124744153739
      0.4245704086012786
      0.4244354587222282
      0.4243077985339646
      0.4241875983514124
      0.4240750247553658
      0.4239702402993986
      0.4238734032179895
       0.423784667136811
      0.4237041807862054
      0.4236320877188341
      0.4235685260325041
      0.4235136280991889
      0.4234675203012465
      0.4234303227758091
      0.4234021491683566
      0.4233831063964114
      0.4233732944243119
      0.4233728060499737
        0.42338172670452
      0.4234001342656392
      0.4234280988854814
      0.4234656828338487
      0.4235129403574122
      0.4235699175556142
      0.4236366522738839
        0.42371317401471
      0.4237995038670701
       0.423895654454664
      0.4240016299032867
      0.4241174258276731
      0.4242430293380133
      0.4243784190663233
      0.4245235652127177
      0.4246784296116338
      0.4248429658179014
      0.4250171192125554
      0.4252008271281376
      0.4253940189932314
      0.4255966164958443
      0.4258085337652038
      0.4260296775714799
      0.4262599475428183
      0.4264992363990887
      0.4267474302016098
      0.4270044086180733
      0.4272700452018688
      0.4275442076848998
      0.4278267582829621
      0.4281175540126883
      0.4284164470190419
      0.4287232849122665
      0.4290379111131941
      0.4293601652057646
       0.429689883295571
      0.4300268983732487
      0.4303710406814716
      0.4307221380843395
      0.4310800164378861
      0.4314444999604781
       0.431815411601833
       0.432192573409401
      0.4325758068908683
      0.4329649333715421
      0.4333597743453834
      0.4337601518184938
      0.4341658886438638
      0.4345768088462208
      0.4349927379358673
      0.4354135032103866
      0.4358389340431816
      0.4362688621578187
      0.4367031218872021
      0.4371415504166512
      0.4375839880099991
      0.4380302782178945
      0.4384802680675199
      0.4389338082330171
      0.4393907531859711
      0.4398509613253227
      0.4403142950862251
      0.4407806210273323
      0.4412498098961271
      0.4417217366719657
      0.4421962805865527
      0.4426733251216576
      0.4431527579839315
      0.4436344710567863
      0.4441183603293253
      0.4446043258024306
      0.4450922713721432
      0.4455821046905833
      0.4460737370046991
      0.4465670829732104
      0.4470620604621974
      0.4475585903198378
       0.448056596130869
      0.4485560039514304
      0.4490567420249811
      0.4495587404800834
      0.4500619310108813
      0.4505662465411754
       0.451071620873046
      0.4515779883210486
      0.4520852833330288
      0.4525934400986892
      0.4531023921470596
      0.4536120719340915
      0.4541224104216093
      0.4546333366489124
      0.4551447772983533
      0.4556566562562266
      0.4561688941703606
      0.4566814080057952
      0.4571941105999704
      0.4577069102188416
      0.4582197101153683
      0.4587324080918141
      0.4592448960672963
      0.4597570596520174
       0.460268777729603
      0.4607799220489611
      0.4612903568270576
      0.4617999383639567
      0.4623085146714846
      0.4628159251168171
      0.4633220000822518
      0.4638265606424055
      0.4643294182600084
      0.4648303745014304
      0.4653292207730268
      0.4658257380793172
      0.4663196968039541
      0.4668108565144086
       0.467298965791174
      0.4677837620822702
      0.4682649715837549
