                       0
   7.768844269568199e-06
   3.144033486156609e-05
   7.174838627316527e-05
   0.0001294144628908524
   0.0002051471128485016
   0.0002996415123227326
   0.0004135790206098937
   0.0005476267463195348
   0.0007024371250111478
   0.0008786475085922533
    0.001076879766786631
    0.001297739900971725
    0.001541817670673986
    0.001809686233000198
    0.002101901795271785
    0.002419003281117551
    0.002761512010268558
    0.003129931392286654
    0.003524746634445799
    0.003946424463972535
    0.004395412864839165
    0.004872140829289847
    0.005377018124266602
    0.005910435072888555
    0.006472762351124086
    0.007064350799781626
    0.007685531251930909
    0.008336614375852295
    0.009017890533597648
    0.009729629655231933
     0.01047208112881035
     0.01124547370613151
     0.01205001542429264
     0.01288589354305852
     0.01375327449804136
      0.0146523038696745
     0.01558310636794841
     0.01654578583286318
     0.01754042525053775
     0.01856708678490145
      0.0196258118248799
     0.02071662104697328
     0.02183951449311086
     0.02299447166365262
     0.02418145162539477
     0.02540039313442306
     0.02665121477364419
     0.02793381510481341
     0.02924807283486261
     0.03059384699632198
     0.03197097714161471
     0.03337928355099339
     0.03481856745387383
      0.0362886112633117
     0.03778917882335487
     0.03932001566899456
     0.04088084929842692
     0.04247138945732652
     0.04409132843482337
     0.04574034137086525
     0.04741808657463747
     0.04912420585370341
     0.05085832485352058
     0.05262005340697778
     0.05440898589359242
     0.05622470160799722
      0.0580667651373406
     0.05993472674721633
     0.06182812277573234
     0.06374647603532203
     0.06568929622189627
     0.06765608033092813
     0.06964631308005748
     0.07165946733779888
     0.07369500455793113
     0.07575237521914305
     0.07783101926950721
     0.07993036657535024
      0.0820498373740855
     0.08418884273057181
     0.08634678499656084
     0.08852305827279375
     0.09071704887330657
     0.09292813579150504
     0.09515569116756724
     0.09739908075673413
     0.09965766439804961
       0.101930796483111
      0.1042178264243938
      0.1065180991227174
      0.1088309554334185
       0.111155732630805
      0.1134917648704638
      0.1158383836490015
      0.1181949182608007
      0.1205606962513794
      0.1229350438669446
        0.12531728649974
        0.12770674912879
      0.1301027567556513
      0.1325046348347881
      0.1349117096981954
      0.1373233089739027
      0.1397387619979961
      0.1421574002198104
       0.144578557599943
      0.1470015710007609
      0.1494257805690734
      0.1518505301106581
      0.1542751674563342
      0.1566990448192946
      0.1591215191434086
      0.1615419524422319
      0.1639597121284603
      0.1663741713335844
      0.1687847092175103
      0.1711907112679274
      0.1735915695892147
      0.1759866831806946
      0.1783754582040523
      0.1807573082397586
       0.183131654532344
      0.1854979262243886
      0.1878555605791097
      0.1902040031914391
      0.1925427081875039
      0.1948711384124365
      0.1971887656064561
      0.1994950705691811
      0.2017895433121505
      0.2040716831995432
      0.2063409990771065
      0.2085970093893201
      0.2108392422848379
      0.2130672357102681
      0.2152805374923692
      0.2174787054087566
        0.21966130724723
       0.221827920853853
      0.2239781341699282
      0.2261115452580309
      0.2282277623172832
      0.2303264036880606
      0.2324070978463478
      0.2344694833879706
      0.2365132090029475
      0.2385379334402247
      0.2405433254630684
       0.242529063795404
      0.2444948370594117
      0.2464403437046932
      0.2483652919293477
      0.2502693995932999
      0.2521523941242406
      0.2540140124165522
      0.2558540007235999
       0.257672114543783
      0.2594681185007498
      0.2612417862181883
      0.2629929001896154
      0.2647212516435928
      0.2664266404048075
      0.2681088747514555
      0.2697677712693823
      0.2714031547034284
      0.2730148578064342
      0.2746027211863674
      0.2761665931520272
      0.2777063295577895
      0.2792217936478483
       0.280712855900417
      0.2821793938723409
      0.2836212920445733
      0.2850384416689655
      0.2864307406168092
       0.287798093229568
      0.2891404101722257
      0.2904576082896689
       0.291749610466512
      0.2930163454907652
      0.2942577479217288
      0.2954737579624894
      0.2966643213373754
      0.2978293891747181
      0.2989689178952495
      0.3000828691064456
       0.301171209503114
      0.3022339107745068
      0.3032709495182082
      0.3042823071610488
      0.3052679698872555
      0.3062279285740439
       0.307162178734826
      0.3080707204701912
      0.3089535584267951
      0.3098107017642647
      0.3106421641302136
      0.3114479636434256
       0.312228122885257
      0.3129826688992679
      0.3137116331990845
      0.3144150517844603
      0.3150929651654861
      0.3157454183948705
       0.316372461108198
      0.3169741475720368
      0.3175505367397583
      0.3181016923148959
      0.3186276828218598
      0.3191285816837952
      0.3196044673073527
      0.3200554231741222
      0.3204815379384557
      0.3208829055313924
       0.321259625270373
      0.3216118019744231
      0.3219395460844554
      0.3222429737883365
      0.3225222071503403
      0.3227773742446006
      0.3230086092921597
       0.323216052801198
      0.3233998517100152
      0.3235601595323292
      0.3236971365044423
      0.3238109497338172
       0.323901773348604
      0.3239697886476367
      0.3240151842504349
      0.3240381562467174
      0.3240389083449454
      0.3240176520194086
      0.3239746066553566
      0.3239099996916882
      0.3238240667607021
      0.3237170518244139
      0.3235892073069556
       0.323440794222557
       0.323272082298632
      0.3230833500934815
      0.3228748851081341
      0.3226469838918548
        0.32239995214085
      0.3221341047897096
      0.3218497660951311
      0.3215472697114801
      0.3212269587577484
      0.3208891858754797
      0.3205343132772425
      0.3201627127852417
       0.319774765859667
      0.3193708636163892
      0.3189514068336257
      0.3185168059472089
      0.3180674810341051
      0.3176038617838384
      0.3171263874574903
      0.3166355068339636
      0.3161316781432024
      0.3156153689860859
      0.3150870562407154
       0.314547225954843
      0.3139963732241947
      0.3134350020564605
      0.3128636252207441
       0.312282764082276
      0.3116929484222154
       0.311094716242384
      0.3104886135547913
      0.3098751941558374
      0.3092550193850917
      0.3086286578685741
      0.3079966852464839
      0.3073596838853482
      0.3067182425745817
       0.306072956207483
       0.305424425446708
       0.304773256374304
      0.3041200601264039
       0.303465452512716
      0.3028100536209823
      0.3021544874066003
       0.301499381267651
      0.3008453656056026
      0.3001930733719997
      0.2995431396014943
      0.2988962009316016
      0.2982528951096242
      0.2976138604872113
      0.2969797355030853
      0.2963511581544956
       0.295728765458019
      0.2951131929003711
      0.2945050738799355
      0.2939050391397778
      0.2933137161929483
      0.2927317287409399
      0.2921596960862053
      0.2915982325396939
      0.2910479468244117
      0.2905094414760617
      0.2899833122418543
      0.2894701474786368
      0.2889705275515183
      0.2884850242342092
      0.2880142001123335
      0.2875586079909981
      0.2871187903079277
      0.2866952785535097
      0.2862885926990956
      0.2858992406349281
      0.2855277176190686
       0.285174505738701
      0.2848400733851749
      0.2845248747441588
      0.2842293493022303
      0.2839539213712293
      0.2836989996316494
      0.2834649766963156
      0.2832522286955437
      0.2830611148849243
       0.282891977276817
      0.2827451402965715
      0.2826209104644133
      0.2825195761038685
       0.282441407077495
      0.2823866545506183
      0.2823555507836589
      0.2823483089535508
      0.2823651230046426
      0.2824061675293672
      0.2824715976788674
       0.282561549103641
      0.2826761379241797
      0.2828154607314492
      0.2829795946169687
       0.283168597232124
      0.2833825068762633
      0.2836213426130139
      0.2838851044141673
      0.2841737733303895
      0.2844873116879285
      0.2848256633104086
      0.2851887537647353
      0.2855764906300587
      0.2859887637886956
      0.2864254457378463
      0.2868863919209127
      0.2873714410771738
       0.287880415608556
      0.2884131219622126
      0.2889693510276098
      0.2895488785468182
      0.2901514655367026
      0.2907768587217178
      0.2914247909760316
      0.2920949817737132
      0.2927871376457606
      0.2935009526427657
        0.29423610880206
      0.2949922766182163
      0.2957691155158402
      0.2965662743236201
      0.2973833917486682
       0.298220096850231
      0.2990760095119054
       0.299950740911555
      0.3008438939881777
      0.3017550639050305
      0.3026838385083786
      0.3036297987812948
      0.3045925192919805
      0.3055715686361494
      0.3065665098730535
      0.3075769009547947
      0.3086022951486023
      0.3096422414518145
      0.3106962849993369
      0.3117639674633999
      0.3128448274454685
      0.3139384008602012
      0.3150442213113829
       0.316161820459786
      0.3172907283829483
       0.318430473926871
      0.3195805850496712
      0.3207405891572334
      0.3219100134309294
      0.3230883851474851
      0.3242752319910807
      0.3254700823577922
      0.3266724656524723
      0.3278819125781896
      0.3290979554183366
      0.3303201283115253
      0.3315479675193856
      0.3327810116873808
      0.3340188020987536
       0.335260882921707
      0.3365068014499269
      0.3377561083365387
      0.3390083578215909
      0.3402631079531503
      0.3415199208020768
      0.3427783626705555
      0.3440380042944352
      0.3452984210394313
      0.3465591930912336
       0.347819905639549
       0.349080149056111
      0.3503395190666714
      0.3515976169169857
      0.3528540495327919
      0.3541084296737852
      0.3553603760815738
      0.3566095136216032
      0.3578554734190268
      0.3590978929884981
      0.3603364163578535
      0.3615706941856578
      0.3628003838725712
      0.3640251496665032
       0.365244662761519
      0.3664586013904487
      0.3676666509111763
      0.3688685038865516
      0.3700638601579081
      0.3712524269121362
      0.3724339187422918
      0.3736080577017047
      0.3747745733515723
      0.3759332028020056
      0.3770836907465322
      0.3782257894900328
      0.3793592589701203
      0.3804838667719626
      0.3815993881365626
      0.3827056059625223
      0.3838023108013126
      0.3848893008460906
      0.3859663819141145
      0.3870333674228074
      0.3880900783595388
      0.3891363432452002
      0.3901719980916581
      0.3911968863531822
      0.3922108588719532
      0.3932137738177674
      0.3942054966220651
      0.3951858999064147
      0.3961548634056083
      0.3971122738855145
      0.3980580250558622
      0.3989920174781316
      0.3999141584687343
      0.4008243619976807
       0.401722548582936
      0.4026086451806801
       0.403482585071691
      0.4043443077440786
      0.4051937587726043
       0.406030889694836
      0.4068556578843753
      0.4076680264214227
      0.4084679639609364
      0.4092554445986473
      0.4100304477352038
      0.4107929579387138
       0.411542964805963
      0.4122804628225824
      0.4130054512224458
      0.4137179338465771
      0.4144179190018429
      0.4151054193197098
      0.4157804516153449
      0.4164430367473305
      0.4170931994782653
      0.4177309683365186
      0.4183563754794026
      0.4189694565580153
       0.419570250584009
       0.420158799798529
      0.4207351495435536
      0.4212993481358729
      0.4218514467439207
      0.4223914992676649
      0.4229195622217704
      0.4234356946222091
       0.423939957876504
      0.4244324156777687
      0.4249131339026982
      0.4253821805136515
      0.4258396254649522
      0.4262855406135219
      0.4267199996339427
      0.4271430779380404
      0.4275548525990532
      0.4279554022804404
      0.4283448071693792
      0.4287231489149649
      0.4290905105711351
       0.429446976544301
      0.4297926325456753
      0.4301275655482563
      0.4304518637484172
      0.4307656165320364
       0.431068914445086
      0.4313618491685904
      0.4316445134978316
      0.4319170013257009
      0.4321794076300383
      0.4324318284648262
      0.4326743609550707
      0.4329071032951973
      0.4331301547507826
        0.43334361566342
      0.4335475874585223
      0.4337421726558406
      0.4339274748824893
       0.434103598888234
      0.4342706505628162
      0.4344287369550719
      0.4345779662935902
      0.4347184480086686
      0.4348502927553051
      0.4349736124369704
      0.4350885202299047
      0.4351951306076705
      0.4352935593657152
      0.4353839236456702
      0.4354663419591408
      0.4355409342107281
      0.4356078217200371
      0.4356671272424181
      0.4357189749882118
      0.4357634906402547
      0.4358008013694284
      0.4358310358480275
      0.4358543242607375
      0.4358707983130305
       0.435880591236776
      0.4358838377929004
      0.4358806742709223
      0.4358712384852084
      0.4358556697678111
      0.4358341089577535
      0.4358066983866524
      0.4357735818605771
      0.4357349046380511
      0.4356908134041337
        0.43564145624052
      0.4355869825916174
      0.4355275432265773
      0.4354632901972635
      0.4353943767921736
       0.435320957486324
      0.4352431878871412
      0.4351612246764109
      0.4350752255483484
      0.4349853491438785
      0.4348917549812151
      0.4347946033828601
      0.4346940553991367
      0.4345902727284098
      0.4344834176341292
      0.4343736528588752
      0.4342611415355754
      0.4341460470960773
      0.4340285331772836
      0.4339087635250523
      0.4337869018960751
       0.433663111957972
      0.4335375571878147
      0.4334104007693352
      0.4332818054890553
      0.4331519336315842
      0.4330209468743392
      0.4328890061819433
      0.4327562717005529
      0.4326229026523772
      0.4324890572306375
      0.4323548924952286
      0.4322205642693255
      0.4320862270371892
      0.4319520338434129
      0.4318181361938426
      0.4316846839584083
      0.4315518252760848
      0.4314197064621954
        0.43128847191827
      0.4311582640446389
       0.431029223155967
      0.4309014873998741
      0.4307751926788197
      0.4306504725753915
      0.4305274582811253
      0.4304062785289803
      0.4302870595295635
         0.4301699249112
       0.430054995663909
      0.4299423900873508
      0.4298322237427757
      0.4297246094089989
      0.4296196570424093
      0.4295174737410007
      0.4294181637123942
      0.4293218282458142
      0.4292285656879555
      0.4291384714226667
      0.4290516378543607
      0.4289681543950485
      0.4288881074548697
      0.4288115804360006
      0.4287386537297825
      0.4286694047169143
      0.4286039077705477
      0.4285422342620941
      0.4284844525695642
      0.4284306280882356
      0.4283808232434458
      0.4283350975052979
      0.4282935074050602
      0.4282561065530456
      0.4282229456577299
      0.4281940725459005
      0.4281695321835946
      0.4281493666976056
      0.4281336153973303
      0.4281223147967336
      0.4281154986362126
      0.4281131979041443
      0.4281154408579129
       0.428122253044212
      0.4281336573184338
      0.4281496738629596
      0.4281703202041833
      0.4281956112281045
      0.4282255591943499
      0.4282601737484784
      0.4282994619324599
      0.4283434281932163
      0.4283920743891382
       0.428445399794501
      0.4285034011017267
      0.4285660724214477
      0.4286334052803535
      0.4287053886168135
      0.4287820087742905
      0.4288632494925727
       0.428949091896879
      0.4290395144849011
      0.4291344931118657
      0.4292340009737248
      0.4293380085885874
      0.4294464837765334
      0.4295593916379639
      0.4296766945306486
      0.4297983520456639
      0.4299243209824118
      0.4300545553229355
       0.430189006205752
       0.430327621899441
      0.4304703477762341
       0.430617126285858
      0.4307678969299009
      0.4309225962369684
      0.4310811577389087
      0.4312435119483884
      0.4314095863381043
      0.4315793053219191
      0.4317525902382084
      0.4319293593357071
      0.4321095277621409
      0.4322930075559274
      0.4324797076412187
      0.4326695338265642
      0.4328623888074521
      0.4330581721729911
      0.4332567804169707
      0.4334581069535413
      0.4336620421377329
      0.4338684732910189
      0.4340772847321265
      0.4342883578132614
      0.4345015709619173
      0.4347167997284078
      0.4349339168392503
      0.4351527922565074
      0.4353732932431669
      0.4355952844346359
      0.4358186279163834
       0.436043183307764
      0.4362688078520132
      0.4364953565124063
      0.4367226820745275
      0.4369506352545861
       0.437179064813697
      0.4374078176780091
       0.437636739064552
      0.4378656726126469
      0.4380944605207056
      0.4383229436882227
      0.4385509618627407
       0.438778353791554
      0.4390049573778947
      0.4392306098413242
      0.4394551478820417
      0.4396784078487969
      0.4399002259100852
      0.4401204382282846
      0.4403388811363823
      0.4405553913169219
      0.4407698059828037
      0.4409819630595375
      0.4411917013685648
      0.4413988608112403
      0.4416032825530639
      0.4418048092077499
      0.4420032850207156
      0.4421985560515676
      0.4423904703551658
      0.4425788781608444
      0.4427636320493715
      0.4429445871272329
      0.4431216011978256
      0.4432945349291655
      0.4434632520177001
      0.4436276193478499
      0.4437875071468908
      0.4439427891348178
      0.4440933426688289
      0.4442390488820936
      0.4443797928164777
      0.4445154635489112
      0.4446459543111172
      0.4447711626024075
      0.4448909902953113
      0.4450053437337794
      0.4451141338237662
      0.4452172761159824
      0.4453146908806511
      0.4454063031741215
      0.4454920428972072
      0.4455718448451544
      0.4456456487491557
      0.4457133993093647
      0.4457750462193749
      0.4458305441821697
      0.4458798529175582
      0.4459229371611503
      0.4459597666549472
      0.4459903161296397
       0.446014565278742
      0.4460324987247186
      0.4460441059772621
      0.4460493813839382
      0.4460483240734059
       0.446040937891467
      0.4460272313302079
      0.4460072174505274
      0.4459809137983546
      0.4459483423148936
      0.4459095292412434
      0.4458645050177532
      0.4458133041785071
      0.4457559652413324
      0.4456925305937475
      0.4456230463752709
      0.4455475623565405
      0.4454661318156845
      0.4453788114124003
      0.4452856610602122
       0.445186743797373
      0.4450821256568849
      0.4449718755361163
      0.4448560650664885
      0.4447347684837132
      0.4446080624990423
      0.4444760261720122
      0.4443387407851249
      0.4441962897209343
      0.4440487583419711
      0.4438962338739346
      0.4437388052925733
      0.4435765632146492
      0.4434095997933739
      0.4432380086186758
      0.4430618846226485
      0.4428813239904953
      0.4426964240772746
      0.4425072833307169
      0.4423140012203595
      0.4421166781732248
      0.4419154155162239
      0.4417103154254566
      0.4415014808825333
      0.4412890156380193
      0.4410730241820678
      0.4408536117222798
       0.440630884168782
      0.4404049481265031
      0.4401759108945673
       0.439943880472714
      0.4397089655745988
      0.4394712756478161
      0.4392309209004285
      0.4389880123337735
      0.4387426617812735
      0.4384949819529474
      0.4382450864852933
      0.4379930899961693
      0.4377391081442892
       0.437483257692904
      0.4372256565772236
      0.4369664239751053
      0.4367056803805081
      0.4364435476791965
      0.4361801492261543
      0.4359156099241465
      0.4356500563028579
      0.4353836165980179
      0.4351164208299139
      0.4348486008806786
      0.4345802905697362
      0.4343116257267852
      0.4340427442616932
      0.4337737862306733
      0.4335048938981277
      0.4332362117935367
      0.4329678867627845
      0.4327000680133231
      0.4324329071525872
      0.4321665582190961
      0.4319011777056808
      0.4316369245743171
      0.4313739602620486
      0.4311124486775242
      0.4308525561876961
       0.430594451594256
      0.4303383060994241
      0.4300842932607368
       0.429832588934519
      0.4295833712077668
      0.4293368203182078
      0.4290931185623502
      0.4288524501913777
      0.4286150012947891
      0.4283809596717448
      0.4281505146901097
      0.4279238571332534
      0.4277011790347068
      0.4274826735008352
      0.4272685345217355
      0.4270589567706177
      0.4268541353919926
      0.4266542657790299
      0.4264595433405109
        0.42627016325785
      0.4260863202327128
      0.4259082082258031
      0.4257360201874535
      0.4255699477806814
      0.4254101810974413
      0.4252569083688291
      0.4251103156700498
      0.4249705866209875
      0.4248379020832642
      0.4247124398546964
      0.4245943743621007
      0.4244838763534145
      0.4243811125901281
      0.4242862455410485
      0.4241994330784178
      0.4241208281774342
      0.4240505786202182
      0.4239888267052868
      0.4239357089635766
       0.423891355882063
      0.4238558916360164
      0.4238294338309058
      0.4238120932549512
      0.4238039736433055
      0.4238051714548004
      0.4238157756621833
      0.4238358675566974
      0.4238655205678641
      0.4239048000992293
      0.4239537633808198
      0.4240124593389902
      0.4240809284842802
      0.4241592028178459
      0.4242473057569608
        0.42434525208002
      0.4244530478914081
      0.4245706906065173
      0.4246981689571362
      0.4248354630173478
      0.4249825442500034
      0.4251393755737582
      0.4253059114505823
      0.4254820979935773
      0.4256678730948587
      0.4258631665731767
      0.4260679003408865
      0.4262819885897941
      0.4265053379953329
      0.4267378479384607
      0.4269794107445938
      0.4272299119388273
      0.4274892305166383
      0.4277572392291898
      0.4280338048823201
      0.4283187886482315
      0.4286120463888456
      0.4289134289897654
      0.4292227827037084
      0.4295399495022771
      0.4298647674348741
      0.4301970709935475
      0.4305366914825375
       0.430883457391263
      0.4312371947694852
      0.4315977276033608
      0.4319648781911114
       0.432338467517012
      0.4327183156224282
      0.4331042419726218
      0.4334960658180662
      0.4338936065490281
      0.4342966840421897
      0.4347051189981162
      0.4351187332683953
        0.43553735017131
      0.4359607947949495
      0.4363888942866868
      0.4368214781280063
      0.4372583783937138
      0.4376994299945919
      0.4381444709026354
      0.4385933423580437
      0.4390458890572077
      0.4395019593209861
      0.4399614052426287
      0.4404240828147663
      0.4408898520349487
      0.4413585769892883
      0.4418301259138159
      0.4423043712332485
      0.4427811895769192
      0.4432604617716938
      0.4437420728117816
      0.4442259118054093
      0.4447118718983959
      0.4451998501747558
      0.4456897475345092
      0.4461814685489652
      0.4466749212938161
      0.4471700171604382
      0.4476666706458823
      0.4481647991220967
      0.4486643225849914
      0.4491651633840377
      0.4496672459331333
      0.4501704964035569
      0.4506748423998758
      0.4511802126197443
      0.4516865364985806
      0.4521937438401649
      0.4527017644342612
      0.4532105276624008
      0.4537199620930301
      0.4542299950672452
      0.4547405522764032
      0.4552515573329058
      0.4557629313355058
      0.4562745924305089
      0.4567864553702558
       0.457298431070308
      0.4578104261667613
      0.4583223425751279
      0.4588340770522372
      0.4593455207625933
      0.4598565588506531
      0.4603670700204384
      0.4608769261239316
      0.4613859917596473
      0.4618941238827685
      0.4624011714282211
      0.4629069749479974
      0.4634113662640367
      0.4639141681379173
      0.4644151939585631
        0.46491424744914
      0.4654111223942418
      0.4659056023884355
      0.4663974606071558
       0.466886459600886
      0.4673723511135026
      0.4678548759255806
      0.4683337637234003
