                       0
   4.996626666666641e-05
   0.0001997269431944695
   0.0004490676792425685
   0.0007977646047697357
     0.00124558437141617
    0.001792284194744933
    0.002437611897333714
    0.003181305952706582
    0.004023095530094375
    0.004962700540011333
    0.005999831680634774
    0.007134190484973042
    0.008365469368807048
    0.009693351679388319
     0.01111751174487682
     0.01263761492450021
     0.01425331765941535
     0.01596426752425191
     0.01777010327931751
     0.01967045492344206
     0.02166494374743989
     0.02375318238816401
     0.02593477488313136
     0.02820931672569147
     0.03057639492071413
     0.03303558804077032
     0.03558646628277794
     0.03822859152508626
     0.04096151738497036
     0.04378478927650732
     0.04669794446880467
      0.0497005121445525
     0.05279201345886797
      0.0559719615984046
     0.05923986184069315
     0.06259521161368599
     0.06603750055547192
     0.06956621057413427
     0.07318081590771564
     0.07688078318426664
     0.08066557148193992
     0.08453463238910368
     0.08848741006444295
     0.09252334129701963
      0.0966418555662624
      0.1008423751018509
      0.1051243149434765
      0.1094870830004409
      0.1139300801110725
      0.1184527001019286
      0.1230543298467604
       0.127734349325215
       0.132492131681247
      0.1373270432812198
      0.1422384437716742
      0.1472256861367388
      0.1522881167551658
      0.1574250754569682
      0.1626358955796491
      0.1679199040239971
      0.1732764213094344
      0.1787047616289085
      0.1842042329033104
      0.1897741368354059
      0.1954137689632818
      0.2011224187132777
      0.2068993694524214
      0.2127438985403465
      0.2186552773806877
      0.2246327714719687
      0.2306756404579634
      0.2367831381775412
      0.2429545127140039
      0.2491890064439063
      0.2554858560853827
      0.2618442927459782
      0.2682635419699891
      0.2747428237853546
      0.2812813527500622
      0.2878783379981392
      0.2945329832851974
      0.3012444870335964
      0.3080120423772031
      0.3148348372058005
      0.3217120542091573
      0.3286428709207795
      0.3356264597613869
      0.3426619880821307
      0.3497486182075809
      0.3568855074785278
      0.3640718082946172
      0.3713066681568684
      0.3785892297100942
      0.3859186307852762
      0.3932940044419245
      0.4007144790104591
      0.4081791781346746
      0.4156872208142977
      0.4232377214477074
      0.4308297898748552
      0.4384625314204219
      0.4461350469372673
      0.4538464328502106
      0.4615957812002048
      0.4693821796889249
      0.4772047117238542
      0.4850624564638942
      0.4929544888655412
      0.5008798797297159
       0.508837695749242
      0.5168269995570928
      0.5248468497753835
      0.5328963010652198
      0.5409744041774236
      0.5490802060041847
      0.5572127496317137
      0.5653710743939189
      0.5735542159271744
      0.5817612062262314
      0.5899910737013111
      0.5982428432364392
      0.6065155362490612
      0.6148081707509974
      0.6231197614107928
      0.6314493196174709
      0.6397958535457985
      0.6481583682230446
      0.6565358655973274
      0.6649273446075785
      0.6733318012551469
      0.6817482286771104
      0.6901756172213357
      0.6986129545233229
      0.7070592255848515
       0.715513412854503
      0.7239744963100784
       0.732441453542946
      0.7409132598443525
      0.7493888882937398
      0.7578673098490974
      0.7663474934393739
      0.7748284060589616
      0.7833090128643513
      0.7917882772728686
      0.8002651610636295
      0.8087386244806768
      0.8172076263383073
      0.8256711241286684
      0.8341280741315852
      0.8425774315266706
      0.8510181505076995
      0.8594491843993021
      0.8678694857759507
      0.8762780065832669
      0.8846736982616534
      0.8930555118722626
      0.9014223982252934
       0.909773308010616
       0.918107191930749
      0.9264230008361551
      0.9347196858628803
      0.9429961985725113
      0.9512514910944346
      0.9594845162704174
      0.9676942278014892
      0.9758795803970582
      0.9840395299263534
      0.9921730335720575
       1.000279049986184
       1.008356539448127
       1.016404464024957
       1.024421787733749
       1.032407476706134
       1.040360499354874
       1.048279826542478
       1.056164431751874
       1.064013291259028
       1.071825384307495
        1.07959969328485
       1.087335203900961
       1.095030905368096
       1.102685790582696
       1.110298856308883
       1.117869103363614
       1.125395536803365
       1.132877166112346
       1.140313005392175
       1.147702073552946
       1.155043394505545
       1.162335997355314
       1.169578916596812
         1.1767711923097
       1.183911870355656
       1.191000002576191
       1.198034646991413
       1.205014867999451
       1.211939736576658
        1.21880833047839
       1.225619734440275
       1.232373040379921
       1.239067347598957
       1.245701762985268
        1.25227540121542
       1.258787384957014
       1.265236845071101
       1.271622920814297
       1.277944760040694
       1.284201519403348
       1.290392364555295
       1.296516470349932
       1.302573021040708
       1.308561210479987
       1.314480242316926
       1.320329330194377
       1.326107697944545
       1.331814579783385
       1.337449220503623
       1.343010875666219
       1.348498811790218
       1.353912306540838
       1.359250648915688
       1.364513139429001
       1.369699090293772
        1.37480782560163
       1.379838681500432
       1.384791006369348
       1.389664160991383
       1.394457518723242
       1.399170465662367
       1.403802400811037
       1.408352736237505
       1.412820897233939
       1.417206322471127
        1.42150846414986
       1.425726788148813
       1.429860774168894
       1.433909915873905
       1.437873721027448
       1.441751711625961
       1.445543424027816
       1.449248409078327
       1.452866232230658
       1.456396473662472
       1.459838728388275
       1.463192606367392
       1.466457732607411
       1.469633747263152
       1.472720305730946
       1.475717078738276
       1.478623752428645
       1.481440028441621
       1.484165623988026
       1.486800271920175
       1.489343720797172
       1.491795734945135
       1.494156094512386
       1.496424595519527
        1.49860104990436
       1.500685285561659
       1.502677146377719
       1.504576492259687
        1.50638319915968
       1.508097159093581
       1.509718280154629
       1.511246486521721
       1.512681718462405
       1.514023932330639
       1.515273100559249
       1.516429211647157
       1.517492270141318
       1.518462296613478
       1.519339327631683
        1.52012341572662
        1.52081462935283
       1.521413052844735
       1.521918786367641
       1.522331945863697
       1.522652662992783
       1.522881085068527
       1.523017374989387
       1.523061711164857
       1.523014287436923
        1.52287531299678
       1.522645012296837
       1.522323624958204
       1.521911405673546
       1.521408624105564
       1.520815564781032
       1.520132526980564
       1.519359824624124
       1.518497786152406
       1.517546754404147
        1.51650708648947
       1.515379153659319
       1.514163341171134
       1.512860048150778
       1.511469687450885
       1.509992685505682
       1.508429482182396
       1.506780530629335
       1.505046297120764
       1.503227260898633
       1.501323914011317
       1.499336761149436
       1.497266319478831
       1.495113118470883
       1.492877699730196
       1.490560616819791
       1.488162435083911
       1.485683731468538
       1.483125094339738
       1.480487123299923
       1.477770429002153
        1.47497563296257
       1.472103367371086
       1.469154274900442
       1.466129008513683
       1.463028231270222
        1.45985261613056
       1.456602845759795
       1.453279612330004
       1.449883617321551
       1.446415571323563
       1.442876193833502
       1.439266213056092
       1.435586365701542
       1.431837396783325
       1.428020059415491
       1.424135114609633
       1.420183331071662
       1.416165484998394
       1.412082359874128
       1.407934746267232
       1.403723441626849
       1.399449250079849
       1.395112982228057
       1.390715454945878
       1.386257491178382
       1.381739919739931
       1.377163575113445
       1.372529297250368
       1.367837931371407
       1.363090327768138
        1.35828734160551
       1.353429832725384
       1.348518665451081
       1.343554708393138
       1.338538834256179
       1.333471919647064
       1.328354844884411
       1.323188493809412
        1.31797375359812
       1.312711514575225
       1.307402670029354
       1.302048116029985
       1.296648751245953
       1.291205476765676
       1.285719195919121
       1.280190814101472
       1.274621238598682
       1.269011378414831
       1.263362144101377
       1.257674447588331
       1.251949202017375
       1.246187321576949
       1.240389721339356
        1.23455731709992
       1.228691025218146
       1.222791762461014
        1.21686044584834
       1.210897992500259
        1.20490531948685
       1.198883343679889
       1.192832981606789
       1.186755149306667
       1.180650762188624
       1.174520734892189
       1.168365981149974
       1.162187413652505
       1.155985943915235
       1.149762482147781
       1.143517937125326
        1.13725321606223
       1.130969224487793
       1.124666866124258
       1.118347042766908
       1.112010654166367
       1.105658597913057
       1.099291769323757
       1.092911061330328
       1.086517364370508
       1.080111566280815
       1.073694552191556
       1.067267204423839
        1.06083040238868
       1.054385022488081
       1.047931938018157
       1.041472019074185
       1.035006132457647
       1.028535141585185
       1.022059906399459
       1.015581283281916
       1.009100124967354
       1.002617280460372
      0.9961335949535755
      0.9896499097476237
      0.9831670621729207
      0.9766858855131092
      0.9702072089302345
      0.9637318573915229
       0.957260651597865
      0.9507944079138279
      0.9443339382992907
      0.9378800502425935
      0.9314335466952177
      0.9249952260079251
      0.9185658818683852
      0.9121463032401762
      0.9057372743032354
      0.8993395743956175
      0.8929539779566402
      0.8865812544712914
      0.8802221684159396
      0.8738774792052804
      0.8675479411405034
      0.8612343033586582
      0.8549373097831782
      0.8486576990755373
      0.8423962045880262
      0.8361535543176032
       0.829930470860814
       0.823727671369733
      0.8175458675089048
      0.8113857654132948
      0.8052480656471839
      0.7991334631639851
      0.7930426472670029
      0.7869763015710542
      0.7809351039649873
      0.7749197265750206
      0.7689308357289347
      0.7629690919210557
      0.7570351497780389
      0.7511296580254125
      0.7452532594548903
      0.7394065908923932
       0.733590283166825
      0.7278049610795182
      0.7220512433743929
       0.716329742708767
      0.7106410656248403
      0.7049858125218189
      0.6993645776286719
      0.6937779489774928
      0.6882265083774971
       0.682710831389598
      0.6772314873015562
      0.6717890391037352
      0.6663840434653869
      0.6610170507115334
      0.6556886048003577
      0.6503992433011584
      0.6451494973728192
      0.6399398917428201
      0.6347709446867487
      0.6296431680083557
      0.6245570670200578
      0.6195131405239985
      0.6145118807935744
      0.6095537735554561
      0.6046392979720968
      0.5997689266247214
      0.5949431254967993
      0.5901623539579777
      0.5854270647485041
      0.5807377039641112
       0.576094711041361
      0.5714985187434729
      0.5669495531465853
      0.5624482336265002
      0.5579949728458888
      0.5535901767419428
      0.5492342445144945
      0.5449275686145746
      0.5406705347334539
      0.5364635217921193
      0.5323069019312183
      0.5282010405014409
      0.5241462960543795
      0.5201430203338253
      0.5161915582675312
      0.5122922479594317
      0.5084454206823051
      0.5046514008709049
      0.5009105061155562
      0.4972230471561891
      0.4935893278768471
      0.4900096453006542
      0.4864842895852343
      0.4830135440186029
      0.4795976850155099
      0.4762369821142613
      0.4729316979739966
      0.4696820883724298
      0.4664884022040592
      0.4633508814788558
      0.4602697613213982
      0.4572452699705065
      0.4542776287793202
       0.451367052215871
       0.448513747864107
      0.4457179164254171
      0.4429797517206037
      0.4402994406923512
      0.4376771634081674
      0.4351130930637923
      0.4326073959871003
      0.4301602316424726
      0.4277717526356523
      0.4254421047190844
      0.4231714267977264
      0.4209598509353556
      0.4188075023613428
      0.4167144994779213
      0.4146809538679354
      0.4127069703030612
      0.4107926467525324
      0.4089380743923228
       0.407143337614836
       0.405408514039062
      0.4037336745212191
      0.4021188831658843
      0.4005641973375961
      0.3990696676729474
      0.3976353380931451
      0.3962612458170697
      0.3949474213747928
      0.3936938886215756
      0.3925006647523607
      0.3913677603167159
      0.3902951792342595
      0.3892829188105684
      0.3883309697535384
      0.3874393161902193
      0.3866079356841265
      0.3858367992529992
      0.3851258713870356
      0.3844751100675813
      0.3838844667862688
      0.3833538865646309
      0.3828833079741471
      0.3824726631567451
      0.3821218778457581
      0.3818308713873111
      0.3815995567621625
      0.3814278406079681
      0.3813156232419921
      0.3812627986842472
      0.3812692546810514
       0.381334872729022
      0.3814595280994813
      0.3816430898632782
      0.3818854209160331
      0.3821863780037762
       0.382545811749002
      0.3829635666771194
      0.3834394812432959
       0.383973387859701
      0.3845651129231348
      0.3852144768430383
      0.3859212940698843
      0.3866853731239428
      0.3875065166244213
      0.3883845213189696
      0.3893191781135411
      0.3903102721026191
      0.3913575825997928
      0.3924608831686839
      0.3936199416542142
      0.3948345202142181
      0.3961043753513848
      0.3974292579455344
      0.3988089132862254
      0.4002430811056713
      0.4017314956119906
      0.4032738855227604
      0.4048699740988849
      0.4065194791787667
      0.4082221132127786
      0.4099775832980356
      0.4117855912134597
      0.4136458334551286
      0.4155580012719219
      0.4175217807014374
      0.4195368526061917
      0.4216028927100932
      0.4237195716351905
      0.4258865549386809
      0.4281035031501953
      0.4303700718093328
        0.43268591150346
      0.4350506679057697
      0.4374639818135811
      0.4399254891869058
      0.4424348211872479
      0.4449916042166555
      0.4475954599570189
      0.4502460054096074
      0.4529428529348375
      0.4556856102922943
      0.4584738806809744
      0.4613072627797712
      0.4641853507881952
      0.4671077344673136
      0.4700739991809393
       0.473083725937034
      0.4761364914293515
      0.4792318680793062
      0.4823694240780679
       0.485548723428884
      0.4887693259896465
      0.4920307875156609
      0.4953326597026773
      0.4986744902301103
      0.5020558228045349
       0.505476197203379
      0.5089351493188726
      0.5124322112022099
      0.5159669111079728
      0.5195387735387706
       0.523147319290133
      0.5267920654956338
      0.5304725256722751
      0.5341882097661047
      0.5379386241980924
      0.5417232719102506
       0.545541652412026
      0.5493932618269359
      0.5532775929394739
      0.5571941352422867
      0.5611423749836205
       0.565121795215051
      0.5691318758394693
      0.5731720936593794
      0.5772419224254743
      0.5813408328855103
      0.5854682928334777
      0.5896237671590868
       0.593806717897555
      0.5980166042797037
      0.6022528827824097
      0.6065150071793559
       0.610802428592129
       0.615114595541658
      0.6194509540000065
      0.6238109474425131
      0.6281940169002964
      0.6325996010131328
      0.6370271360827159
      0.6414760561262715
      0.6459457929306031
      0.6504357761065033
      0.6549454331435965
      0.6594741894655627
      0.6640214684858117
      0.6685866916635711
      0.6731692785604068
      0.6777686468971839
      0.6823842126114914
      0.6870153899155014
      0.6916615913543113
      0.6963222278647485
       0.700996708834645
      0.7056844421626122
      0.7103848343182898
      0.7150972904030978
      0.7198212142114999
      0.7245560082927639
        0.72930107401324
      0.7340558116191612
      0.7388196202999754
      0.7435918982521796
      0.7483720427437357
      0.7531594501789791
      0.7579535161640937
       0.762753635573125
      0.7675592026145409
      0.7723696108983583
      0.7771842535037959
      0.7820025230475023
      0.7868238117523273
       0.791647511516659
      0.7964730139843105
      0.8012997106149603
       0.806126992755147
      0.8109542517098263
      0.8157808788144632
       0.820606265507676
      0.8254298034044248
      0.8302508843697373
      0.8350689005929721
      0.8398832446626076
      0.8446933096415512
      0.8494984891429589
      0.8542981774065753
      0.8590917693755618
      0.8638786607738212
      0.8686582481837946
      0.8734299291247338
      0.8781931021314386
      0.8829471668334224
      0.8876915240345348
      0.8924255757929817
      0.8971487255017805
      0.9018603779695888
      0.9065599395019082
      0.9112468179826665
      0.9159204229561264
       0.920580165709142
      0.9252254593537118
      0.9298557189098369
      0.9344703613886313
      0.9390688058757137
      0.9436504736148048
      0.9482147880915778
      0.9527611751176487
      0.9572890629147904
      0.9617978821992602
      0.9662870662662666
      0.9707560510745503
       0.975204275331031
      0.9796311805755177
      0.9840362112654591
      0.9884188148606939
      0.9927784419081833
      0.9971145461267303
       1.001426584491599
       1.005714017319082
       1.009976308350909
       1.014212924838555
       1.018423337627366
       1.022607021240499
        1.02676345396264
       1.030892117923467
       1.034992499180881
       1.039064087803893
       1.043106377955248
       1.047118867973637
         1.0511010604556
       1.055052462336992
       1.058972584974032
       1.062860944223916
       1.066717060524942
       1.070540458976128
       1.074330669416347
       1.078087226502851
       1.081809669789268
       1.085497543802963
       1.089150398121828
        1.09276778745036
       1.096349271695098
       1.099894416039376
       1.103402791017325
       1.106873972587169
       1.110307542203702
        1.11370308689003
       1.117060199308443
       1.120378477830517
       1.123657526606289
       1.126896955632609
        1.13009638082055
       1.133255424061895
       1.136373713294714
       1.139450882567909
       1.142486572104837
       1.145480428365869
       1.148432104109937
       1.151341258455031
       1.154207556937612
       1.157030671570926
       1.159810280902208
        1.16254607006876
       1.165237730852848
       1.167884961735427
       1.170487467948693
       1.173044961527369
       1.175557161358821
       1.178023793231819
       1.180444589884122
       1.182819291048711
       1.185147643498693
       1.187429401090908
       1.189664324808138
       1.191852182800001
       1.193992750422362
       1.196085810275412
       1.198131152240279
       1.200128573514177
       1.202077878644098
       1.203978879559036
        1.20583139560067
       1.207635253552538
       1.209390287667682
       1.211096339694691
       1.212753258902224
       1.214360902101921
       1.215919133669663
        1.21742782556526
       1.218886857350492
       1.220296116205456
       1.221655496943283
       1.222964902023142
       1.224224241561562
       1.225433433342052
        1.22659240282295
       1.227701083143603
       1.228759415128731
       1.229767347291097
       1.230724835832354
       1.231631844642167
       1.232488345295515
         1.2332943170482
       1.234049746830604
        1.23475462923958
       1.235408966528578
       1.236012768595957
       1.236566052971478
       1.237068844800973
       1.237521176829212
       1.237923089380963
       1.238274630340231
       1.238575855127704
       1.238826826676362
       1.239027615405334
       1.239178299191946
       1.239278963341982
       1.239329700558182
       1.239330610906977
        1.23928180178349
       1.239183387874774
       1.239035491121345
       1.238838240677032
       1.238591772867094
       1.238296231144754
       1.237951766045967
       1.237558535142674
       1.237116702994393
       1.236626441098238
       1.236087927837409
       1.235501348428138
       1.234866894865125
       1.234184765865519
       1.233455166811472
       1.232678309691242
       1.231854413038947
       1.230983701872997
       1.230066407633158
       1.229102768116366
       1.228093027411318
       1.227037435831851
       1.225936249849131
       1.224789732022737
       1.223598150930655
       1.222361781098182
       1.221080902925887
       1.219755802616547
       1.218386772101158
        1.21697410896409
       1.215518116367332
       1.214019102973989
       1.212477382871002
       1.210893275491097
       1.209267105534102
       1.207599202887603
       1.205889902547002
       1.204139544535014
       1.202348473820627
        1.20051704023763
       1.198645598402653
        1.19673450763285
       1.194784131863188
       1.192794839563439
       1.190767003654883
        1.18870100142677
       1.186597214452566
       1.184456028506033
       1.182277833477171
       1.180063023288069
       1.177811995808658
       1.175525152772448
       1.173202899692277
       1.170845645776062
       1.168453803842585
       1.166027790237407
        1.16356802474889
       1.161074930524309
       1.158548933986184
       1.155990464748744
       1.153399955534678
       1.150777842092025
       1.148124563111399
       1.145440560143425
       1.142726277516502
       1.139982162254862
       1.137208663996967
        1.13440623491422
       1.131575329630054
       1.128716405139384
       1.125829920728432
        1.12291633789493
       1.119976120268759
       1.117009733532983
       1.114017645345271
       1.111000325259787
       1.107958244649486
        1.10489187662887
       1.101801695977165
       1.098688179061938
       1.095551803763208
       1.092393049397945
       1.089212396645098
       1.086010327471018
       1.082787325055367
       1.079543873717483
        1.07628045884321
       1.072997566812181
       1.069695684925551
       1.066375301334199
       1.063036904967399
       1.059680985461905
       1.056308033091551
       1.052918538697256
       1.049512993617502
       1.046091889619261
       1.042655718829362
       1.039204973666314
       1.035740146772604
        1.03226173094736
       1.028770219079561
       1.025266104081616
       1.021749878823427
       1.018222036066857
       1.014683068400689
       1.011133468176004
       1.007573727442001
       1.004004337882251
       1.000425790751445
      0.9968385768125474
      0.9932431862743982
      0.9896401087298083
      0.9860298330940658
      0.9824128475439515
      0.9787896394571627
      0.9751606953522549
      0.9715265008290077
      0.9678875405093141
      0.9642442979785442
      0.9605972557273522
      0.9569468950940497
      0.9532936962074101
      0.9496381379300364
       0.945980697802222
      0.9423218519863126
      0.9386620752116458
      0.9350018407199747
      0.9313416202114999
      0.9276818837913863
      0.9240230999169062
      0.9203657353451141
      0.9167102550811143
      0.9130571223269224
      0.9094067984309139
      0.9057597428379004
      0.9021164130397961
       0.898477264526931
      0.8948427507399875
      0.8912133230225732
      0.8875894305744627
       0.883971520405481
      0.8803600372900665
      0.8767554237225044
      0.8731581198728455
      0.8695685635435029
      0.8659871901265606
      0.8624144325617888
       0.858850721295349
      0.8552964842392252
      0.8517521467313824
      0.8482181314966432
      0.8446948586083038
      0.8411827454504581
       0.837682206681076
      0.8341936541958337
       0.830717497092668
      0.8272541416370649
      0.8238039912281114
      0.8203674463652861
       0.816944904615987
       0.813536760583795
      0.8101434058774988
