                       0
   7.768844269568199e-06
   3.144033486156613e-05
   7.174838627316675e-05
   0.0001294144628908675
   0.0002051471128485951
   0.0002996415123231489
   0.0004135790206113715
   0.0005476267463239799
   0.0007024371250229305
   0.0008786475086205142
    0.001076879766849146
    0.001297739901101061
    0.001541817670926923
    0.001809686233471673
    0.002101901796114938
    0.002419003282571852
    0.002761512012698425
    0.003129931396233494
     0.00352474664069695
    0.003946424473651295
    0.004395412879520712
    0.004872140851148762
    0.005377018156262494
    0.005910435118997294
    0.006472762416623162
    0.007064350891599311
    0.007685531379070071
    0.008336614549901046
    0.009017890769340372
    0.009729629971375721
     0.01047208154884344
     0.01124547425933191
      0.0120500161469069
      0.0128858944796724
     0.01375327570316588
     0.01465230540957301
      0.0155831083227321
     0.01654578829888469
     0.01754042834311432
     0.01856709064140164
     0.01962581660820965
     0.02071662694949944
      0.0218395217410626
     0.02299448052204316
     0.02418146240350821
     0.02540040619191306
     0.02665123052729372
     0.02793383403600638
     0.02924809549782092
     0.03059387402716265
     0.03197100926828442
      0.0333793216041389
     0.03481861237870899
     0.03628866413254268
     0.03778924085122721
     0.03932008822652646
     0.04088093392989446
     0.04247148789806737
     0.04409144263042619
     0.04574047349781232
     0.04741823906246875
     0.04912438140876969
     0.05085852648439346
      0.0526202844515839
     0.05440925004813781
     0.05622500295774763
     0.05806710818932144
     0.05993511646489455
     0.06182856461574051
      0.0637469759862828
     0.06568986084540231
     0.06765671680472995
     0.06964702924350845
     0.07166027173960279
     0.07369590650623345
     0.07575338483400337
     0.07783214753778518
     0.07993162540803241
       0.082051239666075
     0.08419040242295756
     0.08634851714137637
     0.08852497910026948
     0.09071917586161342
     0.09293048773897888
     0.09515828826739792
     0.09740194467409444
     0.09966081834963132
      0.1019342653190281
      0.1042216367124039
      0.1065222792347037
      0.1088355356340664
      0.1111607451683978
      0.1134972440697137
      0.1158443660058214
      0.1182014425389143
      0.1205678035806566
      0.1229427778433393
      0.1253256932866996
      0.1277158775599929
      0.1301126584389217
       0.132515364257026
      0.1349233243311519
      0.1373358693806176
      0.1397523319397094
      0.1421720467631449
       0.144594351224152
      0.1470185857048195
      0.1494440939783878
      0.1518702235831547
      0.1542963261876863
      0.1567217579470305
      0.1591458798496429
      0.1615680580547496
      0.1639876642198794
      0.1664040758183126
      0.1688166764462088
      0.1712248561191849
      0.1736280115581331
      0.1760255464640783
      0.1784168717818939
      0.1808014059527042
      0.1831785751548228
      0.1855478135330852
      0.1879085634164567
      0.1902602755238058
      0.1926024091577565
      0.1949344323865421
      0.1972558222138072
      0.1995660647363161
      0.2018646552895449
      0.2041510985811541
      0.2064249088123511
      0.2086856097871752
      0.2109327350097506
      0.2131658277695747
      0.2153844412149231
      0.2175881384144744
      0.2197764924072716
        0.22194908624116
      0.2241055129998523
      0.2262453758187974
      0.2283682878900382
      0.2304738724562705
      0.2325617627943221
       0.234631602188298
      0.2366830438926459
      0.2387157510854187
      0.2407293968120226
      0.2427236639197578
      0.2446982449834718
      0.2466528422226618
      0.2485871674103755
      0.2505009417742747
      0.2523938958902382
       0.254265769568893
      0.2561163117354756
      0.2579452803034356
      0.2597524420422042
       0.261537572439561
      0.2633004555590395
      0.2650408838928223
      0.2667586582105809
      0.2684535874047266
      0.2701254883325378
       0.271774185655638
      0.2733995116773038
      0.2750013061780769
      0.2765794162501681
      0.2781336961311269
      0.2796640070372633
      0.2811702169972999
      0.2826522006867285
      0.2841098392633473
      0.2855430202044437
      0.2869516371460885
      0.2883355897249937
      0.2896947834233818
      0.2910291294173062
      0.2923385444288497
      0.2936229505826159
      0.2948822752669232
      0.2961164510000868
      0.2973254153021699
      0.2985091105725658
      0.2996674839737544
      0.3008004873215663
      0.3019080769822615
      0.3029902137767197
      0.3040468628920141
      0.3050779938006208
      0.3060835801875001
      0.3070635998852591
      0.3080180348175864
      0.3089468709511275
      0.3098500982559432
      0.3107277106746773
      0.3115797061005282
       0.312406086364101
      0.3132068572291917
      0.3139820283975293
      0.3147316135224796
        0.31545563023169
      0.3161541001586292
      0.3168270489829547
      0.3174745064796131
      0.3180965065765608
      0.3186930874209619
      0.3192642914537049
      0.3198101654920527
      0.3203307608202199
      0.3208261332876492
      0.3212963434147412
      0.3217414565057669
      0.3221615427686758
      0.3225566774414948
      0.3229269409249901
      0.3232724189212534
      0.3235932025778527
      0.3238893886371738
      0.3241610795905646
      0.3244083838368794
      0.3246314158450077
      0.3248302963199606
      0.3250051523720769
      0.3251561176888981
      0.3252833327092571
      0.3253869447991127
      0.3254671084286575
      0.3255239853502189
      0.3255577447764672
      0.3255685635584416
      0.3255566263629009
      0.3255221258485001
       0.325465262840297
      0.3253862465020871
      0.3252852945060672
       0.325162633199328
      0.3250184977666772
      0.3248531323892948
      0.3246667903987279
      0.3244597344257324
      0.3242322365434744
       0.323984578404607
      0.3237170513717453
      0.3234299566408648
      0.3231236053571556
      0.3227983187228718
      0.3224544280967195
       0.322092275084337
      0.3217122116194239
      0.3213146000350878
      0.3208998131249809
      0.3204682341938105
      0.3200202570968117
      0.3195562862677832
      0.3190767367352929
      0.3185820341266685
      0.3180726146594012
      0.3175489251195939
      0.3170114228271013
      0.3164605755870122
      0.3158968616271409
      0.3153207695211995
      0.3147327980973363
      0.3141334563317354
       0.313523263226984
       0.312902747674926
      0.3122724483037314
      0.3116329133089267
      0.3109847002681406
      0.3103283759393393
      0.3096645160423339
      0.3089937050233665
      0.3083165358025912
      0.3076336095042888
       0.306945535169674
      0.3062529294521718
      0.3055564162950643
      0.3048566265914344
      0.3041541978263568
      0.3034497737013135
      0.3027440037408468
      0.3020375428814855
      0.3013310510430249
      0.3006251926822666
      0.2999206363293742
      0.2992180541070326
      0.2985181212326506
      0.2978215155038882
      0.2971289167678398
      0.2964410063742609
      0.2957584666132731
      0.2950819801380462
      0.2944122293730106
      0.2937498959082182
      0.2930956598805318
      0.2924501993423905
      0.2918141896189635
      0.2911883026545778
      0.2905732063493697
       0.289969563887186
      0.2893780330558283
      0.2887992655608044
      0.2882339063338233
      0.2876825928373359
      0.2871459543664935
      0.2866246113499572
      0.2861191746510561
      0.2856302448708473
      0.2851584116546853
      0.2847042530039572
      0.2842683345946805
      0.2838512091046989
      0.2834534155512383
      0.2830754786406092
      0.2827179081318518
       0.282381198216128
      0.2820658269136549
      0.2817722554899653
      0.2815009278932519
      0.2812522702145182
      0.2810266901722148
       0.280824576622982
       0.280646299100055
      0.2804922073808106
      0.2803626310848463
      0.2802578793038897
      0.2801782402647249
      0.2801239810262147
      0.2800953472113696
      0.2800925627752885
      0.2801158298096592
      0.2801653283843654
      0.2802412164266017
       0.280343629637753
      0.2804726814481361
      0.2806284630095614
        0.28081104322551
      0.2810204688185821
      0.2812567644347184
      0.2815199327835586
       0.281809954814159
      0.2821267899251635
      0.2824703762083938
      0.2828406307247101
      0.2832374498108837
      0.2836607094161259
      0.2841102654668251
      0.2845859542579708
      0.2850875928696707
      0.2856149796071119
      0.2861678944622745
      0.2867460995956683
      0.2873493398363406
      0.2879773431983924
      0.2886298214122395
      0.2893064704688594
      0.2900069711752867
      0.2907309897196479
      0.2914781782440578
      0.2922481754237484
       0.293040607050849
      0.2938550866212957
      0.2946912159234078
      0.2955485856267408
      0.2964267758698945
        0.29732535684603
      0.2982438893849273
      0.2991819255304956
      0.3001390091127265
      0.3011146763131617
      0.3021084562230303
      0.3031198713932847
      0.3041484383758483
      0.3051936682554617
      0.3062550671715872
      0.3073321368299075
      0.3084243750030182
      0.3095312760199818
      0.3106523312444727
      0.3117870295413006
      0.3129348577311519
      0.3140953010334457
      0.3152678434972385
       0.316451968420162
      0.3176471587554139
      0.3188528975068562
      0.3200686681123069
      0.3212939548151401
      0.3225282430243291
      0.3237710196630938
       0.325021773506322
      0.3262799955069591
       0.327545179111561
      0.3288168205652208
      0.3300944192060829
      0.3313774777496617
      0.3326655025631832
      0.3339580039301691
      0.3352544963054783
      0.3365544985610185
      0.3378575342223347
      0.3391631316962748
      0.3404708244899281
      0.3417801514210179
      0.3430906568199275
      0.3444018907235264
      0.3457134090609519
      0.3470247738314955
      0.3483355532747305
      0.3496453220330065
      0.3509536613064295
      0.3522601590004347
       0.353564409866047
      0.3548660156329207
      0.3561645851352352
      0.3574597344305208
      0.3587510869114744
      0.3600382734108249
      0.3613209322992952
      0.3625987095767074
      0.3638712589562678
      0.3651382419420664
      0.3663993278998226
      0.3676541941209032
      0.3689025258796393
      0.3701440164839645
      0.3713783673193984
      0.3726052878863994
      0.3738244958311075
      0.3750357169695051
      0.3762386853050218
      0.3774331430396125
      0.3786188405783432
      0.3797955365275214
      0.3809629976864112
      0.3821209990325832
      0.3832693237009487
      0.3844077629565374
      0.3855361161610866
      0.3866541907335083
      0.3877618021043197
      0.3888587736641207
      0.3899449367062127
      0.3910201303634648
      0.3920842015395378
      0.3931370048345842
      0.3941784024655555
      0.3952082641812542
      0.3962264671722753
      0.3972328959759935
      0.3982274423767612
      0.3992100053014869
      0.4001804907107784
      0.4011388114858382
      0.4020848873113101
      0.4030186445542807
      0.4039400161396516
      0.4048489414221005
      0.4057453660548591
      0.4066292418555437
      0.4075005266692748
      0.4083591842293345
       0.409205184015612
        0.41003850111109
      0.4108591160566353
      0.4116670147043538
      0.4124621880697762
      0.4132446321831429
       0.414014347940058
      0.4147713409517818
      0.4155156213954333
      0.4162472038643735
      0.4169661072190379
      0.4176723544384863
      0.4183659724729341
       0.419046992097527
      0.4197154477676175
      0.4203713774757928
      0.4210148226109068
      0.4216458278193516
      0.4222644408688073
      0.4228707125146945
      0.4234646963695491
      0.4240464487755282
       0.424616028680249
      0.4251734975161494
        0.42571891908355
      0.4262523594375859
       0.426773886779166
      0.4272835713501014
      0.4277814853325371
      0.4282677027528035
      0.4287422993897931
       0.429205352687955
      0.4296569416749812
      0.4300971468842489
      0.4305260502820672
      0.4309437351997601
      0.4313502862706041
      0.4317457893716242
      0.4321303315702365
        0.43250400107571
      0.4328668871954069
      0.4332190802957442
      0.4335606717678073
      0.4338917539975274
      0.4342124203403274
      0.4345227651001197
      0.4348228835125316
      0.4351128717322186
      0.4353928268241133
      0.4356628467584468
      0.4359230304093664
      0.4361734775569651
      0.4364142888925251
      0.4366455660267709
      0.4368674115009152
      0.4370799288002783
      0.4372832223702467
      0.4374773976343386
      0.4376625610141285
      0.4378388199507893
      0.4380062829279959
      0.4381650594959371
      0.4383152602961797
      0.4384569970871237
      0.4385903827697921
      0.4387155314136947
      0.4388325582825082
      0.4389415798593189
      0.4390427138711731
      0.4391360793126874
      0.4392217964684762
      0.4392999869341556
      0.4393707736356947
      0.4394342808468867
      0.4394906342047249
      0.4395399607224764
      0.4395823888002532
       0.439618048232893
      0.4396470702149755
      0.4396695873428033
      0.4396857336131998
      0.4396956444189773
       0.439699456540953
      0.4396973081363957
      0.4396893387238041
      0.4396756891639314
      0.4396565016369852
      0.4396319196159478
      0.4396020878359751
      0.4395671522598497
      0.4395272600394793
      0.4394825594734448
      0.4394331999606212
      0.4393793319499066
      0.4393211068861132
      0.4392586771520866
       0.439192196007136
      0.4391218175218727
      0.4390476965095677
      0.4389699884541535
      0.4388888494350098
      0.4388044360486822
      0.4387169053277006
      0.4386264146566708
      0.4385331216858265
      0.4384371842422396
      0.4383387602388932
      0.4382380075818358
      0.4381350840756377
       0.438030147327381
      0.4379233546494203
      0.4378148629611557
      0.4377048286900653
      0.4375934076722462
      0.4374807550527163
      0.4373670251857313
      0.4372523715353701
      0.4371369465766411
      0.4370209016973637
       0.436904387101069
      0.4367875517111698
      0.4366705430766358
      0.4365535072794118
      0.4364365888438031
        0.43631993064805
      0.4362036738383028
      0.4360879577451969
      0.4359729198032203
      0.4358586954730539
      0.4357454181670504
      0.4356332191780084
      0.4355222276113828
      0.4354125703210581
      0.4353043718487985
      0.4351977543674715
      0.4350928376281271
      0.4349897389109985
      0.4348885729804758
      0.4347894520440825
      0.4346924857154741
      0.4345977809814586
        0.43450544217302
      0.4344155709403139
      0.4343282662315827
      0.4342436242759262
      0.4341617385698431
      0.4340826998674475
      0.4340065961742453
      0.4339335127443443
      0.4338635320809555
      0.4337967339400291
      0.4337331953368598
      0.4336729905554788
      0.4336161911606431
      0.4335628660122208
      0.4335130812817616
      0.4334669004710345
       0.433424384432306
      0.4333855913901285
      0.4333505769644013
      0.4333193941944627
      0.4332920935639714
      0.4332687230263324
      0.4332493280304209
      0.4332339515463609
      0.4332226340911177
      0.4332154137536627
        0.43321232621948
      0.4332134047941825
      0.4332186804260186
       0.433228181727056
      0.4332419349928349
      0.4332599642203001
      0.4332822911238262
      0.4333089351491655
      0.4333399134851617
      0.4333752410730828
       0.433414930613447
      0.4334589925702263
      0.4335074351723285
      0.4335602644122812
      0.4336174840420505
      0.4336790955659507
      0.4337450982306169
      0.4338154890120332
      0.4338902625996238
      0.4339694113774388
      0.4340529254024798
      0.4341407923802342
       0.434232997637501
      0.4343295240926162
      0.4344303522231944
      0.4345354600315329
      0.4346448230078317
      0.4347584140914051
      0.4348762036300776
       0.434998159337968
      0.4351242462518851
      0.4352544266865696
      0.4353886601890307
      0.4355269034922392
      0.4356691104684465
      0.4358152320824141
      0.4359652163448423
      0.4361190082662981
      0.4362765498119451
      0.4364377798573872
        0.43660263414594
       0.436771045247645
      0.4369429425203465
      0.4371182520731469
      0.4372968967325589
      0.4374787960116657
      0.4376638660826015
      0.4378520197526524
      0.4380431664442791
      0.4382372121793468
       0.438434059567844
      0.4386336078013579
      0.4388357526515652
      0.4390403864739799
      0.4392473982171914
      0.4394566734378059
      0.4396680943212892
      0.4398815397088959
       0.440096885130847
      0.4403140028459003
      0.4405327618874424
      0.4407530281162065
      0.4409746642797021
      0.4411975300784207
      0.4414214822388619
      0.4416463745933997
      0.4418720581669903
      0.4420983812706979
      0.4423251896019939
       0.442552326351764
      0.4427796323179347
      0.4430069460256073
      0.4432341038535711
      0.4434609401670407
      0.4436872874564463
      0.4439129764820813
      0.4441378364243999
      0.4443616950397267
      0.4445843788211351
      0.4448057131642253
      0.4450255225375177
      0.4452436306571679
      0.4454598606656852
      0.4456740353143323
       0.445885977148866
      0.4460955086982675
      0.4463024526661041
      0.4465066321241519
      0.4467078707079001
      0.4469059928135562
      0.4471008237961583
      0.4472921901684027
      0.4474799197997877
      0.4476638421156766
       0.447843788295874
      0.4480195914723227
      0.4481910869255176
      0.4483581122792423
      0.4485205076932375
      0.4486781160534154
      0.4488307831592355
      0.4489783579078753
      0.4491206924748238
      0.4492576424905485
      0.4493890672128855
      0.4495148296948219
      0.4496347969473477
      0.4497488400970669
      0.4498568345382736
      0.4499586600792135
      0.4500542010822625
      0.4501433465977754
      0.4502259904913703
      0.4503020315644338
      0.4503713736676477
      0.4504339258073577
      0.4504896022446227
      0.4505383225868002
      0.4505800118715466
       0.450614600643126
      0.4506420250209429
      0.4506622267602353
      0.4506751533048813
      0.4506807578322939
      0.4506789992903986
      0.4506698424267077
      0.4506532578095241
      0.4506292218413285
      0.4505977167644195
         0.4505587306589
      0.4505122574331163
      0.4504582968066779
      0.4503968542862017
      0.4503279411339431
      0.4502515743294903
      0.4501677765247152
      0.4500765759921918
      0.4499780065673014
      0.4498721075842658
      0.4497589238063534
      0.4496385053505238
      0.4495109076067814
      0.4493761911525215
       0.449234421662162
      0.4490856698123606
      0.4489300111831249
      0.4487675261551317
      0.4485982998035726
      0.4484224217888514
      0.4482399862444579
      0.4480510916623486
      0.4478558407761623
      0.4476543404425998
      0.4474467015212942
      0.4472330387534983
      0.4470134706399084
      0.4467881193179395
      0.4465571104387647
      0.4463205730444168
      0.4460786394452512
      0.4458314450980497
      0.4455791284850436
       0.445321830994116
      0.4450596968004353
      0.4447928727497545
      0.4445215082436013
      0.4442457551265638
      0.4439657675758647
      0.4436817019933963
      0.4433937169003757
      0.4431019728347563
      0.4428066322515183
      0.4425078594259363
       0.442205820359908
      0.4419006826914033
      0.4415926156070762
      0.4412817897580609
      0.4409683771789497
      0.4406525512099372
      0.4403344864220853
      0.4400143585456525
      0.4396923444014047
      0.4393686218348078
      0.4390433696529837
      0.4387167675642883
      0.4383889961203629
      0.4380602366604762
      0.4377306712579754
      0.4374004826686373
      0.4370698542807002
      0.4367389700663435
      0.4364080145343706
      0.4360771726838359
      0.4357466299583525
      0.4354165722008021
      0.4350871856081678
      0.4347586566862011
      0.4344311722036309
      0.4341049191456213
      0.4337800846661825
      0.4334568560392413
       0.433135420608079
      0.4328159657328499
      0.4324986787358988
      0.4321837468446041
      0.4318713571314812
      0.4315616964512954
      0.4312549513749412
      0.4309513081198651
      0.4306509524768196
      0.4303540697327597
      0.4300608445897069
      0.4297714610794294
      0.4294861024738117
      0.4292049511908029
      0.4289281886958681
      0.4286559953988824
       0.428388550546444
      0.4281260321096024
      0.4278686166670329
      0.4276164792837141
      0.4273697933851968
      0.4271287306275823
      0.4268934607633608
      0.4266641515032878
      0.4264409683745117
      0.4262240745751936
      0.4260136308258898
      0.4258097952180026
      0.4256127230596264
      0.4254225667191521
      0.4252394754670145
      0.4250635953159976
      0.4248950688605347
       0.424734035115466
      0.4245806293547363
      0.4244349829505367
       0.424297223213412
      0.4241674732338721
      0.4240458517260566
      0.4239324728740196
      0.4238274461812029
      0.4237308763236792
      0.4236428630077462
      0.4235635008324586
      0.4234928791576751
      0.4234310819782065
      0.4233781878046271
      0.4233342695513188
      0.4232993944322895
       0.423273623865303
       0.423257013384832
       0.423249612564325
      0.4232514649482602
      0.4232626079944221
      0.4232830730268172
       0.423312885199606
      0.4233520634723982
      0.4234006205972198
      0.4234585631174227
      0.4235258913787666
      0.4236025995528605
      0.4236886756731067
      0.4237841016832466
      0.4238888534985579
      0.4240029010797083
      0.4241262085192201
      0.4242587341404519
      0.4244004306089548
      0.4245512450560087
      0.4247111192140987
      0.4248799895640366
      0.4250577874933917
       0.425244439465838
      0.4254398672009848
      0.4256439878642111
      0.4258567142659733
      0.4260779550700232
      0.4263076150099219
      0.4265455951132022
      0.4267917929324938
      0.4270461027828873
      0.4273084159847868
      0.4275786211114616
      0.4278566042404919
      0.4281422492082666
       0.428435437866679
      0.4287360503411419
      0.4290439652890305
      0.4293590601576477
      0.4296812114407969
       0.430010294933041
      0.4303461859807251
      0.4306887597288372
      0.4310378913627875
      0.4313934563441901
      0.4317553306397472
      0.4321233909423397
      0.4324975148834527
      0.4328775812360781
      0.4332634701072619
      0.4336550631194883
      0.4340522435801186
       0.434454896638139
      0.4348629094274996
      0.4352761711963682
      0.4356945734216572
       0.436118009908228
      0.4365463768722152
      0.4369795730079675
      0.4374174995381402
      0.4378600602465328
      0.4383071614933118
      0.4387587122123172
      0.4392146238902008
       0.439674810527205
      0.4401391885794492
       0.440607676882646
      0.4410801965572332
      0.4415566708949654
      0.4420370252270724
      0.4425211867741522
      0.4430090844780274
       0.443500648815856
      0.4439958115968523
      0.4444945057420288
      0.4449966650474365
      0.4455022239314366
      0.4460111171666007
      0.4465232795968874
      0.4470386458408063
      0.4475571499813306
      0.4480787252433766
      0.4486033036597141
      0.4491308157262258
      0.4496611900474777
      0.4501943529736058
      0.4507302282295683
      0.4512687365378447
      0.4518097952357074
      0.4523533178882131
      0.4528992138980966
      0.4534473881137711
      0.4539977404366591
      0.4545501654290989
      0.4551045519240794
      0.4556607826380691
      0.4562187337882064
      0.4567782747151239
      0.4573392675126681
      0.4579015666657766
      0.4584650186977556
      0.4590294618281869
      0.4595947256426748
      0.4601606307756157
      0.4607269886071426
      0.4612936009753709
      0.4618602599050281
      0.4624267473535106
      0.4629928349753734
      0.4635582839062005
      0.4641228445667638
      0.4646862564883164
      0.4652482481598162
      0.4658085368978141
      0.4663668287396776
       0.466922818360765
      0.4674761890160923
      0.4680266125069751
       0.468573749173056
