                       0
   4.996626666666722e-05
   0.0001997269431944736
   0.0004490676792425787
   0.0007977646047697598
    0.001245584371416212
    0.001792284194745009
    0.002437611897333823
    0.003181305952706726
      0.0040230955300945
    0.004962700540011491
    0.005999831680634868
    0.007134190484973242
    0.008365469368807292
    0.009693351679388579
      0.0111175117448771
     0.01263761492450056
     0.01425331765941565
     0.01596426752425219
     0.01777010327931769
     0.01967045492344247
     0.02166494374744013
     0.02375318238816428
     0.02593477488313163
      0.0282093167256914
      0.0305763949207141
     0.03303558804076987
     0.03558646628277688
     0.03822859152508468
     0.04096151738496842
     0.04378478927650538
     0.04669794446880304
     0.04970051214455079
     0.05279201345886677
     0.05597196159840381
     0.05923986184069303
     0.06259521161368581
     0.06603750055547232
     0.06956621057413402
     0.07318081590771595
     0.07688078318426765
     0.08066557148194087
     0.08453463238910326
     0.08848741006444148
      0.0925233412970192
     0.09664185556626124
      0.1008423751018494
      0.1051243149434739
      0.1094870830004378
      0.1139300801110689
       0.118452700101925
      0.1230543298467577
      0.1277343493252125
      0.1324921316812436
      0.1373270432812157
      0.1422384437716704
       0.147225686136735
      0.1522881167551604
      0.1574250754569633
      0.1626358955796466
      0.1679199040239949
       0.173276421309432
      0.1787047616289051
      0.1842042329033044
      0.1897741368354016
      0.1954137689632761
      0.2011224187132723
      0.2068993694524186
      0.2127438985403421
      0.2186552773806841
      0.2246327714719662
      0.2306756404579609
        0.23678313817754
      0.2429545127140018
      0.2491890064439036
      0.2554858560853804
      0.2618442927459711
      0.2682635419699881
      0.2747428237853515
      0.2812813527500589
      0.2878783379981276
      0.2945329832851822
      0.3012444870335796
      0.3080120423771852
      0.3148348372057829
      0.3217120542091347
      0.3286428709207513
      0.3356264597613561
      0.3426619880820925
      0.3497486182075329
      0.3568855074784641
      0.3640718082945409
       0.371306668156777
      0.3785892297099874
      0.3859186307851497
      0.3932940044417674
      0.4007144790102691
      0.4081791781344424
        0.41568722081401
       0.423237721447357
      0.4308297898744314
      0.4384625314199096
      0.4461350469366447
      0.4538464328494604
      0.4615957811992937
      0.4693821796878248
      0.4772047117225345
      0.4850624564623042
       0.492954488863631
       0.500879879727408
      0.5088376957464776
      0.5168269995537808
      0.5248468497714278
      0.5328963010605139
      0.5409744041718327
      0.5490802059975599
      0.5572127496238719
      0.5653710743846461
      0.5735542159162347
        0.58176120621335
      0.5899910736861681
      0.5982428432186603
      0.6065155362282192
      0.6148081707266203
      0.6231197613823186
      0.6314493195842734
      0.6397958535071446
      0.6481583681781107
      0.6565358655451844
      0.6649273445471576
      0.6733318011852312
      0.6817482285963361
       0.690175617128175
       0.698612954416027
      0.7070592254614544
      0.7155134127127902
       0.723974496147562
      0.7324414533568282
      0.7409132596314988
      0.7493888880506511
      0.7578673095718578
      0.7663474931235922
      0.7748284056997791
      0.7833090124563193
      0.7917882768099502
      0.8002651605391253
      0.8087386238871289
      0.8172076256674679
       0.825671123371414
      0.8341280732778331
      0.8425774305652712
       0.851018149426376
       0.859449183184526
      0.8678694844128324
      0.8762780050554529
      0.8846736965512039
      0.8930555099595029
      0.9014223960886703
      0.9097733056265587
      0.9181071892734958
      0.9264229978776023
      0.9347196825723871
      0.9429961949166887
       0.951251487036965
      0.9594845117718408
      0.9676942228189359
      0.9758795748840776
      0.9840395238325985
      0.9921730268430288
       1.000279042562938
       1.008356531267059
       1.016404455017362
        1.02442177782562
       1.032407465817755
       1.040360487400434
       1.048279813429781
       1.056164417381938
       1.064013275525644
       1.071825367096813
       1.079599674474973
       1.087335183361522
       1.095030882959727
       1.102685766156572
       1.110298829706291
       1.117869074415362
       1.125395505329299
       1.132877131920816
       1.140312968279487
       1.147702033302722
       1.155043350888279
       1.162335950127681
       1.169578865501099
       1.176771137073207
       1.183911810690037
       1.190999938176929
       1.198034577537043
       1.205014793151027
       1.211939655977095
       1.218808243751762
       1.225619641191209
       1.232372940192956
       1.239067240037869
       1.245701647592476
       1.252275277511248
       1.258787252439219
       1.265236703214109
       1.271622769068665
       1.277944597832505
       1.284201346133644
         1.2903921795995
       1.296516273057333
       1.302572810733965
       1.308560986454574
       1.314480003840798
       1.320329076507432
       1.326107428258285
       1.331814293280602
       1.337448916338045
       1.343010552962265
       1.348498469642785
       1.353911944015143
       1.359250265047159
       1.364512733223234
       1.369698660726498
        1.37480737161884
       1.379838202018464
       1.384790500275091
       1.389663627142604
       1.394456955948895
       1.399169872762995
       1.403801776559357
        1.40835207937892
       1.412820206487235
       1.417205596529257
       1.421507701680761
        1.42572598779638
       1.429859934553968
       1.433909035595445
       1.437872798663743
       1.441750745735958
       1.445542413152525
       1.449247351742373
       1.452865126943875
       1.456395318921644
       1.459837522678982
       1.463191348165881
       1.466456420382695
       1.469632379479078
       1.472718880848464
       1.475715595217757
       1.478622208732311
       1.481438423036067
       1.484163955346816
       1.486798538526584
       1.489341921146926
       1.491793867549333
       1.494154157900455
       1.496422588242249
       1.498598970537016
        1.50068313270721
       1.502674918670041
       1.504574188366934
       1.506380817787571
       1.508094698988895
       1.509715740108667
       1.511243865373783
       1.512679015103368
       1.514021145706514
       1.515270229674783
       1.516426255569409
       1.517489228003319
       1.518459167617801
       1.519336111054072
       1.520120110919601
       1.520811235749207
        1.52140956996119
       1.521915213808253
       1.522328283323293
       1.522648910260433
       1.522877242030851
       1.523013441633778
       1.523057687582727
       1.523010173826769
       1.522871109667166
       1.522640719669365
       1.522319243570193
       1.521906936180788
       1.521404067284832
        1.52081092153252
       1.520127798330117
       1.519355011725387
       1.518492890288785
       1.517541776990615
       1.516502029074178
       1.515374017925096
       1.514158128936714
       1.512854761371946
       1.511464328221375
       1.509987256057887
       1.508423984887894
       1.506774967999195
       1.505040671805624
       1.503221575688618
       1.501318171835736
       1.499330965076192
       1.497260472713749
         1.4951072243567
       1.492871761745379
       1.490554638577156
       1.488156420328981
        1.48567768407773
        1.48311901831828
       1.480481022779591
       1.477764308238786
        1.47496949633339
       1.472097219371828
       1.469148120142175
       1.466122851719525
       1.463022077271849
       1.459846469864527
       1.456596712263633
       1.453273496738121
       1.449877524861078
       1.446409507309887
       1.442870163665749
       1.439260222212336
       1.435580419733999
       1.431831501313324
       1.428014220128287
       1.424129337249217
        1.42017762143533
       1.416159848931315
       1.412076803263713
       1.407929275037446
       1.403718061732512
       1.399443967500784
       1.395107802963239
       1.390710385007478
       1.386252536585796
       1.381735086513798
       1.377158869269615
       1.372524724793868
       1.367833498290399
       1.363086040027877
        1.35828320514236
        1.35342585344081
       1.348514849205756
       1.343551061000967
       1.338535361478475
        1.33346862718683
       1.328351738380529
       1.323185578831047
       1.317971035639199
       1.312708999048984
        1.30740036226301
       1.302046021259475
       1.296646874610857
       1.291203823304255
       1.285717770563383
       1.280189621672554
       1.274620283802249
       1.269010665836673
       1.263361678203161
       1.257674232703496
       1.251949242347173
       1.246187621186735
       1.240390284154992
        1.23455814690432
       1.228692125648108
        1.22279313700413
       1.216862097840153
       1.210899925121582
       1.204907535761265
       1.198885846471479
       1.192835773617959
       1.186758233076278
       1.180654140090247
       1.174524409132606
        1.16836995376778
       1.162191686516929
       1.155990518725188
       1.149767360431056
       1.143523120237991
       1.137258705188178
       1.130975020638555
       1.124672970138845
       1.118353455311949
       1.112017375736381
       1.105665628830848
       1.099299109741038
       1.092918711228413
       1.086525323561251
       1.080119834407669
       1.073703128730728
       1.067276088685654
       1.060839593519006
       1.054394519469971
       1.047941739673498
       1.041482124065571
       1.035016539290306
        1.02854584860904
       1.022070911811303
       1.015592585127589
       1.009111721144143
       1.002629168719411
      0.9961457729024057
       0.989662374852645
      0.9831798117621391
      0.9766989167788137
      0.9702205189317022
      0.9637454430579088
       0.957274509730981
      0.9508085351910777
      0.9443483312765794
      0.9378947053573033
      0.9314484602691521
      0.9250103942503476
      0.9185813008789698
      0.9121619690120814
      0.9057531827260724
      0.8993557212585154
      0.8929703589512141
      0.8865978651946675
      0.8802390043737267
       0.873894535814546
      0.8675652137327274
      0.8612517871826402
      0.8549550000079214
      0.8486755907931128
      0.8424142928163847
       0.836171834003365
      0.8299489368819776
       0.823746318538363
      0.8175646905738176
      0.8114047590626127
      0.8052672245108669
      0.7991527818163378
      0.7930621202290725
      0.7869959233130306
      0.7809548689084725
       0.774939629095303
      0.7689508701571529
      0.7629892525463294
       0.757055430849504
      0.7511500537542265
      0.7452737640161247
      0.7394271984269313
      0.7336109877831091
      0.7278257568552976
      0.7220721243583559
      0.7163507029221376
      0.7106620990628996
      0.7050069131553397
      0.6993857394052991
      0.6937991658230933
      0.6882477741973917
      0.6827321400697343
      0.6772528327096701
      0.6718104150903776
      0.6664054438649685
      0.6610384693432161
      0.6557100354689539
      0.6504206797979365
      0.6451709334762974
      0.6399613212194566
      0.6347923612916198
      0.6296645654856919
      0.6245784391038582
      0.6195344809385035
      0.6145331832537134
      0.6095750317672508
      0.6046605056330242
      0.5997900774240232
       0.594964213115746
       0.590183372070115
      0.5854480070198388
      0.5807585640532616
      0.5761154825996799
      0.5715191954151035
      0.5669701285685426
      0.5624687014287008
      0.5580153266511236
      0.5536104101658466
      0.5492543511654654
      0.5449475420937249
      0.5406903686344811
      0.5364832097011846
      0.5323264374267752
      0.5282204171540984
      0.5241655074267036
      0.5201620599801423
      0.5162104197337262
      0.5123109247826988
       0.508463906390937
      0.5046696889840624
      0.5009285901429835
      0.4972409205979755
      0.4936069842231672
      0.4900270780314899
      0.4865014921701191
      0.4830305099163457
      0.4796144076739451
      0.4762534549699717
      0.4729479144520419
      0.4696980418860938
      0.4665040861546072
      0.4633662892552687
      0.4602848863001636
      0.4572601055153612
      0.4542921682410579
      0.4513812889321109
      0.4485276751591331
       0.445731527609966
      0.4429930400917246
      0.4403123995332553
      0.4376897859880821
      0.4351253726378707
       0.432619325796322
      0.4301718049135775
      0.4277829625810969
      0.4254529445370093
      0.4231818896719702
      0.4209699300354677
      0.4188171908426505
      0.4167237904816097
      0.4146898405211448
      0.4127154457190518
      0.4108007040308306
        0.40894570661895
      0.4071505378625307
      0.4054152753675525
      0.4037399899775391
      0.4021247457847073
      0.4005696001416231
      0.3990746036733165
      0.3976398002899099
      0.3962652271996729
      0.3949509149226072
      0.3936968873045087
      0.3925031615314468
      0.3913697481447905
      0.3902966510566805
      0.3892838675659459
      0.3883313883745382
      0.3874391976044205
      0.3866072728148869
      0.3858355850204019
       0.385124098708865
      0.3844727718603384
      0.3838815559662662
      0.3833503960490875
      0.3828792306823582
       0.382467992011303
      0.3821166057737972
      0.3818249913218171
      0.3815930616433128
      0.3814207233845374
      0.3813078768727877
      0.3812544161395774
      0.3812602289442605
      0.3813251967980502
      0.3814491949884715
      0.3816320926042345
      0.3818737525604893
      0.3821740316245288
      0.3825327804418629
      0.3829498435627074
      0.3834250594688738
      0.3839582606010248
      0.3845492733863371
      0.3851979182665383
      0.3859040097263284
      0.3866673563221704
      0.3874877607114379
      0.3883650196819396
      0.3892989241818096
      0.3902892593497365
       0.391335804545554
      0.3924383333811683
      0.3935966137518373
      0.3948104078677771
      0.3960794722861081
        0.39740355794313
      0.3987824101869014
      0.4002157688101789
      0.4017033680836233
      0.4032449367893529
      0.4048401982547777
      0.4064888703867527
      0.4081906657060252
      0.4099452913819691
      0.4117524492676167
       0.413611835934981
      0.4155231427106302
      0.4174860557115865
      0.4195002558814681
      0.4215654190269089
      0.4236812158542504
      0.4258473120065033
      0.4280633681005466
      0.4303290397646188
      0.4326439776760455
      0.4350078275992095
       0.437420230423804
      0.4398808222032966
      0.4423892341936617
      0.4449450928923575
      0.4475480200775226
      0.4501976328474248
      0.4528935436601637
      0.4556353603735757
      0.4584226862853976
      0.4612551201736575
       0.464132256337284
      0.4670536846369788
      0.4700189905362719
      0.4730277551428554
      0.4760795552501049
       0.479173963378857
       0.482310547819404
      0.4854888726737376
      0.4887084978979591
      0.4919689793450162
       0.495269868807565
      0.4986107140611732
      0.5019910589076432
       0.505410443218665
      0.5088684029796282
      0.5123644703337419
      0.5158981736263176
        0.51946903744935
      0.5230765826863181
      0.5267203265572347
      0.5303997826639464
      0.5341144610356713
      0.5378638681748038
      0.5416475071029812
      0.5454648774073838
       0.549315475287339
      0.5531987936011572
      0.5571143219132622
       0.561061546541592
      0.5650399506052374
      0.5690490140724712
      0.5730882138089642
       0.577157023626343
      0.5812549143310356
      0.5853813537734361
      0.5895358068973469
      0.5937177357897787
      0.5979265997310873
       0.602161855245352
      0.6064229561511691
      0.6107093536127725
       0.615020496191478
      0.6193558298974964
      0.6237147982421016
       0.628096842290188
       0.632501400713162
      0.6369279098422281
      0.6413758037221222
      0.6458445141651288
      0.6503334708056043
      0.6548421011548237
      0.6593698306563356
      0.6639160827416598
      0.6684802788864391
      0.6730618386670564
      0.6776601798176739
      0.6822747182877118
      0.6869048682998238
       0.691550042408298
      0.6962096515579432
      0.7008831051434733
      0.7055698110693406
      0.7102691758100993
      0.7149806044712463
       0.719703500850559
        0.72443726749995
      0.7291813057878409
      0.7339350159620538
      0.7386977972132008
      0.7434690477386827
      0.7482481648070853
      0.7530345448232517
      0.7578275833937995
      0.7626266753932411
      0.7674312150306224
      0.7722405959166673
      0.7770542111315789
      0.7818714532932861
      0.7866917146263105
      0.7915143870311488
      0.7963388621542223
      0.8011645314583761
      0.8059907862939357
      0.8108170179702845
      0.8156426178280249
      0.8204669773116633
      0.8252894880428312
      0.8301095418940609
        0.83492653106306
      0.8397398481475304
      0.8445488862205076
      0.8493530389062205
      0.8541517004564381
      0.8589442658273102
      0.8637301307567041
       0.868508691842042
      0.8732793466185726
      0.8780414936380965
       0.882794532548194
        0.88753786417181
      0.8922708905873367
      0.8969930152090284
      0.9017036428678615
      0.9064021798927767
      0.9110880341922477
      0.9157606153362491
      0.9204193346384953
      0.9250636052390536
      0.9296928421871901
      0.9343064625245722
      0.9389038853686539
      0.9434845319963788
      0.9480478259279941
      0.9525931930112103
      0.9571200615054001
      0.9616278621660446
       0.966116028329298
      0.9705839959966194
      0.9750312039195557
      0.9794570936845671
      0.9838611097978753
      0.9882426997703846
       0.992601314202559
      0.9969364068692681
        1.00124743480462
       1.005533858386648
       1.009795141421978
       1.014030751230334
       1.018240158728845
       1.022422838516232
       1.026578268956748
        1.03070593226396
        1.03480531458417
        1.03887590607965
       1.042917201011457
        1.04692869782207
       1.050909899217489
       1.054860312249071
       1.058779448394907
       1.062666823640756
       1.066521958560502
       1.070344378396209
       1.074133613137453
       1.077889197600354
       1.081610671505868
       1.085297579557569
       1.088949471518719
       1.092565902288777
       1.096146431979258
       1.099690625988733
       1.103198055077316
       1.106668295440197
       1.110100928780594
       1.113495542381749
       1.116851729178259
       1.120169087826356
       1.123447222773517
       1.126685744327039
       1.129884268721765
        1.13304241818688
       1.136159821011666
       1.139236111610371
       1.142270930585944
        1.14526392479285
       1.148214747398766
       1.151123057945187
       1.153988522406992
       1.156810813250826
       1.159589609492356
       1.162324596752334
       1.165015467311511
       1.167661920164353
       1.170263661071409
       1.172820402610608
       1.175331864227044
       1.177797772281777
       1.180217860098994
        1.18259186801201
       1.184919543407933
       1.187200640770854
       1.189434921723715
        1.19162215506866
       1.193762116826125
       1.195854590272295
       1.197899365975172
       1.199896241829174
       1.201845023088176
       1.203745522397001
       1.205597559821451
         1.2074009628767
       1.209155566554126
       1.210861213346614
        1.21251775327214
        1.21412504389575
       1.215682950349995
       1.217191345353634
       1.218650109228588
       1.220059129915392
       1.221418302986809
       1.222727531659792
       1.223986726805711
        1.22519580695881
       1.226354698323062
       1.227463334777064
       1.228521657877379
       1.229529616859936
       1.230487168639809
       1.231394277809068
       1.232250916632955
       1.233057065044258
       1.233812710635771
       1.234517848651171
        1.23517248197389
       1.235776621114302
       1.236330284195052
       1.236833496934668
       1.237286292629322
       1.237688712132778
       1.238040803834611
       1.238342623636595
       1.238594234927385
       1.238795708555386
       1.238947122799843
       1.239048563340248
       1.239100123224006
       1.239101902832333
       1.239054009844489
       1.238956559200339
       1.238809673061226
       1.238613480769153
       1.238368118804438
       1.238073730741534
        1.23773046720358
       1.237338485815103
       1.236897951153289
       1.236409034697771
       1.235871914778839
       1.235286776524199
       1.234653811804372
       1.233973219176605
        1.23324520382738
       1.232469977513686
       1.231647758502885
       1.230778771511248
       1.229863247641385
       1.228901424318377
       1.227893545224718
       1.226839860234097
       1.225740625344132
       1.224596102608007
       1.223406560065014
       1.222172271670267
       1.220893517223214
       1.219570582295427
       1.218203758157453
       1.216793341704733
       1.215339635382938
       1.213842947112278
       1.212303590211233
        1.21072188331963
        1.20909815032098
       1.207432720264261
       1.205725927285118
       1.203978110526524
       1.202189614059013
       1.200360786800346
       1.198491982434901
       1.196583559332532
       1.194635880467232
       1.192649313335393
       1.190624229873835
       1.188561006377583
       1.186460023417447
        1.18432166575745
       1.182146322272101
       1.179934385863528
       1.177686253378632
       1.175402325526141
       1.173083006793558
       1.170728705364265
       1.168339833034654
       1.165916805131227
       1.163460040427796
       1.160969961062909
       1.158446992457303
       1.155891563231606
       1.153304105124028
       1.150685052908537
       1.148034844312984
       1.145353919937656
        1.14264272317397
       1.139901700123482
       1.137131299517121
       1.134331972634815
       1.131504173225348
       1.128648357426538
       1.125764983685773
       1.122854512680946
       1.119917407241592
       1.116954132270473
       1.113965154665588
       1.110950943242424
       1.107911968656708
       1.104848703327415
       1.101761621360265
       1.098651198471645
       1.095517911912754
       1.092362240394377
       1.089184664011844
        1.08598566417053
       1.082765723511733
       1.079525325838964
       1.076264956044589
       1.072985100036923
        1.06968624466777
        1.06636887766033
       1.063033487537465
       1.059680563550558
        1.05631059560853
        1.05292407420746
       1.049521490360555
       1.046103335528534
        1.04267010155042
       1.039222280574775
       1.035760364991249
       1.032284847362746
       1.028796220357757
       1.025294976683328
       1.021781609018278
       1.018256609947019
       1.014720471893613
       1.011173687056371
       1.007616747342848
       1.004050144305328
       1.000474369076628
      0.9968899123064361
       0.993297264098125
      0.9896969139458893
      0.9860893506724978
      0.9824750623673404
      0.9788545363251092
      0.9752282589848276
      0.9715967158694745
      0.9679603915260042
      0.9643197694658519
      0.9606753321060714
      0.9570275607108573
      0.9533769353336722
      0.9497239347598393
      0.9460690364497029
      0.9424127164823937
       0.938755449500034
      0.9350977086526674
      0.9314399655435707
      0.9277826901753552
      0.9241263508965093
      0.9204714143486455
      0.9168183454143236
      0.9131676071654992
      0.9095196608126469
      0.9058749656544578
      0.9022339790282708
      0.8985971562611271
      0.8949649506214943
      0.8913378132717223
      0.8877161932211248
      0.8841005372798167
      0.8804912900132298
      0.8768888936973473
      0.8732937882746625
      0.8697064113109049
      0.8661271979524517
      0.8625565808844774
      0.8589949902899124
      0.8554428538091137
      0.8519005965002872
      0.8483686408006695
      0.8448474064884705
        0.84133731064564
       0.837838767621352
      0.8343521889962158
      0.8308779835473288
      0.8274165572140918
      0.8239683130647596
      0.8205336512637558
      0.8171129690397819
      0.8137066606546955
      0.8103151173730907
