                       0
   4.996626666666671e-05
    0.000199726943194471
   0.0004490676792425724
   0.0007977646047697435
    0.001245584371416183
    0.001792284194744956
    0.002437611897333749
    0.003181305952706625
    0.004023095530094412
    0.004962700540011383
    0.005999831680634806
    0.007134190484973103
    0.008365469368807131
    0.009693351679388403
     0.01111751174487692
     0.01263761492450034
     0.01425331765941548
     0.01596426752425203
     0.01777010327931757
      0.0196704549234422
     0.02166494374743996
     0.02375318238816412
      0.0259347748831315
     0.02820931672569154
     0.03057639492071418
     0.03303558804077028
     0.03558646628277776
     0.03822859152508589
     0.04096151738496988
     0.04378478927650675
     0.04669794446880413
     0.04970051214455184
     0.05279201345886732
     0.05597196159840389
     0.05923986184069233
     0.06259521161368468
      0.0660375005554701
     0.06956621057413115
     0.07318081590771124
     0.07688078318426038
     0.08066557148193071
     0.08453463238908995
     0.08848741006442312
     0.09252334129699216
     0.09664185556622372
      0.1008423751017973
      0.1051243149434024
      0.1094870830003397
      0.1139300801109351
      0.1184527001017432
      0.1230543298465121
      0.1277343493248837
      0.1324921316808069
       0.137327043280639
      0.1422384437709118
      0.1472256861357428
      0.1522881167538698
      0.1574250754552907
      0.1626358955774881
      0.1679199040212243
      0.1732764213058916
      0.1787047616244006
      0.1842042328975969
      0.1897741368281943
      0.1954137689542121
      0.2011224187019141
      0.2068993694382353
      0.2127438985226968
      0.2186552773588041
      0.2246327714449252
      0.2306756404246498
      0.2367831381366331
      0.2429545126639222
      0.2491890063827768
      0.2554858560109853
      0.2618442926556876
      0.2682635418607169
      0.2747428236534641
      0.2812813525912921
       0.287878337807501
      0.2945329830568738
      0.3012444867608104
      0.3080120420520815
      0.3148348368192151
      0.3217120537505453
      0.3286428703779484
      0.3356264591202897
      0.3426619873266145
      0.3497486173191101
      0.3568855064358727
      0.3640718070735104
      0.3713066667296184
      0.3785892280451613
      0.3859186288468009
      0.3932940021892062
      0.4007144763973877
      0.4081791751090926
      0.4156872173173095
      0.4232377174129181
      0.4308297852275328
      0.4384625260765838
        0.44613504080268
      0.4538464258193034
      0.4615957731548769
      0.4693821704972604
      0.4772047012387163
      0.4850624445213975
      0.4929544752834105
      0.5008798643054928
      0.5088376782583698
      0.5168269797508254
      0.5248468273785513
      0.5328962757738156
      0.5409743756560067
      0.5490801738831035
      0.5572127135041184
      0.5653710338125686
      0.5735541704010237
      0.5817611552167797
      0.5899910166187103
      0.5982427794353439
      0.6065154650242168
      0.6148080913325511
      0.6231196729593004
       0.631449221218622
       0.639795744204808
      0.6481582468587338
      0.6565357310358628
      0.6649271955758498
      0.6733316363737952
      0.6817480464531858
      0.6901754160405629
      0.6986127326419633
      0.7070589811211714
      0.7155131437798192
      0.7239742004393718
       0.732441128525036
      0.7409129031516284
      0.7493884972114321
      0.7578668814640773
      0.7663470246284776
       0.774827893476854
      0.7833084529308623
      0.7917876661598721
      0.8002644946814023
      0.8087378984637471
      0.8172068360308185
      0.8256702645692133
       0.834127140037537
      0.8425764172779914
      0.8510170501302521
      0.8594479915476403
      0.8678681937156076
      0.8762766081725412
      0.8846721859329009
      0.8930538776126917
       0.901420633557279
      0.9097714039715522
      0.9181051390524329
      0.9264207891237299
      0.9347173047733386
      0.9429936369927783
      0.9512487373190667
      0.9594815579789152
      0.9676910520352349
      0.9758761735359527
      0.9840358776651017
      0.9921691208961881
       1.000274861147806
       1.008352057941481
       1.016399672561711
       1.024416668218198
       1.032402010210216
        1.04035466609311
       1.048273605846876
       1.056157802046793
       1.064006230036064
       1.071817868100442
       1.079591697644779
       1.087326703371463
        1.09502187346069
        1.10267619975254
       1.110288677930775
       1.117858307708326
       1.125384093014405
       1.132865042183188
       1.140300168143995
       1.147688488612913
         1.1550290262858
       1.162320809032574
       1.169562870092754
       1.176754248272146
       1.183893988140615
       1.190981140230862
       1.198014761238107
       1.204993914220634
       1.211917668801061
       1.218785101368288
       1.225595295280018
       1.232347341065746
       1.239040336630143
       1.245673387456726
       1.252245606811705
       1.258756115947944
       1.265204044308875
       1.271588529732318
       1.277908718654058
       1.284163766311104
       1.290352836944484
       1.296475104001509
       1.302529750337345
       1.308515968415821
       1.314432960509342
       1.320279938897767
       1.326056126066186
        1.33176075490143
        1.33739306888722
       1.342952322297829
       1.348437780390138
       1.353848719593963
       1.359184427700538
       1.364444204049026
       1.369627359710934
       1.374733217672332
       1.379761113013726
       1.384710393087488
       1.389580417692716
       1.394370559247391
       1.399080202957741
       1.403708746984672
       1.408255602607155
       1.412720194382456
       1.417101960303108
       1.421400351950483
       1.425614834644883
       1.429744887592026
        1.43379000402583
       1.437749691347375
       1.441623471259967
       1.445410879900171
        1.44911146796475
       1.452724800833386
       1.456250458687117
       1.459688036622379
       1.463037144760579
       1.466297408353118
       1.469468467881778
       1.472549979154405
       1.475541613395798
       1.478443057333763
       1.481254013280243
        1.48397419920747
       1.486603348819084
       1.489141211616164
       1.491587552958116
       1.493942154118386
       1.496204812334929
       1.498375340855437
       1.500453568977246
       1.502439342081936
       1.504332521664566
       1.506132985357538
       1.507840626949089
       1.509455356396354
       1.510977099833046
       1.512405799571708
       1.513741414100565
       1.514983918074963
       1.516133302303413
       1.517189573728255
       1.518152755400959
       1.519022886452074
       1.519800022055878
       1.520484233389722
        1.52107560758814
       1.521574247691736
       1.521980272590901
       1.522293816964413
       1.522515031212954
       1.522644081387603
       1.522681149113378
       1.522626431507864
       1.522480141094996
       1.522242505714088
       1.521913768424138
       1.521494187403521
        1.52098403584512
       1.520383601846992
       1.519693188298632
       1.518913112762943
       1.518043707353981
       1.517085318610572
       1.516038307365887
       1.514903048613089
       1.513679931367113
       1.512369358522712
       1.510971746708851
       1.509487526139548
       1.507917140461277
       1.506261046597026
       1.504519714587127
       1.502693627426951
        1.50078328090159
       1.498789183417626
       1.496711855832102
       1.494551831278797
       1.492309654991923
       1.489985884127363
       1.487581087581539
       1.485095845808047
       1.482530750632149
       1.479886405063256
       1.477163423105497
       1.474362429566489
        1.47148405986443
       1.468528959833606
       1.465497785528447
       1.462391203026222
       1.459209888228495
       1.455954526661442
       1.452625813275132
       1.449224452241911
       1.445751156753945
       1.442206648820062
       1.438591659061991
       1.434906926510089
       1.431153198398667
       1.427331229961013
       1.423441784224202
       1.419485631803807
       1.415463550698584
       1.411376326085239
       1.407224750113372
       1.403009621700672
       1.398731746328469
       1.394391935837717
       1.389991008225498
       1.385529787442128
       1.381009103188955
       1.376429790716909
       1.371792690625899
       1.367098648665126
       1.362348515534378
       1.357543146686395
       1.352683402130351
       1.347770146236545
        1.34280424754233
       1.337786578559389
       1.332718015582381
       1.327599438499027
       1.322431730601696
        1.31721577840055
       1.311952471438278
       1.306642702106495
       1.301287365463832
        1.29588735905578
       1.290443582736318
       1.284956938491366
       1.279428330264123
       1.273858663782289
       1.268248846387243
       1.262599786865187
       1.256912395280284
       1.251187582809848
       1.245426261581564
       1.239629344512815
       1.233797745152082
         1.2279323775225
       1.222034155967524
        1.21610399499877
       1.210142809146019
       1.204151512809407
       1.198131020113802
       1.192082244765384
       1.186006099910439
       1.179903497996358
        1.17377535063485
       1.167622568467374
       1.161446061032788
       1.155246736637207
       1.149025502226077
       1.142783263258446
       1.136520923583438
       1.130239385318918
       1.123939548732326
        1.11762231212369
       1.111288571710795
       1.104939221516481
       1.098575153258083
       1.092197256238972
       1.085806417242194
       1.079403520426183
       1.072989447222524
       1.066565076235757
       1.060131283145188
       1.053688940608696
       1.047238918168497
       1.040782082158866
       1.034319295615763
       1.027851418188356
       1.021379306052413
       1.014903811825525
       1.008425784484154
        1.00194606928245
      0.9954655076728334
      0.9889849372282955
      0.9825051915664105
      0.9760271002750018
      0.9695514888394494
      0.9630791785716156
      0.9566109865403344
      0.9501477255034646
      0.9436902038414487
      0.9372392254923674
      0.9307955898884481
      0.9243600918940044
      0.9179335217447675
      0.9115166649885945
      0.9051103024275028
      0.8987152100610252
      0.8923321590308323
      0.8859619155666144
      0.8796052409331792
      0.8732628913787434
      0.8669356180843908
      0.8606241671146655
      0.8543292793692753
      0.8480516905358799
      0.8417921310439344
      0.8355513260195639
      0.8293299952414448
      0.8231288530976653
      0.8169486085435463
      0.8107899650603915
      0.8046536206151456
      0.7985402676209481
      0.7924505928985436
      0.7863852776385415
       0.780344997364496
      0.7743304218967924
      0.7683422153173129
      0.7623810359348716
      0.7564475362513926
      0.7505423629288197
       0.744666156756735
      0.7388195526206773
      0.7330031794711354
        0.72721766029321
      0.7214636120769227
      0.7157416457881643
      0.7100523663402636
      0.7043963725661667
      0.6987742571912142
      0.6931866068065088
       0.687634001842851
      0.6821170165452447
      0.6766362189479602
      0.6711921708501363
       0.665785427791926
       0.660416539031164
      0.6550860475205622
      0.6497944898854132
      0.6445423964018042
       0.639330290975328
      0.6341586911202906
      0.6290281079394016
      0.6239390461039593
      0.6188920038345029
      0.6138874728819449
      0.6089259385091728
       0.604007879473117
       0.599133768007283
      0.5943040698047416
      0.5895192440015805
      0.5847797431608078
      0.5800860132567092
      0.5754384936596593
      0.5708376171213779
       0.566283809760641
      0.5617774910494346
      0.5573190737995556
      0.5529089641496597
      0.5485475615527543
      0.5442352587641385
      0.5399724418297834
      0.5357594900751627
      0.5315967760945239
      0.5274846657406107
      0.5234235181148252
      0.5194136855578426
      0.5154555136406689
      0.5115493411561483
      0.5076955001109216
      0.5038943157178327
       0.500146106388785
      0.4964511837280535
      0.4928098525260485
      0.4892224107535326
      0.4856891495562969
      0.4822103532502922
      0.4787862993172205
      0.4754172584005845
      0.4721034943021995
      0.4688452639791699
      0.4656428175413285
        0.46249639824914
      0.4594062425120769
      0.4563725798874572
      0.4533956330797579
      0.4504756179403965
      0.4476127434679877
      0.4448072118090713
      0.4420592182593193
      0.4393689512652165
      0.4367365924262201
      0.4341623164973997
      0.4316462913925557
      0.4291886781878201
      0.4267896311257394
      0.4244492976198395
      0.4221678182596779
      0.4199453268163768
      0.4177819502486458
      0.4156778087092874
      0.4136330155521913
      0.4116476773398173
      0.4097218938511615
      0.4078557580902164
      0.4060493562949137
       0.404302767946559
      0.4026160657797539
      0.4009893157928051
      0.3994225772586237
      0.3979159027361087
      0.3964693380820225
       0.395082922463347
       0.393756688370131
      0.3924906616288204
      0.3912848614160708
      0.3901393002730463
      0.3890539841201995
      0.3880289122725295
      0.3870640774553222
       0.386159465820368
      0.3853150569626521
      0.3845308239375239
      0.3838067332783335
      0.3831427450145424
      0.3825388126903008
      0.3819948833834882
      0.3815108977252205
      0.3810867899198166
       0.380722487765221
      0.3804179126738847
      0.3801729796940948
      0.3799875975317568
      0.3798616685726197
      0.3797950889049447
      0.3797877483426146
       0.379839530448677
       0.379950312559321
      0.3801199658082828
      0.3803483551516735
      0.3806353393932316
      0.3809807712099895
      0.3813844971783542
      0.3818463578005976
      0.3823661875317498
      0.3829438148068936
      0.3835790620688559
      0.3842717457962899
      0.3850216765321461
      0.3858286589125245
      0.3866924916959064
      0.3876129677927605
      0.3885898742955185
      0.3896229925089146
      0.3907120979806859
      0.3918569605326297
      0.3930573442920097
      0.3943130077233112
      0.3956237036603369
      0.3969891793386398
       0.398409176428291
      0.3998834310669738
      0.4014116738934025
      0.4029936300810607
      0.4046290193722543
      0.4063175561124759
      0.4080589492850745
      0.4098529025462272
      0.4116991142602109
      0.4135972775349642
      0.4155470802579417
      0.4175482051322526
      0.4196003297130823
      0.4217031264443895
      0.4238562626958809
      0.4260594008002532
      0.4283121980907037
      0.4306143069387052
      0.4329653747920387
      0.4353650442130862
      0.4378129529173742
      0.4403087338123713
      0.4428520150365318
      0.4454424199985849
      0.4480795674170668
      0.4507630713600947
      0.4534925412853758
      0.4562675820804549
      0.4590877941031942
      0.4619527732224842
      0.4648621108591882
      0.4678153940273111
      0.4708122053753984
      0.4738521232281594
       0.476934721628316
      0.4800595703786751
      0.4832262350844255
      0.4864342771956543
      0.4896832540500889
      0.4929727189160571
      0.4963022210356757
      0.4996713056682529
      0.5030795141339199
      0.5065263838574816
      0.5100114484124941
      0.5135342375655634
      0.5170942773208734
      0.5206910899649395
      0.5243241941115927
      0.5279931047471903
      0.5316973332760644
      0.5354363875662018
       0.539209771995164
      0.5430169874962431
      0.5468575316048646
       0.550730898505236
      0.5546365790772417
      0.5585740609435922
        0.56254282851723
      0.5665423630489987
      0.5705721426755733
      0.5746316424676616
      0.5787203344784793
      0.5828376877925047
      0.5869831685745162
      0.5911562401189207
      0.5953563628993791
      0.5995829946187264
      0.6038355902592047
      0.6081136021330069
      0.6124164799331407
      0.6167436707846174
      0.6210946192959755
       0.625468767611143
      0.6298655554616475
      0.6342844202191781
      0.6387247969485162
       0.643186118460828
      0.6476678153673391
      0.6521693161333908
      0.6566900471328962
      0.6612294327031901
      0.6657868952002929
       0.670361855054592
      0.6749537308269509
      0.6795619392652483
      0.6841858953613671
      0.6888250124086288
      0.6934787020596916
       0.698146374384918
       0.702827437931215
      0.7075212997813641
      0.7122273656138433
      0.7169450397631478
      0.7216737252806251
      0.7264128239958247
      0.7311617365783735
      0.7359198626003821
      0.7406866005993967
      0.7454613481418892
       0.750243501887308
      0.7550324576526871
      0.7598276104778194
      0.7646283546910051
      0.7694340839753731
      0.7742441914357893
      0.7790580696663506
      0.7838751108184698
       0.788694706669554
      0.7935162486922829
       0.798339128124488
      0.8031627360396348
      0.8079864634179059
      0.8128097012178939
      0.8176318404488985
      0.8224522722438293
      0.8272703879327116
      0.8320855791167955
      0.8368972377432666
      0.8417047561805525
      0.8465075272942257
      0.8513049445234907
      0.8560964019582586
      0.8608812944167981
      0.8656590175239557
      0.8704289677899413
       0.875190542689664
      0.8799431407426168
      0.8846861615932919
      0.8894190060921233
      0.8941410763769346
        0.89885177595489
      0.9035505097849293
      0.9082366843606705
      0.9129097077937688
      0.9175689898977115
       0.922213942272035
      0.9268439783869422
      0.9314585136683085
      0.9360569655830441
      0.9406387537248071
      0.9452032999000284
      0.9497500282142474
      0.9542783651587123
      0.9587877396972412
      0.9632775833533054
      0.9677473302973154
      0.9721964174340835
       0.976624284490435
      0.9810303741029398
      0.9854141319057377
      0.9897750066184294
      0.9941124501339955
      0.9984259176067294
       1.002714867540135
       1.006978761874775
       1.011217066076026
       1.015429249221713
       1.019614784089588
       1.023773147244629
       1.027903819126118
       1.032006284134453
         1.0360800307177
       1.040124551457792
       1.044139343156399
       1.048123906920392
       1.052077748246893
        1.05600037710786
       1.059891308034179
       1.063750060199229
       1.067576157501891
       1.071369128648942
       1.075128507236834
       1.078853831832798
       1.082544646055252
       1.086200498653462
       1.089820943586454
       1.093405540101108
       1.096953852809422
       1.100465451764909
       1.103939912538088
       1.107376816291051
       1.110775749851058
        1.11413630578314
       1.117458082461671
       1.120740684140892
       1.123983721024338
        1.12718680933316
       1.130349571373295
       1.133471635601469
       1.136552636690005
       1.139592215590392
       1.142590019595619
       1.145545702401223
        1.14845892416504
       1.151329351565625
       1.154156657859338
       1.156940522936045
       1.159680633373435
       1.162376682489928
       1.165028370396146
        1.16763540404493
       1.170197497279901
       1.172714370882513
       1.175185752617627
       1.177611377277545
       1.179990986724516
         1.1823243299317
       1.184611163022554
       1.186851249308662
       1.189044359325958
       1.191190270869364
       1.193288769025819
       1.195339646205677
       1.197342702172492
       1.199297744071167
       1.201204586454451
       1.203063051307794
       1.204872968072551
       1.206634173667517
       1.208346512508816
       1.210009836528103
        1.21162400518911
        1.21318888550252
       1.214704352039164
       1.216170286941546
       1.217586579933701
       1.218953128329372
       1.220269837038528
       1.221536618572206
       1.222753393045683
       1.223920088180005
       1.225036639301835
       1.226102989341673
       1.227119088830405
       1.228084895894228
       1.229000376247931
       1.229865503186555
       1.230680257575431
         1.2314446278386
       1.232158609945649
       1.232822207396931
       1.233435431207225
       1.233998299887804
       1.234510839426959
       1.234973083268966
       1.235385072291513
       1.235746854781613
       1.236058486409993
       1.236320030204003
       1.236531556519025
       1.236693143008422
       1.236804874592037
       1.236866843423246
         1.2368791488546
       1.236841897402049
       1.236755202707791
       1.236619185501751
       1.236433973561687
       1.236199701671993
       1.235916511581151
       1.235584551957924
       1.235203978346233
        1.23477495311881
       1.234297645429593
       1.233772231164903
       1.233198892893437
       1.232577819815078
        1.23190920770855
       1.231193258877939
       1.230430182098111
       1.229620192559032
       1.228763511809025
       1.227860367696988
       1.226910994313587
       1.225915631931448
       1.224874526944382
       1.223787931805649
       1.222656104965307
       1.221479310806641
        1.22025781958173
       1.218991907346142
       1.217681855892797
       1.216327952685034
       1.214930490788879
       1.213489768804562
       1.212006090797292
       1.210479766227314
       1.208911109879289
       1.207300441791001
       1.205648087181422
       1.203954376378163
       1.202219644744325
       1.200444232604788
       1.198628485171946
       1.196772752470913
       1.194877389264241
        1.19294275497615
       1.190969213616301
       1.188957133703141
        1.18690688818683
       1.184818854371786
       1.182693413838855
       1.180530952367135
       1.178331859855481
       1.176096530243694
       1.173825361433439
       1.171518755208885
       1.169177117157109
       1.166800856588278
       1.164390386455618
       1.161946123275198
       1.159468487045555
       1.156957901167156
       1.154414792361745
       1.151839590591556
       1.149232728978454
       1.146594643722971
        1.14392577402331
       1.141226561994272
       1.138497452586179
       1.135738893503768
       1.132951335125098
       1.130135230420464
       1.127291034871356
       1.124419206389456
       1.121520205235708
       1.118594493939455
       1.115642537217673
       1.112664801894312
       1.109661756819756
       1.106633872790417
       1.103581622468473
       1.100505480301769
       1.097405922443902
       1.094283426674471
       1.091138472319561
       1.087971540172402
       1.084783112414292
        1.08157367253574
       1.078343705257863
       1.075093696454061
       1.071824133071959
       1.068535503055651
       1.065228295268248
       1.061902999414738
       1.058560105965191
       1.055200106078297
        1.05182349152527
       1.048430754614122
       1.045022388114323
       1.041598885181858
       1.038160739284702
       1.034708444128712
       1.031242493583968
       1.027763381611563
       1.024271602190861
       1.020767649247237
       1.017252016580316
       1.013725197792716
       1.010187686219316
       1.006639974857068
       1.003082556295356
      0.9995159226469221
      0.9959405654793749
      0.9923569757472961
      0.9887656437249506
      0.9851670589396269
       0.981561710105608
      0.9779500850588065
      0.9743326706920532
      0.9707099528910796
      0.9670824164711829
      0.9634505451146016
      0.9598148213086248
      0.9561757262844155
      0.9525337399566041
      0.9488893408636265
      0.9452430061088418
      0.9415952113024416
      0.9379464305041465
      0.9342971361667219
      0.9306477990803057
      0.9269988883175797
      0.9233508711797698
      0.9197042131435077
      0.9160593778085522
      0.9124168268463786
      0.9087770199496512
      0.9051404147825769
      0.9015074669321603
      0.8978786298603526
       0.894254354857112
      0.8906350909943768
      0.8870212850809507
      0.8834133816183147
      0.8798118227573588
      0.8762170482560432
      0.8726294954379866
      0.8690495991519874
       0.865477791732471
      0.8619145029608672
      0.8583601600279194
      0.8548151874969171
      0.8512800072678512
       0.847755038542491
      0.8442406977903727
      0.8407373987157037
      0.8372455522251676
      0.8337655663966229
      0.8302978464486934
      0.8268427947112426
      0.8234008105967134
      0.8199722905723319
      0.8165576281331607
      0.8131572137759939
      0.8097714349740737
