0 0 0 
1 4.99663e-05 7.76884e-06 
2 0.000199727 3.14403e-05 
3 0.000449068 7.17484e-05 
4 0.000797765 0.000129414 
5 0.00124558 0.000205147 
6 0.00179228 0.000299642 
7 0.00243761 0.000413579 
8 0.00318131 0.000547627 
9 0.0040231 0.000702437 
10 0.0049627 0.000878648 
11 0.00599983 0.00107688 
12 0.00713419 0.00129774 
13 0.00836547 0.00154182 
14 0.00969335 0.00180969 
15 0.0111175 0.0021019 
16 0.0126376 0.002419 
17 0.0142533 0.00276151 
18 0.0159643 0.00312993 
19 0.0177701 0.00352475 
20 0.0196705 0.00394642 
21 0.0216649 0.00439541 
22 0.0237532 0.00487214 
23 0.0259348 0.00537702 
24 0.0282093 0.00591044 
25 0.0305764 0.00647276 
26 0.0330356 0.00706435 
27 0.0355865 0.00768553 
28 0.0382286 0.00833661 
29 0.0409615 0.00901789 
30 0.0437848 0.00972963 
31 0.0466979 0.0104721 
32 0.0497005 0.0112455 
33 0.052792 0.01205 
34 0.055972 0.0128859 
35 0.0592399 0.0137533 
36 0.0625952 0.0146523 
37 0.0660375 0.0155831 
38 0.0695662 0.0165458 
39 0.0731808 0.0175404 
40 0.0768808 0.0185671 
41 0.0806656 0.0196258 
42 0.0845346 0.0207166 
43 0.0884874 0.0218395 
44 0.0925233 0.0229945 
45 0.0966419 0.0241815 
46 0.100842 0.0254004 
47 0.105124 0.0266512 
48 0.109487 0.0279338 
49 0.11393 0.0292481 
50 0.118453 0.0305938 
51 0.123054 0.031971 
52 0.127734 0.0333793 
53 0.132492 0.0348186 
54 0.137327 0.0362886 
55 0.142238 0.0377892 
56 0.147226 0.03932 
57 0.152288 0.0408808 
58 0.157425 0.0424714 
59 0.162636 0.0440913 
60 0.16792 0.0457403 
61 0.173276 0.0474181 
62 0.178705 0.0491242 
63 0.184204 0.0508583 
64 0.189774 0.0526201 
65 0.195414 0.054409 
66 0.201122 0.0562247 
67 0.206899 0.0580668 
68 0.212744 0.0599347 
69 0.218655 0.0618281 
70 0.224633 0.0637465 
71 0.230676 0.0656893 
72 0.236783 0.0676561 
73 0.242955 0.0696463 
74 0.249189 0.0716595 
75 0.255486 0.073695 
76 0.261844 0.0757524 
77 0.268264 0.077831 
78 0.274743 0.0799304 
79 0.281281 0.0820498 
80 0.287878 0.0841888 
81 0.294533 0.0863468 
82 0.301244 0.0885231 
83 0.308012 0.090717 
84 0.314835 0.0929281 
85 0.321712 0.0951557 
86 0.328643 0.0973991 
87 0.335626 0.0996577 
88 0.342662 0.101931 
89 0.349749 0.104218 
90 0.356886 0.106518 
91 0.364072 0.108831 
92 0.371307 0.111156 
93 0.378589 0.113492 
94 0.385919 0.115838 
95 0.393294 0.118195 
96 0.400714 0.120561 
97 0.408179 0.122935 
98 0.415687 0.125317 
99 0.423238 0.127707 
100 0.43083 0.130103 
101 0.438463 0.132505 
102 0.446135 0.134912 
103 0.453846 0.137323 
104 0.461596 0.139739 
105 0.469382 0.142157 
106 0.477205 0.144579 
107 0.485062 0.147002 
108 0.492954 0.149426 
109 0.50088 0.151851 
110 0.508838 0.154275 
111 0.516827 0.156699 
112 0.524847 0.159122 
113 0.532896 0.161542 
114 0.540974 0.16396 
115 0.54908 0.166374 
116 0.557213 0.168785 
117 0.565371 0.171191 
118 0.573554 0.173592 
119 0.581761 0.175987 
120 0.589991 0.178375 
121 0.598243 0.180757 
122 0.606516 0.183132 
123 0.614808 0.185498 
124 0.62312 0.187856 
125 0.631449 0.190204 
126 0.639796 0.192543 
127 0.648158 0.194871 
128 0.656536 0.197189 
129 0.664927 0.199495 
130 0.673332 0.20179 
131 0.681748 0.204072 
132 0.690176 0.206341 
133 0.698613 0.208597 
134 0.707059 0.210839 
135 0.715513 0.213067 
136 0.723974 0.215281 
137 0.732441 0.217479 
138 0.740913 0.219661 
139 0.749389 0.221828 
140 0.757867 0.223978 
141 0.766347 0.226112 
142 0.774828 0.228228 
143 0.783309 0.230326 
144 0.791788 0.232407 
145 0.800265 0.23447 
146 0.808739 0.236513 
147 0.817208 0.238538 
148 0.825671 0.240543 
149 0.834128 0.242529 
150 0.842577 0.244495 
151 0.851018 0.24644 
152 0.859449 0.248365 
153 0.867869 0.25027 
154 0.876278 0.252153 
155 0.884674 0.254014 
156 0.893056 0.255854 
157 0.901422 0.257672 
158 0.909773 0.259468 
159 0.918107 0.261242 
160 0.926423 0.262993 
161 0.93472 0.264722 
162 0.942996 0.266427 
163 0.951251 0.268109 
164 0.959485 0.269768 
165 0.967694 0.271404 
166 0.97588 0.273015 
167 0.98404 0.274603 
168 0.992173 0.276167 
169 1.00028 0.277707 
170 1.00836 0.279222 
171 1.0164 0.280713 
172 1.02442 0.28218 
173 1.03241 0.283622 
174 1.04036 0.285039 
175 1.04828 0.286431 
176 1.05616 0.287799 
177 1.06401 0.289141 
178 1.07183 0.290458 
179 1.0796 0.29175 
180 1.08734 0.293017 
181 1.09503 0.294259 
182 1.10269 0.295475 
183 1.1103 0.296665 
184 1.11787 0.297831 
185 1.1254 0.29897 
186 1.13288 0.300084 
187 1.14031 0.301173 
188 1.1477 0.302235 
189 1.15504 0.303272 
190 1.16234 0.304284 
191 1.16958 0.30527 
192 1.17677 0.30623 
193 1.18391 0.307164 
194 1.191 0.308073 
195 1.19803 0.308955 
196 1.20501 0.309813 
197 1.21194 0.310644 
198 1.21881 0.31145 
199 1.22562 0.31223 
200 1.23237 0.312985 
201 1.23907 0.313714 
202 1.2457 0.314417 
203 1.25228 0.315095 
204 1.25879 0.315748 
205 1.26524 0.316375 
206 1.27162 0.316977 
207 1.27794 0.317553 
208 1.2842 0.318105 
209 1.29039 0.318631 
210 1.29652 0.319132 
211 1.30257 0.319608 
212 1.30856 0.320059 
213 1.31448 0.320485 
214 1.32033 0.320886 
215 1.32611 0.321263 
216 1.33181 0.321615 
217 1.33745 0.321943 
218 1.34301 0.322247 
219 1.3485 0.322526 
220 1.35391 0.322781 
221 1.35925 0.323012 
222 1.36451 0.32322 
223 1.3697 0.323404 
224 1.37481 0.323564 
225 1.37984 0.323701 
226 1.38479 0.323815 
227 1.38966 0.323906 
228 1.39446 0.323974 
229 1.39917 0.324019 
230 1.4038 0.324042 
231 1.40835 0.324043 
232 1.41282 0.324022 
233 1.41721 0.323978 
234 1.42151 0.323914 
235 1.42573 0.323828 
236 1.42986 0.323721 
237 1.43391 0.323593 
238 1.43787 0.323444 
239 1.44175 0.323275 
240 1.44554 0.323086 
241 1.44925 0.322878 
242 1.45287 0.32265 
243 1.4564 0.322403 
244 1.45984 0.322136 
245 1.46319 0.321852 
246 1.46646 0.321549 
247 1.46963 0.321229 
248 1.47272 0.32089 
249 1.47572 0.320535 
250 1.47862 0.320163 
251 1.48144 0.319775 
252 1.48416 0.319371 
253 1.4868 0.318951 
254 1.48934 0.318516 
255 1.49179 0.318066 
256 1.49415 0.317602 
257 1.49642 0.317124 
258 1.4986 0.316632 
259 1.50068 0.316128 
260 1.50267 0.315611 
261 1.50457 0.315082 
262 1.50638 0.314542 
263 1.50809 0.31399 
264 1.50972 0.313428 
265 1.51124 0.312856 
266 1.51268 0.312274 
267 1.51402 0.311683 
268 1.51527 0.311084 
269 1.51643 0.310477 
270 1.51749 0.309863 
271 1.51846 0.309242 
272 1.51934 0.308614 
273 1.52012 0.307981 
274 1.52081 0.307343 
275 1.52141 0.3067 
276 1.52192 0.306054 
277 1.52233 0.305404 
278 1.52265 0.304752 
279 1.52288 0.304097 
280 1.52301 0.303441 
281 1.52306 0.302785 
282 1.52301 0.302128 
283 1.52287 0.301471 
284 1.52264 0.300816 
285 1.52232 0.300162 
286 1.52191 0.29951 
287 1.5214 0.298862 
288 1.52081 0.298217 
289 1.52013 0.297576 
290 1.51935 0.296941 
291 1.51849 0.29631 
292 1.51754 0.295686 
293 1.5165 0.295069 
294 1.51537 0.294459 
295 1.51416 0.293857 
296 1.51285 0.293264 
297 1.51146 0.29268 
298 1.50999 0.292106 
299 1.50842 0.291543 
300 1.50677 0.290991 
301 1.50504 0.29045 
302 1.50322 0.289922 
303 1.50132 0.289407 
304 1.49933 0.288906 
305 1.49726 0.288418 
306 1.49511 0.287946 
307 1.49287 0.287488 
308 1.49055 0.287046 
309 1.48815 0.286621 
310 1.48568 0.286212 
311 1.48312 0.285821 
312 1.48048 0.285447 
313 1.47776 0.285092 
314 1.47497 0.284756 
315 1.4721 0.284439 
316 1.46915 0.284141 
317 1.46612 0.283864 
318 1.46302 0.283607 
319 1.45984 0.283371 
320 1.45659 0.283157 
321 1.45327 0.282964 
322 1.44987 0.282793 
323 1.44641 0.282645 
324 1.44287 0.282519 
325 1.43926 0.282416 
326 1.43558 0.282336 
327 1.43183 0.28228 
328 1.42801 0.282247 
329 1.42413 0.282238 
330 1.42017 0.282254 
331 1.41616 0.282293 
332 1.41207 0.282357 
333 1.40793 0.282446 
334 1.40371 0.282559 
335 1.39944 0.282697 
336 1.3951 0.28286 
337 1.39071 0.283048 
338 1.38625 0.283261 
339 1.38173 0.283499 
340 1.37715 0.283762 
341 1.37252 0.28405 
342 1.36783 0.284362 
343 1.36308 0.2847 
344 1.35828 0.285062 
345 1.35342 0.285449 
346 1.34851 0.285861 
347 1.34355 0.286297 
348 1.33853 0.286758 
349 1.33346 0.287242 
350 1.32835 0.287751 
351 1.32318 0.288283 
352 1.31796 0.288839 
353 1.3127 0.289419 
354 1.30739 0.290021 
355 1.30204 0.290647 
356 1.29664 0.291294 
357 1.2912 0.291965 
358 1.28571 0.292657 
359 1.28018 0.293371 
360 1.27461 0.294106 
361 1.269 0.294863 
362 1.26335 0.29564 
363 1.25767 0.296438 
364 1.25194 0.297255 
365 1.24618 0.298092 
366 1.24038 0.298949 
367 1.23455 0.299824 
368 1.22868 0.300718 
369 1.22278 0.301629 
370 1.21685 0.302559 
371 1.21089 0.303506 
372 1.2049 0.304469 
373 1.19888 0.305449 
374 1.19283 0.306445 
375 1.18675 0.307456 
376 1.18064 0.308482 
377 1.17451 0.309523 
378 1.16836 0.310578 
379 1.16218 0.311647 
380 1.15598 0.312728 
381 1.14976 0.313823 
382 1.14351 0.31493 
383 1.13725 0.316048 
384 1.13096 0.317178 
385 1.12466 0.318319 
386 1.11834 0.31947 
387 1.11201 0.320631 
388 1.10565 0.321802 
389 1.09929 0.322981 
390 1.09291 0.324169 
391 1.08651 0.325365 
392 1.08011 0.326569 
393 1.07369 0.327779 
394 1.06726 0.328996 
395 1.06083 0.33022 
396 1.05438 0.331448 
397 1.04793 0.332683 
398 1.04147 0.333921 
399 1.035 0.335165 
400 1.02853 0.336411 
401 1.02206 0.337662 
402 1.01558 0.338915 
403 1.0091 0.340171 
404 1.00262 0.341429 
405 0.996132 0.342688 
406 0.989648 0.343949 
407 0.983166 0.34521 
408 0.976685 0.346472 
409 0.970206 0.347733 
410 0.963731 0.348994 
411 0.95726 0.350255 
412 0.950794 0.351514 
413 0.944333 0.352771 
414 0.93788 0.354026 
415 0.931433 0.355279 
416 0.924995 0.356529 
417 0.918566 0.357775 
418 0.912146 0.359018 
419 0.905738 0.360258 
420 0.89934 0.361492 
421 0.892954 0.362723 
422 0.886582 0.363948 
423 0.880223 0.365168 
424 0.873878 0.366383 
425 0.867549 0.367591 
426 0.861235 0.368793 
427 0.854938 0.369989 
428 0.848659 0.371178 
429 0.842398 0.37236 
430 0.836155 0.373535 
431 0.829932 0.374701 
432 0.823729 0.37586 
433 0.817548 0.377011 
434 0.811388 0.378153 
435 0.80525 0.379287 
436 0.799135 0.380412 
437 0.793045 0.381528 
438 0.786978 0.382634 
439 0.780937 0.383731 
440 0.774922 0.384818 
441 0.768933 0.385895 
442 0.762971 0.386962 
443 0.757037 0.388019 
444 0.751132 0.389065 
445 0.745255 0.3901 
446 0.739409 0.391125 
447 0.733592 0.392139 
448 0.727807 0.393142 
449 0.722053 0.394133 
450 0.716332 0.395114 
451 0.710643 0.396082 
452 0.704988 0.39704 
453 0.699367 0.397985 
454 0.69378 0.398919 
455 0.688229 0.399841 
456 0.682713 0.400751 
457 0.677233 0.401648 
458 0.671791 0.402534 
459 0.666386 0.403408 
460 0.661019 0.404269 
461 0.65569 0.405118 
462 0.650401 0.405955 
463 0.645151 0.406779 
464 0.639941 0.407591 
465 0.634772 0.40839 
466 0.629644 0.409177 
467 0.624558 0.409952 
468 0.619514 0.410714 
469 0.614512 0.411463 
470 0.609554 0.4122 
471 0.60464 0.412925 
472 0.599769 0.413637 
473 0.594943 0.414336 
474 0.590162 0.415023 
475 0.585427 0.415697 
476 0.580737 0.416359 
477 0.576094 0.417009 
478 0.571497 0.417646 
479 0.566948 0.418271 
480 0.562447 0.418883 
481 0.557993 0.419483 
482 0.553588 0.420071 
483 0.549232 0.420647 
484 0.544925 0.42121 
485 0.540668 0.421762 
486 0.53646 0.422301 
487 0.532304 0.422829 
488 0.528197 0.423344 
489 0.524142 0.423848 
490 0.520139 0.424339 
491 0.516187 0.42482 
492 0.512287 0.425288 
493 0.50844 0.425745 
494 0.504646 0.42619 
495 0.500905 0.426624 
496 0.497217 0.427046 
497 0.493583 0.427457 
498 0.490003 0.427857 
499 0.486477 0.428246 
500 0.483006 0.428624 
501 0.479589 0.428991 
502 0.476228 0.429347 
503 0.472923 0.429692 
504 0.469673 0.430026 
505 0.466479 0.43035 
506 0.463341 0.430663 
507 0.460259 0.430966 
508 0.457234 0.431258 
509 0.454266 0.43154 
510 0.451355 0.431813 
511 0.448501 0.432074 
512 0.445705 0.432326 
513 0.442966 0.432569 
514 0.440285 0.432801 
515 0.437663 0.433024 
516 0.435098 0.433237 
517 0.432592 0.43344 
518 0.430144 0.433635 
519 0.427755 0.43382 
520 0.425425 0.433995 
521 0.423154 0.434162 
522 0.420941 0.43432 
523 0.418789 0.434469 
524 0.416695 0.434609 
525 0.414661 0.434741 
526 0.412686 0.434864 
527 0.410771 0.434979 
528 0.408916 0.435086 
529 0.407121 0.435184 
530 0.405385 0.435274 
531 0.40371 0.435357 
532 0.402095 0.435431 
533 0.400539 0.435498 
534 0.399044 0.435558 
535 0.397609 0.435609 
536 0.396234 0.435654 
537 0.39492 0.435692 
538 0.393666 0.435722 
539 0.392472 0.435745 
540 0.391338 0.435762 
541 0.390265 0.435772 
542 0.389252 0.435776 
543 0.388299 0.435773 
544 0.387407 0.435764 
545 0.386575 0.435749 
546 0.385803 0.435727 
547 0.385091 0.4357 
548 0.38444 0.435668 
549 0.383848 0.435629 
550 0.383317 0.435586 
551 0.382846 0.435537 
552 0.382434 0.435483 
553 0.382083 0.435424 
554 0.381791 0.435361 
555 0.381559 0.435292 
556 0.381386 0.43522 
557 0.381273 0.435142 
558 0.38122 0.435061 
559 0.381225 0.434976 
560 0.38129 0.434887 
561 0.381414 0.434794 
562 0.381597 0.434698 
563 0.381838 0.434598 
564 0.382138 0.434495 
565 0.382497 0.434389 
566 0.382914 0.43428 
567 0.383389 0.434169 
568 0.383922 0.434055 
569 0.384513 0.433938 
570 0.385161 0.433819 
571 0.385867 0.433698 
572 0.38663 0.433576 
573 0.387451 0.433451 
574 0.388328 0.433325 
575 0.389261 0.433198 
576 0.390252 0.433069 
577 0.391298 0.432939 
578 0.3924 0.432808 
579 0.393559 0.432677 
580 0.394772 0.432545 
581 0.396041 0.432412 
582 0.397365 0.432279 
583 0.398744 0.432146 
584 0.400177 0.432013 
585 0.401665 0.43188 
586 0.403206 0.431747 
587 0.404801 0.431615 
588 0.40645 0.431484 
589 0.408151 0.431353 
590 0.409906 0.431223 
591 0.411713 0.431094 
592 0.413572 0.430967 
593 0.415484 0.43084 
594 0.417446 0.430716 
595 0.41946 0.430592 
596 0.421526 0.430471 
597 0.423641 0.430351 
598 0.425807 0.430233 
599 0.428023 0.430118 
600 0.430289 0.430004 
601 0.432604 0.429893 
602 0.434967 0.429785 
603 0.43738 0.429679 
604 0.43984 0.429575 
605 0.442349 0.429475 
606 0.444905 0.429377 
607 0.447507 0.429282 
608 0.450157 0.42919 
609 0.452853 0.429102 
610 0.455595 0.429017 
611 0.458382 0.428935 
612 0.461214 0.428856 
613 0.464091 0.428782 
614 0.467013 0.42871 
615 0.469978 0.428643 
616 0.472987 0.428579 
617 0.476039 0.428519 
618 0.479133 0.428463 
619 0.48227 0.428411 
620 0.485448 0.428362 
621 0.488667 0.428318 
622 0.491928 0.428279 
623 0.495229 0.428243 
624 0.49857 0.428211 
625 0.50195 0.428184 
626 0.505369 0.428161 
627 0.508827 0.428143 
628 0.512323 0.428129 
629 0.515857 0.428119 
630 0.519428 0.428114 
631 0.523036 0.428114 
632 0.526679 0.428118 
633 0.530359 0.428126 
634 0.534074 0.428139 
635 0.537823 0.428157 
636 0.541607 0.428179 
637 0.545424 0.428206 
638 0.549275 0.428238 
639 0.553158 0.428274 
640 0.557074 0.428315 
641 0.561021 0.428361 
642 0.565 0.428411 
643 0.569009 0.428466 
644 0.573048 0.428526 
645 0.577117 0.42859 
646 0.581215 0.428659 
647 0.585341 0.428733 
648 0.589496 0.428811 
649 0.593678 0.428894 
650 0.597887 0.428982 
651 0.602122 0.429074 
652 0.606383 0.42917 
653 0.61067 0.429271 
654 0.614981 0.429377 
655 0.619317 0.429487 
656 0.623676 0.429601 
657 0.628058 0.42972 
658 0.632462 0.429843 
659 0.636889 0.429971 
660 0.641337 0.430102 
661 0.645806 0.430238 
662 0.650295 0.430378 
663 0.654804 0.430523 
664 0.659332 0.430671 
665 0.663878 0.430823 
666 0.668442 0.430979 
667 0.673024 0.431139 
668 0.677623 0.431302 
669 0.682237 0.43147 
670 0.686868 0.43164 
671 0.691513 0.431815 
672 0.696173 0.431993 
673 0.700846 0.432174 
674 0.705533 0.432359 
675 0.710233 0.432546 
676 0.714945 0.432737 
677 0.719668 0.432931 
678 0.724402 0.433128 
679 0.729146 0.433327 
680 0.7339 0.433529 
681 0.738663 0.433734 
682 0.743434 0.433941 
683 0.748214 0.434151 
684 0.753 0.434363 
685 0.757793 0.434576 
686 0.762593 0.434792 
687 0.767398 0.43501 
688 0.772207 0.435229 
689 0.777021 0.43545 
690 0.781839 0.435673 
691 0.786659 0.435897 
692 0.791482 0.436121 
693 0.796307 0.436347 
694 0.801133 0.436574 
695 0.805959 0.436802 
696 0.810786 0.43703 
697 0.815612 0.437258 
698 0.820436 0.437487 
699 0.825259 0.437716 
700 0.830079 0.437945 
701 0.834897 0.438174 
702 0.83971 0.438402 
703 0.84452 0.43863 
704 0.849324 0.438857 
705 0.854123 0.439084 
706 0.858916 0.439309 
707 0.863702 0.439533 
708 0.868481 0.439756 
709 0.873252 0.439978 
710 0.878015 0.440198 
711 0.882768 0.440416 
712 0.887512 0.440632 
713 0.892245 0.440845 
714 0.896968 0.441057 
715 0.901678 0.441266 
716 0.906377 0.441473 
717 0.911064 0.441676 
718 0.915737 0.441877 
719 0.920396 0.442075 
720 0.92504 0.442269 
721 0.92967 0.44246 
722 0.934284 0.442648 
723 0.938882 0.442831 
724 0.943463 0.443011 
725 0.948027 0.443187 
726 0.952572 0.443359 
727 0.9571 0.443527 
728 0.961608 0.44369 
729 0.966097 0.443848 
730 0.970565 0.444002 
731 0.975013 0.444152 
732 0.979439 0.444296 
733 0.983843 0.444435 
734 0.988225 0.44457 
735 0.992584 0.444699 
736 0.99692 0.444822 
737 1.00123 0.444941 
738 1.00552 0.445053 
739 1.00978 0.44516 
740 1.01402 0.445262 
741 1.01823 0.445358 
742 1.02241 0.445447 
743 1.02657 0.445531 
744 1.03069 0.445609 
745 1.03479 0.445681 
746 1.03886 0.445747 
747 1.04291 0.445806 
748 1.04692 0.44586 
749 1.0509 0.445907 
750 1.05485 0.445948 
751 1.05877 0.445982 
752 1.06266 0.44601 
753 1.06651 0.446032 
754 1.07034 0.446048 
755 1.07413 0.446057 
756 1.07788 0.446059 
757 1.0816 0.446055 
758 1.08529 0.446045 
759 1.08894 0.446029 
760 1.09256 0.446006 
761 1.09614 0.445977 
762 1.09969 0.445941 
763 1.1032 0.445899 
764 1.10667 0.445851 
765 1.1101 0.445796 
766 1.11349 0.445736 
767 1.11685 0.445669 
768 1.12017 0.445596 
769 1.12345 0.445517 
770 1.12669 0.445431 
771 1.12989 0.44534 
772 1.13304 0.445243 
773 1.13616 0.44514 
774 1.13924 0.445032 
775 1.14227 0.444917 
776 1.14527 0.444797 
777 1.14822 0.444672 
778 1.15113 0.44454 
779 1.15399 0.444404 
780 1.15682 0.444262 
781 1.1596 0.444115 
782 1.16233 0.443963 
783 1.16502 0.443805 
784 1.16767 0.443643 
785 1.17027 0.443475 
786 1.17283 0.443303 
787 1.17534 0.443126 
788 1.17781 0.442945 
789 1.18023 0.442759 
790 1.1826 0.442569 
791 1.18493 0.442374 
792 1.18721 0.442175 
793 1.18945 0.441972 
794 1.19164 0.441765 
795 1.19378 0.441554 
796 1.19587 0.441339 
797 1.19791 0.44112 
798 1.19991 0.440898 
799 1.20186 0.440673 
800 1.20376 0.440444 
801 1.20561 0.440212 
802 1.20742 0.439976 
803 1.20917 0.439738 
804 1.21088 0.439496 
805 1.21254 0.439252 
806 1.21414 0.439005 
807 1.2157 0.438756 
808 1.21721 0.438504 
809 1.21867 0.43825 
810 1.22008 0.437993 
811 1.22144 0.437735 
812 1.22275 0.437474 
813 1.22401 0.437212 
814 1.22522 0.436948 
815 1.22638 0.436682 
816 1.22748 0.436414 
817 1.22854 0.436146 
818 1.22955 0.435876 
819 1.23051 0.435605 
820 1.23142 0.435333 
821 1.23227 0.43506 
822 1.23308 0.434787 
823 1.23384 0.434512 
824 1.23454 0.434238 
825 1.2352 0.433963 
826 1.2358 0.433688 
827 1.23635 0.433413 
828 1.23686 0.433139 
829 1.23731 0.432864 
830 1.23771 0.43259 
831 1.23806 0.432317 
832 1.23837 0.432044 
833 1.23862 0.431773 
834 1.23882 0.431502 
835 1.23897 0.431233 
836 1.23907 0.430965 
837 1.23912 0.430699 
838 1.23913 0.430434 
839 1.23908 0.430172 
840 1.23898 0.429911 
841 1.23883 0.429653 
842 1.23864 0.429398 
843 1.23839 0.429145 
844 1.2381 0.428895 
845 1.23775 0.428647 
846 1.23736 0.428404 
847 1.23692 0.428163 
848 1.23643 0.427926 
849 1.23589 0.427693 
850 1.23531 0.427464 
851 1.23468 0.427239 
852 1.23399 0.427019 
853 1.23327 0.426803 
854 1.23249 0.426591 
855 1.23167 0.426385 
856 1.2308 0.426184 
857 1.22988 0.425988 
858 1.22892 0.425798 
859 1.22791 0.425614 
860 1.22686 0.425435 
861 1.22576 0.425263 
862 1.22461 0.425096 
863 1.22342 0.424937 
864 1.22219 0.424784 
865 1.22091 0.424638 
866 1.21959 0.424499 
867 1.21822 0.424367 
868 1.21681 0.424243 
869 1.21536 0.424126 
870 1.21386 0.424017 
871 1.21232 0.423916 
872 1.21074 0.423823 
873 1.20911 0.423738 
874 1.20745 0.423661 
875 1.20574 0.423593 
876 1.20399 0.423534 
877 1.2022 0.423483 
878 1.20037 0.423442 
879 1.1985 0.423409 
880 1.19659 0.423385 
881 1.19465 0.423371 
882 1.19266 0.423366 
883 1.19063 0.42337 
884 1.18857 0.423384 
885 1.18647 0.423408 
886 1.18433 0.423441 
887 1.18215 0.423483 
888 1.17994 0.423536 
889 1.17769 0.423598 
890 1.17541 0.42367 
891 1.17309 0.423752 
892 1.17073 0.423844 
893 1.16834 0.423946 
894 1.16592 0.424057 
895 1.16346 0.424179 
896 1.16097 0.42431 
897 1.15845 0.424451 
898 1.15589 0.424602 
899 1.1533 0.424762 
900 1.15068 0.424933 
901 1.14803 0.425112 
902 1.14535 0.425302 
903 1.14264 0.425501 
904 1.1399 0.425709 
905 1.13713 0.425926 
906 1.13433 0.426153 
907 1.1315 0.426389 
908 1.12864 0.426633 
909 1.12576 0.426887 
910 1.12285 0.427149 
911 1.11991 0.42742 
912 1.11694 0.4277 
913 1.11396 0.427987 
914 1.11094 0.428283 
915 1.1079 0.428587 
916 1.10484 0.428899 
917 1.10175 0.429218 
918 1.09864 0.429545 
919 1.0955 0.429879 
920 1.09235 0.430221 
921 1.08917 0.430569 
922 1.08597 0.430925 
923 1.08275 0.431287 
924 1.07951 0.431655 
925 1.07625 0.43203 
926 1.07297 0.432411 
927 1.06967 0.432798 
928 1.06635 0.43319 
929 1.06301 0.433588 
930 1.05966 0.433992 
931 1.05629 0.434401 
932 1.0529 0.434815 
933 1.0495 0.435234 
934 1.04608 0.435657 
935 1.04265 0.436085 
936 1.0392 0.436518 
937 1.03573 0.436954 
938 1.03226 0.437395 
939 1.02877 0.437839 
940 1.02527 0.438287 
941 1.02175 0.438739 
942 1.01823 0.439195 
943 1.01469 0.439653 
944 1.01114 0.440115 
945 1.00758 0.440579 
946 1.00402 0.441047 
947 1.00044 0.441517 
948 0.996856 0.44199 
949 0.993262 0.442466 
950 0.989661 0.442944 
951 0.986053 0.443424 
952 0.982438 0.443906 
953 0.978817 0.444391 
954 0.97519 0.444877 
955 0.971558 0.445365 
956 0.967921 0.445856 
957 0.964279 0.446347 
958 0.960634 0.446841 
959 0.956986 0.447336 
960 0.953334 0.447832 
961 0.949681 0.44833 
962 0.946025 0.448829 
963 0.942368 0.44933 
964 0.93871 0.449832 
965 0.935052 0.450334 
966 0.931393 0.450838 
967 0.927735 0.451343 
968 0.924078 0.451849 
969 0.920422 0.452355 
970 0.916769 0.452863 
971 0.913117 0.453371 
972 0.909469 0.45388 
973 0.905823 0.454389 
974 0.902181 0.454899 
975 0.898544 0.45541 
976 0.894911 0.45592 
977 0.891283 0.456431 
978 0.887661 0.456943 
979 0.884045 0.457454 
980 0.880435 0.457965 
981 0.876832 0.458476 
982 0.873236 0.458987 
983 0.869648 0.459498 
984 0.866068 0.460008 
985 0.862496 0.460518 
986 0.858934 0.461027 
987 0.855381 0.461535 
988 0.851838 0.462043 
989 0.848306 0.462549 
990 0.844784 0.463054 
991 0.841273 0.463557 
992 0.837774 0.464059 
993 0.834287 0.464558 
994 0.830812 0.465056 
995 0.82735 0.465551 
996 0.823901 0.466044 
997 0.820466 0.466534 
998 0.817044 0.467022 
999 0.813637 0.467505 
1000 0.810245 0.467986 
