0 0 0 
1 4.99663e-05 7.76884e-06 
2 0.000199727 3.14403e-05 
3 0.000449068 7.17484e-05 
4 0.000797765 0.000129414 
5 0.00124558 0.000205147 
6 0.00179228 0.000299642 
7 0.00243761 0.000413579 
8 0.00318131 0.000547627 
9 0.0040231 0.000702437 
10 0.0049627 0.000878648 
11 0.00599983 0.00107688 
12 0.00713419 0.00129774 
13 0.00836547 0.00154182 
14 0.00969335 0.00180969 
15 0.0111175 0.0021019 
16 0.0126376 0.002419 
17 0.0142533 0.00276151 
18 0.0159643 0.00312993 
19 0.0177701 0.00352475 
20 0.0196705 0.00394642 
21 0.0216649 0.00439541 
22 0.0237532 0.00487214 
23 0.0259348 0.00537702 
24 0.0282093 0.00591044 
25 0.0305764 0.00647276 
26 0.0330356 0.00706435 
27 0.0355865 0.00768553 
28 0.0382286 0.00833661 
29 0.0409615 0.00901789 
30 0.0437848 0.00972963 
31 0.0466979 0.0104721 
32 0.0497005 0.0112455 
33 0.052792 0.01205 
34 0.055972 0.0128859 
35 0.0592399 0.0137533 
36 0.0625952 0.0146523 
37 0.0660375 0.0155831 
38 0.0695662 0.0165458 
39 0.0731808 0.0175404 
40 0.0768808 0.0185671 
41 0.0806656 0.0196258 
42 0.0845346 0.0207166 
43 0.0884874 0.0218395 
44 0.0925233 0.0229945 
45 0.0966419 0.0241815 
46 0.100842 0.0254004 
47 0.105124 0.0266512 
48 0.109487 0.0279338 
49 0.11393 0.0292481 
50 0.118453 0.0305939 
51 0.123054 0.031971 
52 0.127734 0.0333793 
53 0.132492 0.0348186 
54 0.137327 0.0362886 
55 0.142238 0.0377892 
56 0.147226 0.0393201 
57 0.152288 0.0408809 
58 0.157425 0.0424715 
59 0.162636 0.0440914 
60 0.16792 0.0457404 
61 0.173276 0.0474182 
62 0.178705 0.0491243 
63 0.184204 0.0508585 
64 0.189774 0.0526202 
65 0.195414 0.0544092 
66 0.201122 0.0562249 
67 0.206899 0.058067 
68 0.212744 0.059935 
69 0.218655 0.0618284 
70 0.224633 0.0637468 
71 0.230676 0.0656897 
72 0.236783 0.0676565 
73 0.242955 0.0696468 
74 0.249189 0.07166 
75 0.255486 0.0736956 
76 0.261844 0.0757531 
77 0.268264 0.0778318 
78 0.274743 0.0799313 
79 0.281281 0.0820508 
80 0.287878 0.0841899 
81 0.294533 0.086348 
82 0.301244 0.0885244 
83 0.308012 0.0907186 
84 0.314835 0.0929298 
85 0.321712 0.0951575 
86 0.328643 0.0974011 
87 0.335626 0.0996599 
88 0.342662 0.101933 
89 0.349749 0.104221 
90 0.356886 0.106521 
91 0.364072 0.108834 
92 0.371307 0.111159 
93 0.378589 0.113496 
94 0.385919 0.115843 
95 0.393294 0.1182 
96 0.400714 0.120566 
97 0.408179 0.122941 
98 0.415687 0.125323 
99 0.423238 0.127713 
100 0.43083 0.13011 
101 0.438463 0.132512 
102 0.446135 0.13492 
103 0.453846 0.137332 
104 0.461596 0.139748 
105 0.469382 0.142168 
106 0.477205 0.14459 
107 0.485062 0.147014 
108 0.492954 0.149439 
109 0.50088 0.151864 
110 0.508838 0.15429 
111 0.516827 0.156715 
112 0.524847 0.159139 
113 0.532896 0.16156 
114 0.540974 0.163979 
115 0.54908 0.166395 
116 0.557213 0.168807 
117 0.565371 0.171215 
118 0.573554 0.173617 
119 0.581761 0.176014 
120 0.589991 0.178405 
121 0.598243 0.180788 
122 0.606515 0.183165 
123 0.614808 0.185533 
124 0.62312 0.187893 
125 0.631449 0.190244 
126 0.639796 0.192585 
127 0.648158 0.194916 
128 0.656536 0.197236 
129 0.664927 0.199545 
130 0.673332 0.201842 
131 0.681748 0.204127 
132 0.690175 0.2064 
133 0.698613 0.208659 
134 0.707059 0.210905 
135 0.715513 0.213136 
136 0.723974 0.215353 
137 0.732441 0.217555 
138 0.740913 0.219742 
139 0.749389 0.221913 
140 0.757867 0.224067 
141 0.766347 0.226205 
142 0.774828 0.228326 
143 0.783309 0.23043 
144 0.791788 0.232515 
145 0.800265 0.234583 
146 0.808738 0.236632 
147 0.817207 0.238662 
148 0.825671 0.240674 
149 0.834127 0.242665 
150 0.842577 0.244637 
151 0.851017 0.246589 
152 0.859448 0.24852 
153 0.867869 0.250431 
154 0.876277 0.252321 
155 0.884673 0.25419 
156 0.893054 0.256037 
157 0.901421 0.257863 
158 0.909772 0.259667 
159 0.918106 0.261448 
160 0.926421 0.263207 
161 0.934718 0.264944 
162 0.942994 0.266658 
163 0.95125 0.268349 
164 0.959482 0.270017 
165 0.967692 0.271662 
166 0.975877 0.273283 
167 0.984037 0.27488 
168 0.99217 0.276454 
169 1.00028 0.278004 
170 1.00835 0.279529 
171 1.0164 0.281031 
172 1.02442 0.282508 
173 1.0324 0.283961 
174 1.04036 0.285389 
175 1.04828 0.286792 
176 1.05616 0.288171 
177 1.06401 0.289525 
178 1.07182 0.290854 
179 1.07959 0.292158 
180 1.08733 0.293437 
181 1.09502 0.29469 
182 1.10268 0.295919 
183 1.11029 0.297122 
184 1.11786 0.2983 
185 1.12539 0.299452 
186 1.13287 0.300579 
187 1.1403 0.30168 
188 1.14769 0.302756 
189 1.15503 0.303806 
190 1.16233 0.304831 
191 1.16957 0.30583 
192 1.17676 0.306804 
193 1.1839 0.307752 
194 1.19099 0.308674 
195 1.19802 0.30957 
196 1.205 0.310441 
197 1.21192 0.311286 
198 1.21879 0.312106 
199 1.2256 0.3129 
200 1.23236 0.313668 
201 1.23905 0.31441 
202 1.24568 0.315127 
203 1.25225 0.315819 
204 1.25877 0.316485 
205 1.26521 0.317125 
206 1.2716 0.31774 
207 1.27792 0.318329 
208 1.28418 0.318893 
209 1.29036 0.319432 
210 1.29649 0.319946 
211 1.30254 0.320434 
212 1.30853 0.320897 
213 1.31445 0.321335 
214 1.3203 0.321748 
215 1.32607 0.322137 
216 1.33178 0.3225 
217 1.33741 0.322839 
218 1.34297 0.323153 
219 1.34846 0.323442 
220 1.35387 0.323707 
221 1.3592 0.323948 
222 1.36447 0.324164 
223 1.36965 0.324357 
224 1.37476 0.324525 
225 1.37978 0.32467 
226 1.38474 0.324791 
227 1.38961 0.324889 
228 1.3944 0.324963 
229 1.39911 0.325015 
230 1.40374 0.325043 
231 1.40829 0.325048 
232 1.41275 0.325031 
233 1.41713 0.324992 
234 1.42143 0.32493 
235 1.42565 0.324846 
236 1.42978 0.324741 
237 1.43383 0.324614 
238 1.43779 0.324465 
239 1.44166 0.324296 
240 1.44545 0.324106 
241 1.44915 0.323895 
242 1.45277 0.323665 
243 1.4563 0.323414 
244 1.45973 0.323144 
245 1.46309 0.322854 
246 1.46635 0.322545 
247 1.46952 0.322218 
248 1.4726 0.321873 
249 1.4756 0.321509 
250 1.4785 0.321128 
251 1.48131 0.320729 
252 1.48403 0.320314 
253 1.48666 0.319882 
254 1.4892 0.319434 
255 1.49165 0.318971 
256 1.49401 0.318492 
257 1.49627 0.317998 
258 1.49845 0.31749 
259 1.50053 0.316968 
260 1.50251 0.316433 
261 1.50441 0.315884 
262 1.50621 0.315323 
263 1.50792 0.31475 
264 1.50954 0.314166 
265 1.51106 0.313571 
266 1.51249 0.312965 
267 1.51383 0.312349 
268 1.51507 0.311724 
269 1.51623 0.311089 
270 1.51728 0.310447 
271 1.51825 0.309797 
272 1.51912 0.30914 
273 1.5199 0.308476 
274 1.52059 0.307806 
275 1.52118 0.307131 
276 1.52168 0.306451 
277 1.52209 0.305767 
278 1.52241 0.30508 
279 1.52263 0.304389 
280 1.52276 0.303697 
281 1.5228 0.303003 
282 1.52275 0.302307 
283 1.52261 0.301612 
284 1.52237 0.300917 
285 1.52204 0.300223 
286 1.52163 0.299531 
287 1.52112 0.298841 
288 1.52052 0.298154 
289 1.51983 0.297471 
290 1.51906 0.296792 
291 1.51819 0.296118 
292 1.51723 0.29545 
293 1.51619 0.294788 
294 1.51506 0.294134 
295 1.51383 0.293487 
296 1.51253 0.292849 
297 1.51113 0.29222 
298 1.50965 0.2916 
299 1.50808 0.290991 
300 1.50643 0.290393 
301 1.50469 0.289807 
302 1.50287 0.289234 
303 1.50096 0.288673 
304 1.49897 0.288126 
305 1.49689 0.287593 
306 1.49473 0.287076 
307 1.49249 0.286573 
308 1.49017 0.286087 
309 1.48777 0.285618 
310 1.48529 0.285166 
311 1.48272 0.284732 
312 1.48008 0.284316 
313 1.47736 0.283919 
314 1.47456 0.283542 
315 1.47169 0.283184 
316 1.46873 0.282847 
317 1.4657 0.282531 
318 1.4626 0.282237 
319 1.45942 0.281964 
320 1.45617 0.281714 
321 1.45284 0.281486 
322 1.44944 0.281282 
323 1.44597 0.2811 
324 1.44243 0.280943 
325 1.43881 0.28081 
326 1.43513 0.280702 
327 1.43138 0.280618 
328 1.42756 0.280559 
329 1.42367 0.280526 
330 1.41972 0.280518 
331 1.4157 0.280535 
332 1.41161 0.280579 
333 1.40746 0.280649 
334 1.40325 0.280745 
335 1.39897 0.280868 
336 1.39463 0.281017 
337 1.39023 0.281192 
338 1.38578 0.281394 
339 1.38126 0.281623 
340 1.37668 0.281878 
341 1.37204 0.28216 
342 1.36735 0.282469 
343 1.3626 0.282804 
344 1.3578 0.283165 
345 1.35294 0.283553 
346 1.34803 0.283968 
347 1.34306 0.284408 
348 1.33804 0.284875 
349 1.33298 0.285367 
350 1.32786 0.285885 
351 1.32269 0.286429 
352 1.31748 0.286997 
353 1.31222 0.287591 
354 1.30691 0.288209 
355 1.30155 0.288852 
356 1.29615 0.289519 
357 1.29071 0.290209 
358 1.28522 0.290924 
359 1.2797 0.291661 
360 1.27413 0.292421 
361 1.26852 0.293204 
362 1.26287 0.294009 
363 1.25718 0.294836 
364 1.25146 0.295683 
365 1.2457 0.296552 
366 1.2399 0.297442 
367 1.23407 0.298351 
368 1.2282 0.29928 
369 1.22231 0.300228 
370 1.21638 0.301195 
371 1.21042 0.30218 
372 1.20442 0.303183 
373 1.1984 0.304203 
374 1.19236 0.30524 
375 1.18628 0.306294 
376 1.18018 0.307363 
377 1.17405 0.308448 
378 1.1679 0.309548 
379 1.16172 0.310662 
380 1.15552 0.311789 
381 1.1493 0.312931 
382 1.14306 0.314085 
383 1.1368 0.315251 
384 1.13051 0.31643 
385 1.12421 0.317619 
386 1.1179 0.31882 
387 1.11156 0.32003 
388 1.10521 0.321251 
389 1.09885 0.322481 
390 1.09247 0.323719 
391 1.08608 0.324966 
392 1.07968 0.326221 
393 1.07326 0.327483 
394 1.06684 0.328752 
395 1.0604 0.330027 
396 1.05396 0.331307 
397 1.04751 0.332593 
398 1.04106 0.333884 
399 1.03459 0.335179 
400 1.02812 0.336478 
401 1.02165 0.33778 
402 1.01518 0.339085 
403 1.0087 0.340393 
404 1.00222 0.341702 
405 0.995738 0.343013 
406 0.989257 0.344325 
407 0.982777 0.345637 
408 0.976299 0.34695 
409 0.969823 0.348263 
410 0.963351 0.349574 
411 0.956883 0.350885 
412 0.950419 0.352194 
413 0.943962 0.353501 
414 0.937511 0.354805 
415 0.931067 0.356107 
416 0.924632 0.357406 
417 0.918205 0.358701 
418 0.911789 0.359992 
419 0.905382 0.361279 
420 0.898987 0.362561 
421 0.892605 0.363838 
422 0.886235 0.36511 
423 0.879878 0.366377 
424 0.873536 0.367637 
425 0.867209 0.368891 
426 0.860898 0.370138 
427 0.854603 0.371378 
428 0.848326 0.372611 
429 0.842067 0.373837 
430 0.835827 0.375055 
431 0.829606 0.376264 
432 0.823405 0.377465 
433 0.817226 0.378658 
434 0.811068 0.379842 
435 0.804932 0.381017 
436 0.798819 0.382182 
437 0.79273 0.383338 
438 0.786666 0.384484 
439 0.780626 0.385619 
440 0.774613 0.386745 
441 0.768625 0.387861 
442 0.762665 0.388965 
443 0.756733 0.390059 
444 0.750829 0.391143 
445 0.744954 0.392215 
446 0.739108 0.393275 
447 0.733293 0.394325 
448 0.727509 0.395363 
449 0.721756 0.396389 
450 0.716036 0.397403 
451 0.710348 0.398406 
452 0.704693 0.399396 
453 0.699073 0.400375 
454 0.693487 0.401341 
455 0.687936 0.402295 
456 0.68242 0.403236 
457 0.676941 0.404166 
458 0.671499 0.405082 
459 0.666094 0.405986 
460 0.660727 0.406878 
461 0.655399 0.407756 
462 0.650109 0.408622 
463 0.64486 0.409475 
464 0.63965 0.410316 
465 0.63448 0.411143 
466 0.629352 0.411958 
467 0.624265 0.41276 
468 0.619221 0.413549 
469 0.614219 0.414325 
470 0.60926 0.415089 
471 0.604344 0.415839 
472 0.599473 0.416577 
473 0.594646 0.417301 
474 0.589864 0.418013 
475 0.585127 0.418712 
476 0.580436 0.419399 
477 0.575792 0.420072 
478 0.571194 0.420733 
479 0.566643 0.421381 
480 0.56214 0.422017 
481 0.557685 0.42264 
482 0.553278 0.42325 
483 0.54892 0.423848 
484 0.544611 0.424434 
485 0.540352 0.425007 
486 0.536143 0.425568 
487 0.531984 0.426116 
488 0.527875 0.426653 
489 0.523818 0.427177 
490 0.519812 0.427689 
491 0.515857 0.428189 
492 0.511955 0.428678 
493 0.508105 0.429154 
494 0.504308 0.429619 
495 0.500564 0.430072 
496 0.496873 0.430513 
497 0.493236 0.430943 
498 0.489653 0.431362 
499 0.486124 0.431769 
500 0.48265 0.432165 
501 0.47923 0.432549 
502 0.475866 0.432923 
503 0.472557 0.433286 
504 0.469303 0.433637 
505 0.466105 0.433978 
506 0.462963 0.434308 
507 0.459878 0.434628 
508 0.456849 0.434937 
509 0.453877 0.435235 
510 0.450962 0.435524 
511 0.448104 0.435802 
512 0.445304 0.436069 
513 0.442561 0.436327 
514 0.439876 0.436575 
515 0.437249 0.436813 
516 0.43468 0.437041 
517 0.432169 0.43726 
518 0.429717 0.437469 
519 0.427323 0.437669 
520 0.424988 0.437859 
521 0.422712 0.43804 
522 0.420495 0.438212 
523 0.418337 0.438375 
524 0.416239 0.43853 
525 0.4142 0.438675 
526 0.41222 0.438812 
527 0.4103 0.43894 
528 0.40844 0.43906 
529 0.406639 0.439171 
530 0.404899 0.439275 
531 0.403218 0.43937 
532 0.401597 0.439457 
533 0.400036 0.439537 
534 0.398535 0.439609 
535 0.397095 0.439673 
536 0.395715 0.43973 
537 0.394395 0.439779 
538 0.393135 0.439821 
539 0.391935 0.439857 
540 0.390796 0.439885 
541 0.389717 0.439906 
542 0.388698 0.439921 
543 0.387739 0.439929 
544 0.386841 0.439931 
545 0.386003 0.439927 
546 0.385225 0.439917 
547 0.384507 0.4399 
548 0.38385 0.439878 
549 0.383252 0.43985 
550 0.382715 0.439816 
551 0.382237 0.439778 
552 0.381819 0.439733 
553 0.381462 0.439684 
554 0.381163 0.43963 
555 0.380925 0.439571 
556 0.380746 0.439507 
557 0.380627 0.439439 
558 0.380567 0.439367 
559 0.380566 0.43929 
560 0.380624 0.43921 
561 0.380742 0.439125 
562 0.380918 0.439037 
563 0.381153 0.438945 
564 0.381446 0.43885 
565 0.381798 0.438752 
566 0.382209 0.43865 
567 0.382677 0.438546 
568 0.383204 0.438439 
569 0.383788 0.438329 
570 0.38443 0.438217 
571 0.385129 0.438103 
572 0.385885 0.437986 
573 0.386699 0.437868 
574 0.387569 0.437748 
575 0.388496 0.437626 
576 0.38948 0.437503 
577 0.39052 0.437378 
578 0.391615 0.437253 
579 0.392767 0.437126 
580 0.393973 0.436998 
581 0.395236 0.43687 
582 0.396553 0.436741 
583 0.397925 0.436612 
584 0.399351 0.436483 
585 0.400832 0.436354 
586 0.402366 0.436224 
587 0.403955 0.436095 
588 0.405596 0.435966 
589 0.407291 0.435838 
590 0.409039 0.435711 
591 0.410839 0.435584 
592 0.412692 0.435458 
593 0.414596 0.435333 
594 0.416552 0.43521 
595 0.418559 0.435088 
596 0.420618 0.434967 
597 0.422726 0.434848 
598 0.424886 0.434731 
599 0.427095 0.434615 
600 0.429354 0.434501 
601 0.431662 0.43439 
602 0.434019 0.434281 
603 0.436424 0.434174 
604 0.438878 0.434069 
605 0.441379 0.433967 
606 0.443928 0.433867 
607 0.446525 0.433771 
608 0.449167 0.433677 
609 0.451856 0.433586 
610 0.454591 0.433498 
611 0.457372 0.433413 
612 0.460198 0.433331 
613 0.463068 0.433253 
614 0.465983 0.433177 
615 0.468941 0.433106 
616 0.471943 0.433038 
617 0.474988 0.432973 
618 0.478076 0.432912 
619 0.481206 0.432855 
620 0.484378 0.432801 
621 0.487591 0.432751 
622 0.490845 0.432706 
623 0.494139 0.432664 
624 0.497473 0.432626 
625 0.500847 0.432592 
626 0.50426 0.432563 
627 0.507711 0.432537 
628 0.511201 0.432516 
629 0.514728 0.432498 
630 0.518293 0.432486 
631 0.521894 0.432477 
632 0.525531 0.432473 
633 0.529204 0.432473 
634 0.532913 0.432477 
635 0.536656 0.432486 
636 0.540433 0.432499 
637 0.544244 0.432517 
638 0.548089 0.432539 
639 0.551966 0.432566 
640 0.555875 0.432597 
641 0.559816 0.432633 
642 0.563788 0.432673 
643 0.567791 0.432718 
644 0.571824 0.432767 
645 0.575887 0.43282 
646 0.579979 0.432879 
647 0.584099 0.432941 
648 0.588248 0.433008 
649 0.592424 0.43308 
650 0.596627 0.433156 
651 0.600856 0.433237 
652 0.605112 0.433322 
653 0.609392 0.433411 
654 0.613698 0.433505 
655 0.618027 0.433603 
656 0.62238 0.433706 
657 0.626757 0.433813 
658 0.631156 0.433924 
659 0.635577 0.434039 
660 0.640019 0.434159 
661 0.644482 0.434283 
662 0.648966 0.434411 
663 0.653469 0.434543 
664 0.657991 0.434679 
665 0.662532 0.434818 
666 0.667091 0.434962 
667 0.671667 0.43511 
668 0.67626 0.435262 
669 0.680869 0.435417 
670 0.685494 0.435576 
671 0.690134 0.435738 
672 0.694789 0.435904 
673 0.699457 0.436073 
674 0.704139 0.436246 
675 0.708833 0.436422 
676 0.71354 0.436601 
677 0.718257 0.436784 
678 0.722986 0.436969 
679 0.727726 0.437157 
680 0.732474 0.437348 
681 0.737232 0.437542 
682 0.741999 0.437738 
683 0.746773 0.437937 
684 0.751555 0.438138 
685 0.756344 0.438342 
686 0.761138 0.438547 
687 0.765938 0.438755 
688 0.770743 0.438964 
689 0.775552 0.439175 
690 0.780365 0.439388 
691 0.785181 0.439603 
692 0.789999 0.439818 
693 0.79482 0.440035 
694 0.799641 0.440253 
695 0.804463 0.440472 
696 0.809285 0.440692 
697 0.814107 0.440912 
698 0.818927 0.441133 
699 0.823746 0.441354 
700 0.828562 0.441576 
701 0.833375 0.441797 
702 0.838184 0.442018 
703 0.842989 0.442239 
704 0.84779 0.44246 
705 0.852585 0.442679 
706 0.857374 0.442898 
707 0.862156 0.443116 
708 0.866931 0.443333 
709 0.871698 0.443549 
710 0.876457 0.443763 
711 0.881206 0.443976 
712 0.885946 0.444186 
713 0.890676 0.444395 
714 0.895395 0.444602 
715 0.900102 0.444806 
716 0.904797 0.445008 
717 0.90948 0.445207 
718 0.914149 0.445404 
719 0.918805 0.445597 
720 0.923446 0.445788 
721 0.928072 0.445975 
722 0.932683 0.446158 
723 0.937277 0.446338 
724 0.941855 0.446514 
725 0.946415 0.446687 
726 0.950958 0.446855 
727 0.955482 0.447019 
728 0.959987 0.447178 
729 0.964473 0.447334 
730 0.968938 0.447484 
731 0.973382 0.44763 
732 0.977806 0.44777 
733 0.982207 0.447906 
734 0.986586 0.448037 
735 0.990942 0.448162 
736 0.995275 0.448282 
737 0.999584 0.448396 
738 1.00387 0.448505 
739 1.00813 0.448607 
740 1.01236 0.448705 
741 1.01657 0.448796 
742 1.02075 0.448881 
743 1.0249 0.44896 
744 1.02903 0.449032 
745 1.03312 0.449099 
746 1.03719 0.449159 
747 1.04123 0.449212 
748 1.04524 0.44926 
749 1.04922 0.4493 
750 1.05317 0.449334 
751 1.05709 0.449362 
752 1.06097 0.449383 
753 1.06482 0.449397 
754 1.06864 0.449404 
755 1.07243 0.449404 
756 1.07619 0.449398 
757 1.07991 0.449385 
758 1.08359 0.449365 
759 1.08724 0.449338 
760 1.09086 0.449305 
761 1.09444 0.449264 
762 1.09798 0.449217 
763 1.10148 0.449163 
764 1.10495 0.449103 
765 1.10838 0.449035 
766 1.11178 0.448961 
767 1.11513 0.44888 
768 1.11845 0.448793 
769 1.12172 0.448699 
770 1.12496 0.448598 
771 1.12816 0.448491 
772 1.13132 0.448378 
773 1.13443 0.448258 
774 1.13751 0.448132 
775 1.14054 0.447999 
776 1.14353 0.447861 
777 1.14648 0.447716 
778 1.14939 0.447565 
779 1.15226 0.447409 
780 1.15508 0.447246 
781 1.15785 0.447078 
782 1.16059 0.446905 
783 1.16328 0.446725 
784 1.16592 0.44654 
785 1.16853 0.44635 
786 1.17108 0.446155 
787 1.17359 0.445954 
788 1.17606 0.445749 
789 1.17848 0.445538 
790 1.18085 0.445323 
791 1.18318 0.445103 
792 1.18546 0.444878 
793 1.18769 0.444649 
794 1.18988 0.444416 
795 1.19202 0.444178 
796 1.19411 0.443937 
797 1.19616 0.443691 
798 1.19816 0.443442 
799 1.2001 0.443189 
800 1.20201 0.442932 
801 1.20386 0.442672 
802 1.20566 0.442408 
803 1.20742 0.442142 
804 1.20912 0.441872 
805 1.21078 0.4416 
806 1.21239 0.441324 
807 1.21395 0.441047 
808 1.21546 0.440766 
809 1.21692 0.440484 
810 1.21833 0.440199 
811 1.21969 0.439912 
812 1.221 0.439623 
813 1.22226 0.439333 
814 1.22347 0.43904 
815 1.22463 0.438747 
816 1.22574 0.438452 
817 1.2268 0.438156 
818 1.22781 0.437859 
819 1.22877 0.437561 
820 1.22968 0.437263 
821 1.23053 0.436964 
822 1.23134 0.436664 
823 1.2321 0.436365 
824 1.23281 0.436065 
825 1.23346 0.435766 
826 1.23407 0.435467 
827 1.23463 0.435168 
828 1.23513 0.43487 
829 1.23559 0.434572 
830 1.23599 0.434276 
831 1.23635 0.433981 
832 1.23665 0.433687 
833 1.23691 0.433394 
834 1.23711 0.433103 
835 1.23727 0.432814 
836 1.23737 0.432527 
837 1.23743 0.432242 
838 1.23743 0.43196 
839 1.23739 0.43168 
840 1.23729 0.431403 
841 1.23715 0.431128 
842 1.23696 0.430857 
843 1.23672 0.430589 
844 1.23643 0.430324 
845 1.23609 0.430063 
846 1.2357 0.429806 
847 1.23526 0.429553 
848 1.23478 0.429304 
849 1.23425 0.42906 
850 1.23367 0.42882 
851 1.23304 0.428585 
852 1.23236 0.428355 
853 1.23164 0.42813 
854 1.23087 0.42791 
855 1.23005 0.427696 
856 1.22919 0.427487 
857 1.22828 0.427284 
858 1.22732 0.427088 
859 1.22632 0.426898 
860 1.22527 0.426714 
861 1.22418 0.426536 
862 1.22304 0.426366 
863 1.22185 0.426202 
864 1.22062 0.426046 
865 1.21935 0.425896 
866 1.21803 0.425755 
867 1.21667 0.425621 
868 1.21527 0.425494 
869 1.21382 0.425376 
870 1.21233 0.425265 
871 1.2108 0.425163 
872 1.20922 0.425069 
873 1.2076 0.424984 
874 1.20595 0.424907 
875 1.20425 0.424839 
876 1.2025 0.42478 
877 1.20072 0.42473 
878 1.1989 0.424689 
879 1.19704 0.424657 
880 1.19514 0.424634 
881 1.1932 0.424621 
882 1.19122 0.424617 
883 1.1892 0.424622 
884 1.18714 0.424637 
885 1.18505 0.424662 
886 1.18292 0.424697 
887 1.18075 0.424741 
888 1.17854 0.424795 
889 1.1763 0.424859 
890 1.17403 0.424933 
891 1.17171 0.425016 
892 1.16937 0.425109 
893 1.16698 0.425213 
894 1.16457 0.425326 
895 1.16212 0.425449 
896 1.15964 0.425581 
897 1.15712 0.425724 
898 1.15457 0.425876 
899 1.15199 0.426038 
900 1.14938 0.42621 
901 1.14674 0.426391 
902 1.14407 0.426582 
903 1.14136 0.426782 
904 1.13863 0.426991 
905 1.13587 0.42721 
906 1.13307 0.427438 
907 1.13025 0.427675 
908 1.12741 0.427921 
909 1.12453 0.428176 
910 1.12163 0.42844 
911 1.1187 0.428712 
912 1.11574 0.428993 
913 1.11276 0.429283 
914 1.10975 0.42958 
915 1.10672 0.429886 
916 1.10367 0.4302 
917 1.10059 0.430521 
918 1.09749 0.43085 
919 1.09436 0.431187 
920 1.09121 0.431531 
921 1.08804 0.431883 
922 1.08485 0.432241 
923 1.08164 0.432606 
924 1.07841 0.432978 
925 1.07515 0.433357 
926 1.07188 0.433742 
927 1.06859 0.434134 
928 1.06528 0.434531 
929 1.06195 0.434935 
930 1.05861 0.435344 
931 1.05525 0.435759 
932 1.05187 0.436179 
933 1.04847 0.436605 
934 1.04506 0.437036 
935 1.04164 0.437472 
936 1.0382 0.437913 
937 1.03474 0.438359 
938 1.03128 0.438809 
939 1.0278 0.439263 
940 1.0243 0.439722 
941 1.0208 0.440186 
942 1.01728 0.440653 
943 1.01375 0.441124 
944 1.01021 0.441599 
945 1.00667 0.442077 
946 1.00311 0.442559 
947 0.999539 0.443045 
948 0.995962 0.443534 
949 0.992378 0.444026 
950 0.988785 0.444521 
951 0.985186 0.44502 
952 0.98158 0.445521 
953 0.977967 0.446025 
954 0.974349 0.446531 
955 0.970725 0.447041 
956 0.967097 0.447553 
957 0.963464 0.448067 
958 0.959828 0.448584 
959 0.956188 0.449103 
960 0.952545 0.449624 
961 0.9489 0.450147 
962 0.945253 0.450673 
963 0.941605 0.4512 
964 0.937955 0.45173 
965 0.934306 0.452261 
966 0.930656 0.452794 
967 0.927006 0.453329 
968 0.923358 0.453865 
969 0.919711 0.454403 
970 0.916065 0.454942 
971 0.912422 0.455483 
972 0.908782 0.456025 
973 0.905145 0.456568 
974 0.901512 0.457113 
975 0.897883 0.457658 
976 0.894258 0.458205 
977 0.890638 0.458752 
978 0.887024 0.4593 
979 0.883416 0.459848 
980 0.879814 0.460397 
981 0.876219 0.460946 
982 0.872632 0.461496 
983 0.869052 0.462046 
984 0.86548 0.462595 
985 0.861916 0.463145 
986 0.858362 0.463694 
987 0.854817 0.464243 
988 0.851282 0.464791 
989 0.847757 0.465338 
990 0.844243 0.465884 
991 0.840739 0.466428 
992 0.837248 0.466971 
993 0.833768 0.467513 
994 0.8303 0.468052 
995 0.826846 0.46859 
996 0.823404 0.469124 
997 0.819976 0.469657 
998 0.816562 0.470186 
999 0.813162 0.470712 
1000 0.809776 0.471234 
