                       0
   2.764806673400188e-05
   0.0001107667815885954
    0.000249687542649915
   0.0004446339966733044
   0.0006957247578760335
    0.001002977861237241
    0.001366316792606919
     0.00178557788814872
    0.002260518855449505
    0.002790828138235891
    0.003376134827196924
    0.004016018811638758
    0.004710020870802354
    0.005457652419367949
    0.006258404648130005
    0.007111756836730031
    0.008017183658934413
    0.008974161350070727
    0.009982172658524217
     0.01104071055606957
      0.0121492807327435
     0.01330740294856696
     0.01451461135454952
     0.01577045392741413
     0.01707449118512093
     0.01842629436295699
     0.01982544323266458
     0.02127152374037172
     0.02276412562400021
     0.02430284014891762
     0.02588725807365955
     0.02751696792753539
     0.02919155465094906
     0.03091059861916761
     0.03267367504279754
     0.03448035371482956
      0.0363301990557154
     0.03822277039522349
     0.04015762242298038
     0.04213430573832399
     0.04415236743395759
     0.04621135165588452
     0.04831080009335516
     0.05045025236571143
     0.05262924628706339
     0.05484731800343047
     0.05710400200938156
     0.05939883106154398
     0.06173133601398479
     0.06410104560514845
        0.06650748622768
     0.06895018171125245
     0.07142865314480785
     0.07394241875897246
     0.07649099388250626
     0.07907389097904297
     0.08169061976288254
     0.08434068738579091
       0.087023598681058
     0.08973885644699385
     0.09248596174966624
     0.09526441422418015
      0.0980737123549706
      0.1009133537183026
      0.1037828351739726
      0.1066816529979315
      0.1096093029523701
      0.1125652802947692
      0.1155490797316808
      0.1185601953266516
      0.1215981203741638
      0.1246623472527985
      0.1277523672710805
      0.1308676705184406
      0.1340077457319426
      0.1371720801867356
      0.1403601596152938
      0.1435714681572526
      0.1468054883387232
      0.1500617010773026
      0.1533395857069092
      0.1566386200154714
      0.1599582802876536
      0.1632980413453717
      0.1666573765796144
       0.170035757968567
      0.1734326560790569
      0.1768475400502403
      0.1802798775606188
      0.1837291347812222
      0.1871947763192315
       0.190676265157465
      0.1941730625954056
      0.1976846281972464
      0.2012104197520224
      0.2047498932496402
      0.2083025028750198
       0.211867701021356
      0.2154449383213839
      0.2190336636945748
      0.2226333244063448
      0.2262433661349203
      0.2298632330408623
      0.2334923678341045
      0.2371302118339187
      0.2407762050180345
      0.2444297860580385
      0.2480903923395562
      0.2517574599671437
      0.2554304237549571
      0.2591087172054434
       0.262791772479326
      0.2664790203605265
       0.270169890220039
      0.2738638099825945
      0.2775602060996483
        0.28125850353124
      0.2849581257387547
      0.2886584946893459
      0.2923590308719449
      0.2960591533239836
      0.2997582796668843
      0.3034558261483083
      0.3071512076885873
      0.3108438379290119
      0.3145331292797008
      0.3182184929655177
      0.3218993390688541
      0.3255750765692808
      0.3292451133802549
      0.3329088563841708
      0.3365657114676674
      0.3402150835588908
      0.3438563766694763
      0.3474889939431847
      0.3511123377133221
      0.3547258095704119
      0.3583288104413299
      0.3619207406799195
      0.3655010001688887
      0.3690689884319973
      0.3726241047549237
      0.3761657483129908
      0.3796933183034284
      0.3832062140802143
      0.3867038352894037
       0.390185582003241
      0.3936508548520952
        0.39709905515329
      0.4005295850372466
      0.4039418475710954
       0.407335246881261
      0.4107091882760948
      0.4140630783708092
       0.417396325216048
      0.4207083384321749
      0.4239985293507439
      0.4272663111642884
      0.4305110990851598
       0.433732310513772
      0.4369293652158278
      0.4401016855079785
      0.4432486964507683
      0.4463698260476553
       0.449464505448648
      0.4525321691573424
      0.4555722552397667
      0.4585842055346849
      0.4615674658640161
      0.4645214862440562
      0.4674457210968264
        0.47033962946277
      0.4732026752153789
      0.4760343272787215
      0.4788340598491009
      0.4816013526219361
      0.4843356910246929
      0.4870365664565646
      0.4897034765350932
      0.4923359253496721
      0.4949334237216186
      0.4974954894696788
      0.5000216476800338
      0.5025114309794307
      0.5049643798097878
      0.5073800427031941
      0.5097579765554965
      0.5120977468978058
      0.5143989281649657
      0.5166611039603232
      0.5188838673170493
      0.5210668209559141
      0.5232095775404307
      0.5253117599297337
      0.5273730014303497
      0.5293929460477954
      0.5313712487385884
      0.5333075756636173
      0.5352016044431264
      0.5370530244134901
       0.538861536885654
      0.5406268554044311
      0.5423487060083506
      0.5440268274885764
      0.5456609716460826
      0.5472509035457358
      0.5487964017661536
      0.5502972586446218
      0.5517532805158115
      0.5531642879440386
      0.5545301159490832
      0.5558506142250825
      0.5571256473530801
      0.5583550950076551
      0.5595388521583288
      0.5606768292663757
      0.5617689524773665
      0.5628151638103247
      0.5638154213435905
      0.5647696993974115
      0.5656779887130443
      0.5665402966281389
       0.567356647247052
      0.5681270816058586
      0.5688516578305968
      0.5695304512879847
      0.5701635547271359
      0.5707510784116918
      0.5712931502415814
      0.5717899158639911
      0.5722415387729419
      0.5726482003982052
      0.5730101001832643
      0.5733274556533001
      0.5736005024734073
      0.5738294944986223
      0.5740147038153715
      0.5741564207761652
      0.5742549540272718
      0.5743106305301962
      0.5743237955765609
      0.5742948127965107
      0.5742240641602919
      0.5741119499720442
      0.5739588888553947
      0.5737653177296056
      0.5735316917758058
      0.5732584843922131
      0.5729461871378235
       0.572595309663916
      0.5722063796334403
      0.5717799426280936
      0.5713165620430745
      0.5708168189704177
      0.5702813120712402
      0.5697106574373837
      0.5691054884434119
      0.5684664555892524
      0.5677942263345066
      0.5670894849238191
      0.5663529322042375
      0.5655852854338547
      0.5647872780815419
      0.5639596596170007
      0.5631031952905177
      0.5622186659014897
      0.5613068675546911
      0.5603686114036432
      0.5594047233802895
      0.5584160439104189
      0.5574034276144884
      0.5563677429937408
      0.5553098721018448
      0.5542307102021256
      0.5531311654113075
      0.5520121583300405
      0.5508746216605988
      0.5497194998130777
      0.5485477484995893
      0.5473603343174704
       0.546158234321013
      0.5449424355818885
      0.5437139347376497
      0.5424737375276084
      0.5412228583153592
      0.5399623195969278
      0.5386931514934999
      0.5374163912280536
      0.5361330825846156
       0.534844275349928
      0.5335510247366266
      0.5322543907884184
      0.5309554377662355
      0.5296552335171002
      0.5283548488249186
       0.527055356744754
      0.5257578319211031
       0.524463349890935
      0.5231729863721993
      0.5218878165389388
      0.5206089142828872
      0.5193373514625693
      0.5180741971395515
      0.5168205168023901
      0.5155773715780667
       0.514345817430558
      0.5131269043470524
      0.5119216755113017
      0.5107311664647629
      0.5095564042557337
      0.5083984065773089
      0.5072581808954204
      0.5061367235681139
      0.5050350189578501
      0.5039540385390641
      0.5028947400028476
       0.501858066361247
      0.5008449450537474
      0.4998562870580603
      0.4988929860077899
      0.4979559173189976
      0.4970459373277019
      0.4961638824401978
      0.4953105682977185
      0.4944867889569874
      0.4936933160878772
      0.4929308981899093
      0.4922002598283584
      0.4915021008918201
      0.4908370958726723
      0.4902058931721415
      0.4896091144321055
      0.4890473538956379
      0.4885211777987803
      0.4880311237959368
      0.4875777004215885
      0.4871613865907626
      0.4867826311408538
      0.4864418524170223
       0.486139437903055
      0.4858757438997413
      0.4856510952517081
      0.4854657851238591
      0.4853200748280058
      0.4852141936997835
      0.4851483390258267
      0.4851226760207249
      0.4851373378533564
      0.4851924257218432
      0.4852880089765499
      0.4854241252901493
      0.4856007808744797
      0.4858179507433196
      0.4860755790204905
      0.4863735792929018
      0.4867118350078108
      0.4870901999137101
      0.4875084985437542
      0.4879665267410725
      0.4884640522241731
      0.4890008151910689
      0.4895765289599733
      0.4901908806444265
      0.4908435318599548
      0.4915341194596152
      0.4922622562952062
      0.4930275320009581
      0.4938295137966685
      0.4946677473069325
      0.4955417573935089
      0.4964510489980308
      0.4973951079927609
      0.4983734020365471
       0.499385381434562
      0.5004304799997881
      0.5015081159147236
      0.5026176925920227
      0.5037585995326234
      0.5049302131803663
       0.506131897771628
      0.5073630061786729
      0.5086228807452744
      0.5099108541131975
      0.5112262500376482
      0.5125683841901865
       0.513936564947319
      0.5153300941628668
       0.516748267922886
      0.5181903772813595
      0.5196557089755448
      0.5211435461200962
      0.5226531688791802
      0.5241838551161379
      0.5257348810207823
      0.5273055217144365
      0.5288950518328306
      0.5305027460877059
      0.5321278798074464
      0.5337697294575005
      0.5354275731409335
      0.5371006910796827
      0.5387883660770051
      0.5404898839605119
      0.5422045340070456
       0.543931609347887
      0.5456704073550063
      0.5474202300080172
      0.5491803842410782
      0.5509501822700421
      0.5527289418998306
       0.554515986811794
      0.5563106468318073
      0.5581122581794282
      0.5599201636988795
       0.561733713072765
      0.5635522630198984
       0.565375177477684
      0.5672018277711018
      0.5690315927687462
      0.5708638590273768
      0.5726980209256008
      0.5745334807878555
      0.5763696489985497
      0.5782059441076649
      0.5800417929271502
      0.5818766306187145
      0.5837099007728237
      0.5855410554788001
      0.5873695553860615
      0.5891948697565067
      0.5910164765079374
      0.5928338622493597
      0.5946465223076363
        0.59645396074722
      0.5982556903827418
      0.6000512327854138
      0.6018401182846557
      0.6036218859650796
      0.6053960836603036
      0.6071622679438397
      0.6089200041177424
       0.610668866200061
      0.6124084369101832
      0.6141383076535315
       0.615858078504146
      0.6175673581861681
      0.6192657640529607
      0.6209529220642329
      0.6226284667602383
      0.6242920412330568
       0.625943297094803
      0.6275818944427782
      0.6292075018210018
      0.6308197961796471
      0.6324184628314548
      0.6340031954064372
      0.6355736958051945
      0.6371296741518657
      0.6386708487465358
      0.6401969460182866
       0.641707700479491
       0.643202854680905
      0.6446821591683105
      0.6461453724407803
      0.6475922609096082
      0.6490225988587539
      0.6504361684054435
      0.6518327594609524
      0.6532121696909859
      0.6545742044753317
      0.6559186768664084
      0.6572454075466724
      0.6585542247844236
      0.6598449643886459
      0.6611174696627238
      0.6623715913574219
      0.6636071876236223
      0.6648241239653927
      0.6660222731938127
      0.6672015153815213
      0.6683617378191578
      0.6695028349732446
      0.6706247084454999
      0.6717272669342292
      0.6728104261968284
      0.6738741090132552
      0.6749182451500987
      0.6759427713248752
      0.6769476311695697
      0.6779327751934696
      0.6788981607447498
      0.6798437519702683
      0.6807695197738219
      0.6816754417726698
      0.6825615022526563
      0.6834276921218266
      0.6842740088635694
      0.6851004564890193
      0.6859070454898689
      0.6866937927912092
       0.687460721705547
      0.6882078618877703
      0.6889352492912502
      0.6896429261249877
      0.6903309408119352
      0.6909993479475084
      0.6916482082587555
      0.6922775885627911
       0.692887561724708
      0.6934782066141619
      0.6940496080603812
      0.6946018568048896
      0.6951350494525549
       0.695649288419838
      0.6961446818815873
      0.6966213437155909
      0.6970793934455104
      0.6975189561831173
       0.697940162569299
      0.6983431487152993
      0.6987280561432921
      0.6990950317279262
      0.6994442276376556
       0.699775801276704
      0.7000899152270312
      0.7003867371902788
      0.7006664399290521
      0.7009292012073313
      0.7011752037292275
      0.7014046350759323
      0.7016176876402493
      0.7018145585582686
      0.7019954496386045
      0.7021605672881432
      0.7023101224355902
      0.7024443304519458
      0.7025634110691423
      0.7026675882965566
      0.7027570903363791
      0.7028321494980156
      0.7028930021118682
      0.7029398884428667
      0.7029730526040291
      0.7029927424698028
      0.7029992095892551
      0.7029927090989426
      0.7029734996348236
      0.7029418432430073
      0.7028980052885441
      0.7028422543623734
      0.7027748621852803
       0.702696103508986
      0.7026062560141038
      0.7025056002047029
      0.7023944192996578
      0.7022729991210387
       0.702141627979827
       0.702000596559097
      0.7018501977958055
      0.7016907267607286
      0.7015224805377778
      0.7013457581025203
      0.7011608602002267
       0.700968089223701
      0.7007677490906908
      0.7005601451206133
      0.7003455839105207
      0.7001243732097393
      0.6998968217926834
      0.6996632393298871
      0.6994239362559153
      0.6991792236352037
      0.6989294130242115
      0.6986748163312424
      0.6984157456726253
      0.6981525132269629
      0.6978854310866788
      0.6976148111078609
      0.6973409647590127
      0.6970642029690192
      0.6967848359748069
      0.6965031731692991
      0.6962195229501454
      0.6959341925686119
      0.6956474879798125
      0.6953597136931319
      0.6950711726231729
      0.6947821659406692
      0.6944929929231736
      0.6942039508047473
      0.6939153346248008
       0.693627437075209
      0.6933405483460541
      0.6930549559696804
      0.6927709446632102
       0.692488796169921
      0.6922087890999226
      0.6919311987703763
      0.6916562970461544
      0.6913843521814598
      0.6911156286630198
      0.6908503870552919
       0.690588883848084
      0.6903313713071622
      0.6900780973275437
      0.6898293052898918
      0.6895852339194358
      0.6893461171476443
      0.6891121839760156
      0.6888836583417497
      0.6886607589850887
      0.6884436993179213
       0.688232687293875
      0.6880279252794926
      0.6878296099268473
      0.6876379320484524
      0.6874530764936549
      0.6872752220286104
       0.687104541219462
      0.6869412003195499
      0.6867853591616714
      0.6866371710555921
      0.6864967826913277
      0.6863643340485361
      0.6862399583122076
      0.6861237817944711
      0.6860159238624882
      0.6859164968721424
       0.685825606107054
      0.6857433497222867
      0.6856698186930088
      0.6856050967670178
      0.6855492604214207
      0.6855023788230081
       0.685464513792596
      0.6854357197734057
      0.6854160438039802
      0.6854055254959867
      0.6854041970173065
      0.6854120830812803
      0.6854292009425338
      0.6854555603997092
      0.6854911638057289
      0.6855360060855471
      0.6855900747617796
      0.6856533499876343
      0.6857258045874218
      0.6858074041038398
      0.6858981068516536
      0.6859978639772766
       0.686106619523728
      0.6862243105003217
      0.6863508669568196
      0.6864862120618324
      0.6866302621852883
      0.6867829269847796
      0.6869441094964696
      0.6871137062303029
      0.6872916072704384
      0.6874776963807055
      0.6876718511161923
      0.6878739429405148
       0.688083837349581
      0.6883013940016803
       0.688526466853755
      0.6887589043035767
      0.6889985493374743
      0.6892452396829857
      0.6894988079657322
      0.6897590818693899
      0.6900258842990821
      0.6902990335460265
      0.6905783434539942
      0.6908636235865946
      0.6911546793954668
      0.6914513123883975
      0.6917533202985369
      0.6920604972539882
      0.6923726339485501
      0.6926895178137994
      0.6930109331926406
      0.6933366615148382
      0.6936664814749922
      0.6940001692122821
       0.694337498492625
      0.6946782408924014
      0.6950221659838699
      0.6953690415212894
      0.6957186336270708
      0.6960707069777226
      0.6964250249879633
      0.6967813499933919
      0.6971394434303536
      0.6974990660126142
      0.6978599779051302
      0.6982219388941053
      0.6985847085538524
      0.6989480464106358
      0.6993117121034922
      0.6996754655430747
      0.7000390670680424
      0.7004022776006305
      0.7007648588001648
      0.7011265732161325
      0.7014871844398156
      0.7018464572549343
      0.7022041577864515
      0.7025600536476382
      0.7029139140842183
      0.7032655101156299
      0.7036146146718844
      0.7039610027263075
      0.7043044514231291
      0.7046447401994725
      0.7049816509018163
      0.7053149678972136
      0.7056444781785022
       0.705969971465029
      0.7062912402983814
      0.7066080801344999
       0.706920289432193
      0.7072276697390338
      0.7075300257748818
      0.7078271655136792
      0.7081189002637697
      0.7084050447463179
      0.7086854171721576
      0.7089598393170454
      0.7092281365940714
      0.7094901381236852
      0.7097456768000376
      0.7099945893536598
      0.7102367164100799
      0.7104719025437845
      0.7106999963276309
      0.7109208503780693
      0.7111343213958603
      0.7113402702034171
      0.7115385617788113
      0.7117290652876577
      0.7119116541130102
      0.7120862058844916
      0.7122526025070952
      0.7124107301901969
      0.7125604794768184
      0.7127017452738201
      0.7128344268824284
      0.7129584280294026
      0.7130736568978006
        0.71318002615745
       0.713277452994271
      0.7133658591380854
      0.7134451708883474
      0.7135153191373775
      0.7135762393914987
      0.7136278717891928
      0.7136701611175608
        0.71370305682666
      0.7137265130427182
       0.713740488580675
      0.7137449469571974
      0.7137398564044151
      0.7137251898851074
      0.7137009251099643
      0.7136670445573752
      0.7136235354954529
      0.7135703900066505
      0.7135076050139809
      0.7134351823094434
      0.7133531285830839
      0.7132614554521146
      0.7131601794902249
      0.7130493222556231
       0.712928910317115
      0.7127989752790916
      0.7126595538037739
      0.7125106876320958
      0.7123524236022507
      0.7121848136675677
      0.7120079149131174
      0.7118217895724305
      0.7116265050440157
      0.7114221339099861
      0.7112087539547742
       0.710986448185944
      0.7107553048567126
       0.710515417489076
      0.7102668848984246
      0.7100098112179044
      0.7097443059222059
      0.7094704838496765
      0.7091884652224814
      0.7088983756629404
      0.7086003462059782
      0.7082945133072324
        0.70798101884607
      0.7076600101236383
      0.7073316398560429
      0.7069960661631315
      0.7066534525528625
      0.7063039679023614
      0.7059477864362965
      0.7055850877023214
      0.7052160565448434
      0.7048408830771814
      0.7044597626515935
      0.7040728958276049
       0.703680488337813
       0.703282751050393
      0.7028798999277645
      0.7024721559801819
      0.7020597452136375
      0.7016428985704306
      0.7012218518625667
      0.7007968456965896
       0.700368125389874
      0.6999359408782466
       0.699500546614799
      0.6990622014609004
      0.6986211685693954
      0.6981777152608311
      0.6977321128939298
      0.6972846367304938
      0.6968355657957784
      0.6963851827345525
      0.6959337736630645
      0.6954816280171917
      0.6950290383963629
      0.6945763004024895
      0.6941237124735097
      0.6936715757107952
       0.693220193699351
      0.6927698723200848
      0.6923209195538623
      0.6918736452762144
      0.6914283610431806
      0.6909853798682974
      0.6905450159907153
      0.6901075846359706
       0.689673401769665
      0.6892427838455184
      0.6888160475492459
      0.6883935095385533
      0.6879754861817212
      0.6875622932944717
      0.6871542458764223
      0.6867516578473297
      0.6863548417831363
      0.6859641086517254
      0.6855797675480585
      0.6852021254277955
      0.6848314868392548
      0.6844681536525895
      0.6841124247858933
      0.6837645959282785
      0.6834249592594078
      0.6830938031665666
      0.6827714119588186
      0.6824580655808444
      0.6821540393260623
      0.6818596035520464
      0.6815750233985856
      0.6813005585108231
      0.6810364627684036
      0.6807829840220229
      0.6805403638385895
      0.6803088372550735
      0.6800886325417125
      0.6798799709745488
      0.6796830666162739
      0.6794981261056808
      0.6793253484541307
      0.6791649248489802
      0.6790170384628947
      0.6788818642688789
      0.6787595688606831
      0.6786503102790881
      0.6785542378442831
      0.6784714919958064
      0.6784022041404065
      0.6783464965102347
      0.6783044820323051
      0.6782762642109088
      0.6782619370242441
      0.6782615848367038
      0.6782752823272805
      0.6783030944343841
      0.6783450763172276
      0.6784012733331718
      0.6784717210301232
      0.6785564451525143
      0.6786554616599108
      0.6787687767566093
       0.678896386930768
       0.679038279002152
      0.6791944301774987
      0.6793648081132114
      0.6795493709853675
      0.6797480675673693
      0.6799608373162036
      0.6801876104682385
      0.6804283081455561
      0.6806828424749995
      0.6809511167195689
      0.6812330254241976
      0.6815284545761128
      0.6818372817790731
      0.6821593764421192
       0.682494599980545
      0.6828428060288151
      0.6832038406625098
      0.6835775426280926
      0.6839637435778616
      0.6843622683082778
      0.6847729349997538
      0.6851955554569253
      0.6856299353479336
      0.6860758744428506
       0.686533166851186
      0.6870016012591653
      0.6874809611681261
      0.6879710251348506
      0.6884715670157655
      0.6889823562160491
      0.6895031579443724
       0.690033733474626
      0.6905738404141103
      0.6911232329775595
      0.6916816622666763
      0.6922488765524143
      0.6928246215587077
      0.6934086407450208
      0.6940006755848345
      0.6946004658381897
      0.6952077498159539
       0.695822264634028
      0.6964437464568914
      0.6970719307297717
      0.6977065524000867
      0.6983473461291827
      0.6989940464959553
        0.69964638819463
       0.700304106228636
      0.7009669361025402
      0.7016346140147321
      0.7023068770511856
      0.7029834633817369
      0.7036641124585947
       0.704348565216257
      0.7050365642709682
      0.7057278541179496
      0.7064221813233004
      0.7071192947075879
      0.7078189455189239
      0.7085208875919919
      0.7092248774919334
         0.7099306746416
      0.7106380414317491
      0.7113467433154701
        0.71205654888819
      0.7127672299559712
      0.7134785615954202
      0.7141903222086244
       0.714902293576745
      0.7156142609155932
      0.7163260129355974
      0.7170373419083002
      0.7177480437394479
      0.7184579180480815
      0.7191667682502249
      0.7198744016433556
      0.7205806294883738
      0.7212852670844475
      0.7219881338322217
      0.7226890532809175
      0.7233878531563255
      0.7240843653669933
      0.7247784259878401
      0.7254698752222927
      0.7261585573452625
      0.7268443206315678
       0.727527017275272
      0.7282065033063573
      0.7288826385129568
      0.7295552863748136
      0.7302243140153528
      0.7308895921759866
      0.7315509952165244
      0.7322084011405872
      0.7328616916439196
      0.7335107521790386
      0.7341554720279018
      0.7347957443700187
      0.7354314663328527
       0.736062539008117
      0.7366888674185487
       0.737310360418729
      0.7379269305144414
       0.738538493589354
      0.7391449685276013
