                       0
   2.267415953450857e-05
   9.168780770004288e-05
   0.0002088811679665699
   0.0003757480707048377
   0.0005934327986689389
   0.0008627333387338294
    0.001184110813948567
    0.001557704714360621
    0.001983353401839884
    0.002460619234199045
    0.002988817541336094
    0.003567048594786805
    0.004194231645505661
    0.004869140065927615
    0.005590436623750528
    0.006356707937885319
    0.007166497222029729
    0.008018334507443723
    0.008910763651434547
    0.009842365577990985
     0.01081177735664122
     0.01181770689828011
      0.0128589432246377
      0.0139343624427329
     0.01504292971834248
     0.01618369768485469
     0.01735580183850052
     0.01855845355208881
     0.01979093138333157
     0.02105257135938762
     0.02234275688770095
     0.02366090887837501
     0.02500647657117184
     0.02637892944837944
     0.02777775049187317
     0.02920243091762261
     0.03065246640215068
     0.03212735471047964
     0.03362659454977513
     0.03514968541121836
     0.03669612812653619
     0.03826542585500988
      0.0398570852297249
     0.04147061742481991
     0.04310553895388829
     0.04476137206810576
     0.04643764468546733
     0.04813388984425847
     0.04984964472966952
     0.05158444936828609
     0.05333784511817299
     0.05510937310078193
     0.05689857272461099
     0.05870498044028924
     0.06052812884448187
     0.06236754621845468
     0.06422275654960774
     0.06609328004433362
      0.0679786341016637
     0.06987833468250111
     0.07179189798138967
     0.07371884228859449
     0.07565868992079658
     0.07761096909909218
     0.07957521566259343
     0.08155097452339193
     0.08353780079207637
     0.08553526053013115
     0.08754293111398469
     0.08956040122287891
     0.09158727048699498
     0.09362314885170264
     0.09566765572720978
     0.09772041899968449
     0.09978107398008094
      0.1018492623609713
      0.1039246312406858
      0.1060068322593586
      0.1080955208746606
      0.1101903557877308
      0.1122909985136625
       0.114397113077231
      0.1165083658044075
      0.1186244251742484
      0.1207449616942031
      0.1228696477645746
      0.1249981575042091
      0.1271301665186322
       0.129265351602687
      0.1314033903811001
      0.1335439609011178
       0.135686741200366
      0.1378314088795624
      0.1399776407130408
      0.1421251123300251
      0.1442734979962461
      0.1464224705192141
      0.1485717012918873
      0.1507208604794111
      0.1528696173430025
      0.1550176406848544
      0.1571645993890305
      0.1593101630264707
      0.1614540024879446
      0.1635957906074093
      0.1657352027397566
      0.1678719172611673
      0.1700056159667846
      0.1721359843485446
      0.1742627117450281
      0.1763854913643391
      0.1785040201895085
      0.1806179987831047
      0.1827271310130753
      0.1848311237250192
      0.1869296863869528
      0.1890225307312862
      0.1911093704154183
       0.193189920717546
      0.1952638982784948
       0.197331020894226
      0.1993910073577704
      0.2014435773442139
      0.2034884513284863
      0.2055253505233665
       0.207553996824468
      0.2095741127499811
      0.2115854213654318
      0.2135876461873461
      0.2155805110640612
      0.2175637400365122
      0.2195370571861535
      0.2215001864808002
      0.2234528516317062
      0.2253947759763801
      0.2273256824013623
      0.2292452933174337
      0.2311533306966924
       0.233049516176875
      0.2349335712335879
      0.2368052174161993
      0.2386641766384373
      0.2405101715106926
      0.2423429256979702
      0.2441621642856413
      0.2459676141347589
       0.247759004209725
      0.2495360658634356
      0.2512985330684508
      0.2530461425869314
      0.2547786340766707
      0.2564957501351535
      0.2581972362877721
      0.2598828409298286
      0.2615523152344451
      0.2632054130398584
      0.2648418907297118
      0.2664615071189461
      0.2680640233558746
        0.26964920284826
      0.2712168112179851
       0.272766616285554
      0.2742983880825186
      0.2758118988872728
      0.2773069232777443
      0.2787832381934975
      0.2802406229996917
      0.2816788595462009
      0.2830977322168569
      0.2844970279660406
      0.2858765363424461
      0.2872360495025111
      0.2885753622184478
      0.2898942718877661
      0.2911925785524429
      0.2924700849363233
      0.2937265965088832
      0.2949619215821679
      0.2961758714456615
      0.2973682605412277
      0.2985389066773255
      0.2996876312787172
       0.300814259665119
      0.3019186213499594
      0.3030005503488021
      0.3040598854862064
       0.305096470689927
      0.3061101552623459
      0.3071007941208291
      0.3080682480011202
      0.3090123836207239
      0.3099330738022262
      0.3108301975594083
      0.3117036401515621
      0.3125532931134297
      0.3133790542694755
       0.314180827741703
      0.3149585239599058
      0.3157120596821817
      0.3164413580318434
      0.3171463485547245
      0.3178269672985275
      0.3184831569135032
      0.3191148667716374
      0.3197220530998243
       0.320304679121399
      0.3208627151999525
      0.3213961389795951
      0.3219049355167324
      0.3223890973998286
       0.322848624855454
      0.3232835258408819
      0.3236938161254706
      0.3240795193647812
      0.3244406671727006
      0.3247772991975876
      0.3250894632085808
      0.3253772151976707
       0.325640619501973
      0.3258797489489815
      0.3260946850255465
      0.3262855180691341
      0.3264523474777634
      0.3265952819331024
      0.3267144396297151
      0.3268099485025184
      0.3268819464442519
      0.3269305815051707
      0.3269560120682494
      0.3269584069948188
      0.3269379457375994
       0.326894818420382
       0.326829225885903
       0.326741379715612
      0.3266315022267808
      0.3264998264536731
      0.3263465961201248
      0.3261720656108545
      0.3259764999481476
      0.3257601747793067
      0.3255233763785497
      0.3252664016650635
      0.3249895582368402
      0.3246931644179503
      0.3243775493152243
      0.3240430528790647
       0.323690025962409
       0.323318830371764
      0.3229298389047306
      0.3225234353694604
      0.3221000145829441
      0.3216599823467395
       0.321203755400564
      0.3207317613558752
      0.3202444386130104
      0.3197422362664725
      0.3192256140034455
      0.3186950420005475
      0.3181510008231643
      0.3175939813305472
      0.3170244845882842
      0.3164430217879282
      0.3158501141716788
      0.3152462929582256
      0.3146320992643695
      0.3140080840159896
      0.3133748078414139
      0.3127328409403611
      0.3120827629223263
      0.3114251626095479
      0.3107606378013914
        0.31008979499897
      0.3094132490909169
      0.3087316230032332
      0.3080455473178642
      0.3073556598659753
      0.3066626053026461
      0.3059670346698418
      0.3052696049540302
       0.304570978643736
      0.3038718232907688
      0.3031728110769798
       0.302474618386356
      0.3017779253802682
      0.3010834155719048
      0.3003917753945539
      0.2997036937575282
      0.2990198615832713
       0.298340971319543
      0.2976677164215253
      0.2970007908001234
      0.2963408882345142
       0.295688701748966
      0.2950449229558941
      0.2944102413688838
      0.2937853436908153
      0.2931709130831417
      0.2925676284227268
      0.2919761635524293
      0.2913971865308367
      0.2908313588853365
       0.290279334871153
       0.289741760737304
      0.2892192739987617
      0.2887125027126879
      0.2882220647555476
      0.2877485670973757
      0.2872926050694892
      0.2868547616225731
      0.2864356065732334
      0.2860356958387358
      0.2856555706615635
      0.2852957568274644
      0.2849567638826331
      0.2846390843573545
      0.2843431930047192
      0.2840695460637053
      0.2838185805559951
      0.2835907136252909
      0.2833863419266844
      0.2832058410719159
      0.2830495651342624
      0.2829178462145464
      0.2828109940674937
      0.2827292957856606
      0.2826730155364955
      0.2826423943470081
      0.2826376499300052
      0.2826589765459969
      0.2827065448956051
      0.2827805020385462
      0.2828809713368569
       0.283008052421823
      0.2831618211858543
      0.2833423298021391
      0.2835496067761594
      0.2837836570338915
      0.2840444620517154
      0.2843319800326608
      0.2846461461326834
      0.2849868727392741
      0.2853540498030006
      0.2857475452207289
      0.2861672052674598
       0.286612855072103
      0.2870842991312823
      0.2875813218545019
      0.2881036881338033
      0.2886511439314041
      0.2892234168796775
      0.2898202168891399
      0.2904412367616976
      0.2910861528080991
      0.2917546254701969
       0.292446299950029
      0.2931608068487777
      0.2938977628192163
      0.2946567712352639
      0.2954374228817275
      0.2962392966662606
      0.2970619603541148
      0.2979049713245386
      0.2987678773458562
      0.2996502173644993
      0.3005515223017567
      0.3014713158508809
      0.3024091152665588
      0.3033644321386792
      0.3043367731428289
      0.3053256407609715
      0.3063305339672117
      0.3073509488753188
      0.3083863793465842
      0.3094363175584785
       0.310500254536291
      0.3115776806513088
      0.3126680860900555
      0.3137709612995659
      0.3148857974136119
      0.3160120866642618
       0.317149322782211
      0.3182970013880906
      0.3194546203755744
      0.3206216802857297
      0.3217976846708167
      0.3229821404447806
      0.3241745582170958
       0.325374452606462
      0.3265813425311445
      0.3277947514734512
      0.3290142077168794
       0.330239244555746
      0.3314694004784808
      0.3327042193271109
      0.3339432504366155
      0.3351860487587003
      0.3364321749750195
      0.3376811956049106
      0.3389326831123043
      0.3401862160156371
      0.3414413790034341
      0.3426977630568196
      0.3439549655787021
      0.3452125905278972
      0.3464702485551391
      0.3477275571369035
      0.3489841407023175
      0.3502396307482278
       0.351493665937734
      0.3527458921781834
      0.3539959626756434
      0.3552435379641836
       0.356488285909737
       0.357729881689776
      0.3589680077513679
       0.360202353751284
      0.3614326164825878
      0.3626584997925142
      0.3638797144963924
      0.3650959782919248
      0.3663070156773269
      0.3675125578757894
      0.3687123427674975
       0.369906114829216
      0.3710936250802734
      0.3722746310328631
      0.3734488966438805
      0.3746161922652403
      0.3757762945896634
      0.3769289865893442
      0.3780740574456669
      0.3792113024690765
      0.3803405230093286
      0.3814615263574393
      0.3825741256416741
      0.3836781397207111
      0.3847733930776362
      0.3858597157185864
       0.386936943079659
       0.388004915945148
      0.3890634803792994
       0.390112487672684
      0.3911517943030751
      0.3921812619094601
      0.3932007572767005
       0.394210152327413
      0.3952093241170071
      0.3961981548275359
      0.3971765317561064
      0.3981443472940641
      0.3991014988939566
      0.4000478890223323
       0.400983425097623
      0.4019080194136286
      0.4028215890502839
      0.4037240557744212
      0.4046153459339731
      0.4054953903494964
      0.4063641242069518
      0.4072214869553888
      0.4080674222125701
      0.4089018776806894
      0.4097248050733087
       0.410536160053532
      0.4113359021823599
      0.4121239948752717
      0.4129004053643757
      0.4136651046630937
      0.4144180675302747
      0.4151592724309059
      0.4158887014911571
       0.416606340446299
      0.4173121785809981
      0.4180062086625113
      0.4186884268682742
      0.4193588327101939
      0.4200174289585742
      0.4206642215688763
       0.421299219614519
      0.4219224352285675
      0.4225338835565042
      0.4231335827214154
      0.4237215538018712
      0.4242978208217018
      0.4248624107498156
      0.4254153535073237
       0.425956681978561
      0.4264864320222408
      0.4270046424789435
      0.4275113551714536
      0.4280066148950836
      0.4284904693959893
      0.4289629693365488
      0.4294241682479881
      0.4298741224715497
      0.4303128910904709
      0.4307405358557928
      0.4311571211094941
      0.4315627137085913
      0.4319573829536534
      0.4323412005246775
      0.4327142404264983
       0.433076578944959
      0.4334282946140092
      0.4337694681928623
      0.4341001826514088
      0.4344205231613292
      0.4347305770898917
      0.4350304339932356
      0.4353201856061034
      0.4355999258254327
      0.4358697506859334
      0.4361297583266662
      0.4363800489486216
      0.4366207247642881
      0.4368518899410662
      0.4370736505410767
      0.4372861144603444
      0.4374893913704513
      0.4376835926655764
       0.437868831417335
      0.4380452223390961
      0.4382128817605241
      0.4383719276120761
      0.4385224794181756
      0.4386646582968748
      0.4387985869631056
      0.4389243897321801
      0.4390421925200486
      0.4391521228370354
      0.4392543097722527
      0.4393488839666743
      0.4394359775738002
       0.439515724207924
      0.4395882588810758
      0.4396537179306899
      0.4397122389408413
      0.4397639606604197
      0.4398090229218212
      0.4398475665636212
      0.4398797333602618
      0.4399056659610654
      0.4399255078399616
      0.4399394032562746
      0.4399474972258361
       0.439949935500711
      0.4399468645549954
      0.4399384315735833
      0.4399247844405271
      0.4399060717236799
       0.439882442652678
      0.4398540470879837
      0.4398210354795749
      0.4397835588148649
      0.4397417685564661
      0.4396958165713751
      0.4396458550539347
      0.4395920364455062
      0.4395345133540227
      0.4394734384765421
      0.4394089645275485
       0.439341244175082
      0.4392704299859366
       0.439196674380152
      0.4391201295940194
      0.4390409476498652
      0.4389592803301041
       0.438875279152497
      0.4387890953433367
      0.4387008798053565
      0.4386107830775716
      0.4385189552849624
      0.4384255460768174
      0.4383307045536042
      0.4382345791833133
      0.4381373177092343
        0.43803906705196
      0.4379399732090098
      0.4378401811557464
      0.4377398347511974
      0.4376390766520136
      0.4375380482370971
      0.4374368895445086
      0.4373357392211856
      0.4372347344848786
       0.437134011096641
      0.4370337033413005
      0.4369339440126714
      0.4368348643999013
      0.4367365942713284
      0.4366392618525456
      0.4365429937959756
      0.4364479151401655
      0.4363541492580109
      0.4362618177942461
      0.4361710405935741
      0.4360819356217307
      0.4359946188824481
      0.4359092043336726
      0.4358258038064335
      0.4357445269294838
      0.4356654810622324
      0.4355887712376669
       0.435514500115957
      0.4354427679483683
      0.4353736725501139
      0.4353073092798805
      0.4352437710231484
      0.4351831481760656
      0.4351255286266468
       0.435070997730386
      0.4350196382780225
      0.4349715304540696
      0.4349267517857784
      0.4348853770833034
      0.4348474783728997
      0.4348131248258832
      0.4347823826867593
      0.4347553152042518
      0.4347319825689989
      0.4347124418612959
      0.4346967470116208
      0.4346849487757089
      0.4346770947248521
       0.434673229250885
      0.4346733935841788
       0.434677625821956
      0.4346859609634705
      0.4346984309481416
      0.4347150646926443
      0.4347358881232123
      0.4347609242000265
      0.4347901929314407
      0.4348237113768831
      0.4348614936384435
      0.4349035508423033
      0.4349498911122043
      0.4350005195379358
      0.4350554381423188
      0.4351146458503249
      0.4351781384637465
      0.4352459086443013
      0.4353179459072257
      0.4353942366264034
      0.4354747640509481
      0.4355595083320838
      0.4356484465581815
      0.4357415527950805
       0.435838798128369
      0.4359401507042007
      0.4360455757654815
       0.436155035680843
      0.4362684899646888
      0.4363858952876524
       0.436507205477949
      0.4366323715152253
       0.436761341519493
      0.4368940607384839
      0.4370304715371912
      0.4371705133934483
      0.4373141229030973
      0.4374612337976489
      0.4376117769764095
      0.4377656805539014
      0.4379228699221622
      0.4380832678262842
      0.4382467944504653
      0.4384133675109814
      0.4385829023519515
       0.438755312039605
      0.4389305074509683
        0.43910839735348
      0.4392888884729326
      0.4394718855482695
      0.4396572913730072
      0.4398450068242975
       0.440034930881791
      0.4402269606393672
      0.4404209913134161
       0.440616916251598
      0.4408146269458857
      0.4410140130531859
      0.4412149624260364
       0.441417361154827
      0.4416210936218259
      0.4418260425661086
      0.4420320891574184
      0.4422391130761184
      0.4424469925958379
      0.4426556046652068
      0.4428648249852385
      0.4430745280794572
      0.4432845873547022
      0.4434948751516103
      0.4437052627849722
      0.4439156205753484
      0.4441258178744165
      0.4443357230873795
      0.4445452036963065
      0.4447541262884664
      0.4449623565934873
      0.4451697595325936
      0.4453761992822523
      0.4455815393534034
      0.4457856426861562
      0.4459883717585276
      0.4461895887066187
      0.4463891554526322
      0.4465869338365153
      0.4467827857467188
       0.446976573245716
      0.4471681586864633
      0.4473574048168606
      0.4475441748704336
      0.4477283326427536
      0.4479097425544697
      0.4480882697030601
      0.4482637799064659
      0.4484361397424936
      0.4486052165882322
      0.4487708786636778
       0.448932995083309
      0.4490914359185428
      0.4492460722729199
      0.4493967763706139
      0.4495434216575563
      0.4496858829132547
      0.4498240363703542
      0.4499577598382811
      0.4500869328269547
      0.4502114366666083
      0.4503311546202284
      0.4504459719859188
      0.4505557761876057
      0.4506604568537456
       0.450759905885011
       0.450854017513152
      0.4509426883542395
      0.4510258174602078
      0.4511033063729321
      0.4511750591849791
       0.451240982610646
      0.4513009860700259
      0.4513549817876429
      0.4514028849058436
      0.4514446136117145
      0.4514800892749543
      0.4515092365930051
      0.4515319837389393
      0.4515482625071879
      0.4515580084522297
      0.4515611610158335
      0.4515576636393168
      0.4515474638584847
      0.4515305133803039
      0.4515067681418619
       0.451476188353562
      0.4514387385297398
      0.4513943875107834
      0.4513431084813604
      0.4512848789894007
      0.4512196809701031
      0.4511475007784175
       0.451068329232307
      0.4509821616677176
      0.4508889980047119
      0.4507888428228022
      0.4506817054422787
      0.4505676000073977
      0.4504465455667732
      0.4503185661462268
      0.4501836908097479
      0.4500419537050198
      0.4498933940911379
      0.4497380563475409
      0.4495759899646858
      0.4494072495184491
      0.4492318946315138
      0.4490499899259526
      0.4488616049717588
      0.4486668142361555
      0.4484656970380928
      0.4482583375114944
      0.4480448245795746
       0.447825251941071
      0.4475997180676339
      0.4473683262100555
      0.4471311844096567
      0.4468884055101114
      0.4466401071643753
      0.4463864118312818
      0.4461274467567702
      0.4458633439355933
      0.4455942400506528
      0.4453202763886731
       0.445041598732656
      0.4447583572332403
      0.4444707062626029
      0.4441788042557255
      0.4438828135445786
      0.4435829001910032
      0.4432792338237528
      0.4429719874843178
      0.4426613374848969
      0.4423474632802927
      0.4420305473537541
      0.4417107751150641
      0.4413883348075703
      0.4410634174196484
      0.4407362165952628
      0.4404069285380574
      0.4400757519036901
      0.4397428876759775
      0.4394085390237127
      0.4390729111366559
       0.438736211041026
      0.4383986473966355
      0.4380604302794831
      0.4377217709549146
       0.437382881647334
      0.4370439753127183
      0.4367052654199092
      0.4363669657457607
      0.4360292901878866
      0.4356924525970001
      0.4353566666289229
      0.4350221456143981
      0.4346891024430672
      0.4343577494565609
      0.4340282983447269
      0.4337009600386875
       0.433375944594718
      0.4330534610638561
      0.4327337173435903
      0.4324169200098301
      0.4321032741294287
      0.4317929830556352
      0.4314862482107839
      0.4311832688620816
      0.4308842418974192
      0.4305893616085265
      0.4302988194885439
      0.4300128040501481
      0.4297315006688685
      0.4294550914542689
       0.429183755149467
      0.4289176670571782
       0.428656998988378
      0.4284019192279375
      0.4281525925103897
      0.4279091799984488
      0.4276718392570882
      0.4274407242168729
      0.4272159851217605
      0.4269977684585852
      0.4267862168677396
      0.4265814690369396
      0.4263836595821656
       0.426192918921708
      0.4260093731505156
      0.4258331439226151
      0.4256643483491871
      0.4255030989189342
      0.4253495034457725
      0.4252036650467268
      0.4250656821504503
      0.4249356485342503
      0.4248136533850976
      0.4246997813781239
      0.4245941127647077
      0.4244967234616152
      0.4244076851328246
      0.4243270652566558
      0.4242549271725397
      0.4241913301040618
      0.4241363291575567
      0.4240899752982987
      0.4240523153089155
      0.4240233917368485
      0.4240032428391946
      0.4239919025340314
      0.4239894003671517
      0.4239957615021177
      0.4240110067396901
      0.4240351525702217
      0.4240682112597084
      0.4241101909671746
      0.4241610958881976
      0.4242209264169406
      0.4242896793173058
      0.4243673478929237
      0.4244539221457477
      0.4245493889140479
        0.42465373198252
      0.4247669321598297
      0.4248889673220185
      0.4250198124234525
       0.425159439480134
      0.4253078175328746
       0.425464912599808
      0.4256306876287835
      0.4258051024602075
      0.4259881138098971
      0.4261796752795164
      0.4263797373994158
       0.426588247705391
      0.4268051508473877
      0.4270303887247958
      0.4272639006400729
      0.4275056234602855
      0.4277554917749923
      0.4280134380388496
      0.4282793926884215
      0.4285532842248516
      0.4288350392570918
      0.4291245825040297
      0.4294218367577425
      0.4297267228138909
      0.4300391593785339
      0.4303590629631174
      0.4306863477807496
      0.4310209256570262
      0.4313627059675094
      0.4317115956116181
      0.4320674990293358
      0.4324303182630875
       0.432799953062764
      0.4331763010275884
      0.4335592577747463
      0.4339487171218157
      0.4343445712683398
      0.4347467109615696
      0.4351550256325343
       0.435569403491105
      0.4359897315723801
      0.4364158957312291
      0.4368477805867562
      0.4372852694233299
      0.4377282440591896
      0.4381765846970507
      0.4386301697732345
      0.4390888758223997
      0.4395525773738638
      0.4400211468928361
      0.4404944547758354
      0.4409723694045279
      0.4414547572566011
      0.4419414830666815
      0.4424324100251835
      0.4429273999989287
      0.4434263137547657
      0.4439290111665918
      0.4444353513872599
      0.4449451929697925
      0.4454583939269317
       0.445974811723905
      0.4464943032058937
      0.4470167244684128
      0.4475419306850288
      0.4480697759118948
       0.448600112891975
      0.4491327928831271
      0.4496676655332127
      0.4502045788221066
      0.4507433790850753
      0.4512839111249248
      0.4518260184121789
      0.4523695433640492
      0.4529143276849158
      0.4534602127442316
      0.4540070399629047
      0.4545546511768798
      0.4551028889471797
      0.4556515967892077
      0.4562006193004766
      0.4567498021747076
      0.4572989921007423
      0.4578480365560595
      0.4583967835159085
      0.4589450811090567
      0.4594927772589525
      0.4600397193537904
      0.4605857539898914
      0.4611307268296062
      0.4616744826075099
       0.462216865307347
      0.4627577185175691
      0.4632968859564153
      0.4638342121394298
       0.464369543144541
      0.4649027274136661
      0.4654336165167251
      0.4659620657950763
      0.4664879347977389
      0.4670110874259342
      0.4675313917096673
      0.4680487191540877
      0.4685629436125401
      0.4690739396665253
      0.4695815805188555
