                       0
    2.26741595345086e-05
   9.168780770003998e-05
   0.0002088811679665166
   0.0003757480707044002
   0.0005934327986663072
   0.0008627333387222388
    0.001184110813907836
     0.00155770471423964
    0.001983353401523645
    0.002460619233452446
     0.00298881753971322
    0.003567048591493006
    0.004194231639195717
    0.004869140054422793
    0.005590436603653162
       0.006356707904068
     0.00716649716697474
    0.008018334420406602
    0.008910763517403188
    0.009842365376412763
     0.01081177705988725
     0.01181770646981643
     0.01285894261687191
     0.01393436159450322
     0.01504292855201626
     0.01618369610300147
     0.01735579972010485
     0.01855845074826416
     0.01979092771249645
     0.02105256660186744
     0.02234275077971007
     0.02366090110533964
     0.02500646676034965
     0.02637891716073277
     0.02777773521315151
     0.02920241204860903
     0.03065244324803186
     0.03212732646929655
     0.03362656029991076
     0.03514964409788737
     0.03669607854723219
     0.03826536664387859
     0.03985701484082275
     0.04147053411422619
     0.04310544076063506
      0.0447612567938902
     0.04643750987311905
      0.0481337327549218
     0.04984946231867456
     0.05158423825967109
     0.05333760157783813
     0.05510909300822448
      0.0568982515432447
     0.05870461318629518
     0.06052771005418833
     0.06236706991422205
     0.06422221620420085
      0.0660926685437845
     0.06797794370661646
     0.06987755698802819
     0.07179102387530573
     0.07371786190825476
     0.07565759260840627
     0.07760974335552527
     0.07957384909974527
     0.08154945381507206
     0.08353611162345892
     0.08553338754576044
     0.08754085786436534
     0.08955811010966028
     0.09158474270673589
     0.09362036433825624
     0.09566459309272406
     0.09771705547424636
     0.09977738535001356
      0.1018452229058307
      0.1039202136689603
      0.1060020076429492
      0.1080902585821686
      0.1101846234166144
      0.1122847618213379
      0.1143903359111669
      0.1165010100313138
      0.1186164506084185
      0.1207363260251056
      0.1228603064837731
      0.1249880638316729
      0.1271192713285727
       0.129253603348933
      0.1313907350221477
      0.1335303418249032
      0.1356720991488751
      0.1378156818733257
      0.1399607639756299
      0.1421070182126466
      0.1442541159025462
      0.1464017268303804
      0.1485495192921967
      0.1506971602823513
      0.1528443158181081
      0.1549906513853946
       0.157135832480734
      0.1592795252174171
      0.1614213969597841
      0.1635611169480762
      0.1656983568778169
      0.1678327914019744
      0.1699640985305624
      0.1720919599105383
       0.174216060977876
      0.1763360909827592
      0.1784517428974947
       0.180562713223702
      0.1826687017209117
      0.1847694110817459
      0.1868645465797265
      0.1889538157145148
      0.1910369278759138
      0.1931135940433092
      0.1951835265313682
      0.1972464387865929
      0.1993020452335895
      0.2013500611645859
       0.203390202662019
       0.205422186541564
      0.2074457303023634
      0.2094605520722797
      0.2114663705382661
      0.2134629048559699
      0.2154498745365756
      0.2174269993138289
      0.2193939989983568
      0.2213505933300712
      0.2232965018419807
       0.225231443749881
      0.2271551378822243
      0.2290673026625396
      0.2309676561539576
      0.2328559161711506
      0.2347318004603737
      0.2365950269434214
      0.2384453140164102
       0.240282380890545
      0.2421059479586786
      0.2439157371698556
      0.2457114723935468
      0.2474928797564154
      0.2492596879366293
      0.2510116284042861
      0.2527484356007172
       0.254469847053903
      0.2561756034319194
      0.2578654485406565
      0.2595391292752855
      0.2611963955377545
      0.2628370001335855
      0.2644606986618323
      0.2660672494107057
      0.2676564132693749
      0.2692279536639635
        0.27078163652215
      0.2723172302677273
      0.2738345058431317
      0.2753332367554253
      0.2768131991392033
       0.278274171828816
      0.2797159364325748
      0.2811382774018371
      0.2825409820902398
      0.2839238408000024
       0.285286646815277
      0.2866291964248749
      0.2879512889393199
      0.2892527267091537
      0.2905333151525682
        0.29179286280095
      0.2930311813705239
      0.2942480858667921
      0.2954433947266724
      0.2966169300003521
      0.2977685175721053
      0.2988979874162725
       0.300005173881799
      0.3010899159965357
       0.302152057780732
      0.3031914485586122
       0.304207943256591
      0.3052014026783764
      0.3061716937482847
      0.3071186897170129
       0.308042270326744
      0.3089423219355004
      0.3098187376035745
      0.3106714171475625
      0.3115002671692598
      0.3123052010682708
       0.313086139047459
      0.3138430081202784
      0.3145757421277207
      0.3152842817710321
      0.3159685746643123
      0.3166285754084716
      0.3172642456859389
      0.3178755543732689
      0.3184624776669872
      0.3190249992170936
       0.319563110262037
      0.3200768097593543
      0.3205661045068554
       0.321031009250885
      0.3214715467798654
      0.3218877480033815
      0.3222796520189199
      0.3226473061704331
      0.3229907661037301
      0.3233100958248895
      0.3236053677678652
      0.3238766628767475
       0.324124070707302
      0.3243476895506108
      0.3245476265793632
      0.3247239980155557
      0.3248769293159932
      0.3250065553699261
      0.3251130207019819
      0.3251964796722258
      0.3252570966653536
      0.3252950462610746
      0.3253105133789316
      0.3253036933926165
      0.3252747922106717
      0.3252240263227882
      0.3251516228134114
      0.3250578193462989
      0.3249428641256055
      0.3248070158402557
      0.3246505435989589
      0.3244737268634503
      0.3242768553863943
      0.3240602291595947
      0.3238241583761987
      0.3235689634086013
      0.3232949748017176
      0.3230025332792225
      0.3226919897588547
      0.3223637053713039
      0.3220180514768765
      0.3216554096736829
       0.321276171791852
       0.320880739869235
      0.3204695261052855
      0.3200429527921402
      0.3196014522229533
      0.3191454665800679
      0.3186754478063015
      0.3181918574641809
      0.3176951665885897
       0.317185855537254
      0.3166644138443361
      0.3161313400796858
      0.3155871417160329
      0.3150323350036222
      0.3144674448504781
      0.3138930047044859
      0.3133095564318539
       0.312717650185829
      0.3121178442586757
      0.3115107049102741
       0.310896806167297
      0.3102767295882953
      0.3096510639916455
      0.3090204051454041
      0.3083853554201276
      0.3077465234077014
      0.3071045235112955
      0.3064599755123634
      0.3058135041217463
      0.3051657385218715
      0.3045173119066378
      0.3038688610244856
      0.3032210257285397
      0.3025744485356809
      0.3019297741947683
      0.3012876492618077
      0.3006487216781221
      0.3000136403465652
      0.2993830546995454
      0.2987576142525446
      0.2981379681372019
      0.2975247646089716
      0.2969186505257788
      0.2963202707958452
      0.2957302677949055
      0.2951492807549936
      0.2945779451284081
      0.2940168919325254
      0.2934667470811722
      0.2929281307093028
      0.2924016564972017
      0.2918879309992823
      0.2913875529822394
      0.2909011127744402
      0.2904291916279814
      0.2899723610922472
      0.2895311823967464
      0.2891062058400759
      0.2886979701806831
      0.2883070020258699
       0.287933815215657
      0.2875789101989243
      0.2872427734019177
      0.2869258765896314
      0.2866286762238332
       0.286351612822875
      0.2860951103297122
      0.2858595754966022
      0.2856453972950978
      0.2854529463597496
      0.2852825744740831
       0.285134614105272
       0.285009377992943
      0.2849071587950601
      0.2848282287916767
      0.2847728396451114
      0.2847412222133022
      0.2847335864111616
      0.2847501211138403
      0.2847909940956044
       0.284856351997701
      0.2849463203197047
      0.2850610034301622
      0.2852004845936766
      0.2853648260137014
      0.2855540688918464
      0.2857682335064701
      0.2860073193141811
      0.2862713050791496
      0.2865601490348328
      0.2868737890827929
      0.2872121430323351
        0.28757510888304
      0.2879625651512158
      0.2883743712388218
      0.2888103678423058
      0.2892703773967354
      0.2897542045497946
      0.2902616366593737
      0.2907924443080758
      0.2913463818288551
      0.2919231878363918
      0.2925225857605203
      0.2931442843792256
      0.2937879783508047
      0.2944533487461628
      0.2951400635836989
      0.2958477783703422
      0.2965761366527521
       0.297324770582816
      0.2980933015008417
      0.2988813405390675
      0.2996884892464885
      0.3005143402342664
       0.301358477839385
       0.302220478802118
      0.3030999129516714
      0.3039963438930912
      0.3049093296878348
      0.3058384235203245
      0.3067831743434079
        0.30774312749642
      0.3087178252910193
      0.3097068075618528
      0.3107096121805891
      0.3117257755342202
      0.3127548329696994
      0.3137963192086848
      0.3148497687369423
      0.3159147161733423
      0.3169906966235363
      0.3180772460225867
      0.3191739014699795
      0.3202802015592763
      0.3213956867032426
      0.3225198994537688
      0.3236523848148696
      0.3247926905459361
       0.325940367451797
      0.3270949696561583
      0.3282560548549316
      0.3294231845471345
       0.330595924241521
      0.3317738436387773
      0.3329565167903702
      0.3341435222362821
      0.3353344431253715
      0.3365288673225671
      0.3377263875080578
      0.3389266012731251
      0.3401291112172863
      0.3413335250506848
       0.342539455703876
      0.3437465214465977
      0.3449543460147808
       0.346162558744548
      0.3473707947094665
       0.348578694857322
      0.3497859061415862
      0.3509920816422771
      0.3521968806718906
      0.3533999688619439
      0.3546010182272826
      0.3557997072062427
      0.3569957206765799
      0.3581887499479409
      0.3593784927337758
      0.3605646531059766
      0.3617469414367052
      0.3629250743321363
      0.3640987745628795
      0.3652677709951341
      0.3664317985262658
      0.3675905980270561
      0.3687439162918907
      0.3698915059967791
      0.3710331256640563
      0.3721685396317415
        0.37329751802443
        0.37441983672292
      0.3755352773293866
      0.3766436271254124
      0.3777446790211273
      0.3788382314944331
      0.3799240885204941
      0.3810020594928218
      0.3820719591382465
      0.3831336074288931
      0.3841868294947827
      0.3852314555408551
      0.3862673207720406
      0.3872942653295485
      0.3883121342403593
      0.3893207773812119
      0.3903200494567996
       0.391309809991009
      0.3922899233285443
      0.3932602586435637
      0.3942206899512959
      0.3951710961182934
       0.396111360866826
      0.3970413727699397
      0.3979610252340557
      0.3988702164670118
      0.3997688494309282
      0.4006568317804575
      0.4015340757878786
      0.4024004982579509
      0.4032560204359893
      0.4041005679127866
      0.4049340705307389
      0.4057564622944223
      0.4065676812889921
      0.4073676696083243
      0.4081563732942798
      0.4089337422867268
      0.4096997303837728
      0.4104542952097132
      0.4111973981884584
      0.4119290045190871
      0.4126490831505712
      0.4133576067526742
      0.4140545516809387
      0.4147398979340723
      0.4154136291033604
      0.4160757323145287
      0.4167261981636805
      0.4173650206495403
       0.417992197104911
      0.4186077281306189
       0.419211617535146
      0.4198038722829465
       0.420384502453362
      0.4209535212118912
      0.4215109447937641
      0.4220567924991491
      0.4225910866981616
      0.4231138528431018
      0.4236251194841213
      0.4241249182848801
      0.4246132840341668
      0.4250902546502327
      0.4255558711746522
      0.4260101777540335
      0.4264532216083355
      0.4268850529862211
       0.427305725108737
      0.4277152941033718
      0.4281138189317356
      0.4285013613145537
      0.4288779856571679
       0.429243758979415
      0.4295987508527115
      0.4299430333465516
      0.4302766809857207
       0.430599770718093
      0.4309123818927126
      0.4312145962458255
      0.4315064978924796
      0.4317881733206055
      0.4320597113845943
      0.4323212032948144
      0.4325727426010329
      0.4328144251672663
      0.4330463491377372
      0.4332686148931655
      0.4334813249990427
      0.4336845841473375
      0.4338784990942669
      0.4340631785976795
      0.4342387333561029
       0.434405275953383
       0.434562920811034
      0.4347117841496874
      0.4348519839609415
      0.4349836399889502
      0.4351068737207017
      0.4352218083827302
      0.4353285689412336
      0.4354272821024732
      0.4355180763098125
      0.4356010817341232
      0.4356764302547158
       0.435744255428848
      0.4358046924486644
      0.4358578780855198
      0.4359039506230818
      0.4359430497810491
      0.4359753166320394
      0.4360008935159237
      0.4360199239543749
      0.4360325525694818
      0.4360389250096028
      0.4360391878845906
       0.436033488711808
        0.43602197587348
      0.4360047985844046
      0.4359821068684848
      0.4359540515413816
      0.4359207841960784
      0.4358824571884394
      0.4358392236185497
      0.4357912373057269
      0.4357386527543001
        0.43568162510903
      0.4356203100996219
      0.4355548639748816
      0.4354854434282747
      0.4354122055171859
      0.4353353075786682
      0.4352549071452316
      0.4351711618633896
      0.4350842294182818
      0.4349942674658353
      0.4349014335743881
      0.4348058851755303
      0.4347077795234107
      0.4346072736612568
      0.4345045243917681
      0.4343996882491288
       0.434292921468779
      0.4341843799517096
      0.4340742192209812
      0.4339625943677248
      0.4338496599857701
      0.4337355700946792
      0.4336204780521862
      0.4335045364579419
      0.4333878970514691
      0.4332707106076505
      0.4331531268335582
      0.4330352942701176
      0.4329173602021871
      0.4327994705790626
      0.4326817699476646
      0.4325644013984329
      0.4324475065236228
      0.4323312253860469
       0.432215696495974
       0.432101056792461
      0.4319874416259866
      0.4318749847382254
      0.4317638182358773
      0.4316540725556959
      0.4315458764188718
      0.4314393567742937
      0.4313346387304084
      0.4312318454775116
       0.431131098202667
      0.4310325160004661
      0.4309362157824587
      0.4308423121892297
      0.4307509175082421
      0.4306621415996129
       0.430576091832096
      0.4304928730295117
      0.4304125874275865
      0.4303353346395227
      0.4302612116284989
      0.4301903126836975
      0.4301227293968909
      0.4300585506361622
      0.4299978625140587
      0.4299407483478994
      0.4298872886102468
      0.4298375608703345
       0.429791639726158
      0.4297495967296169
      0.4297115003077684
      0.4296774156830038
      0.4296474047963592
      0.4296215262376662
      0.4295998351861732
      0.4295823833642297
      0.4295692190055975
       0.429560386839866
      0.4295559280916713
      0.4295558804933268
      0.4295602783082176
      0.4295691523615338
      0.4295825300741357
      0.4296004354958451
      0.4296228893342053
      0.4296499089754997
      0.4296815084961149
      0.4297176986626505
      0.4297584869213846
      0.4298038773775451
      0.4298538707674063
      0.4299084644257272
      0.4299676522523819
      0.4300314246818595
      0.4300997686589417
      0.4301726676236763
      0.4302501015077644
      0.4303320467435061
      0.4304184762848826
      0.4305093596402276
      0.4306046629138222
      0.4307043488537967
       0.430808376902991
      0.4309167032492491
      0.4310292808718511
      0.4311460595818585
      0.4312669860541433
      0.4313920038509214
      0.4315210534369506
      0.4316540721881204
      0.4317909943961431
      0.4319317512725073
      0.4320762709557483
      0.4322244785257573
      0.4323762960286121
      0.4325316425152586
      0.4326904340954165
      0.4328525840080809
      0.4330180027077594
       0.433186597965117
      0.4333582749788368
      0.4335329364954367
      0.4337104829325211
      0.4338908125011903
      0.4340738213235178
       0.434259403541526
      0.4344474514147771
      0.4346378554053267
      0.4348305042495416
      0.4350252850180736
      0.4352220831656552
      0.4354207825742589
      0.4356212655929671
      0.4358234130785904
      0.4360271044408426
      0.4362322176953718
      0.4364386295268629
      0.4366462153639675
      0.4368548494660889
      0.4370644050209566
      0.4372747542510855
      0.4374857685259522
      0.4376973184767723
      0.4379092741095555
      0.4381215049134891
      0.4383338799610252
      0.4385462679980712
      0.4387585375227473
       0.438970556852996
      0.4391821941842934
      0.4393933176400457
      0.4396037953175834
      0.4398134953338825
      0.4400222858750817
      0.4402300352531472
      0.4404366119733929
      0.4406418848148414
      0.4408457229246062
      0.4410479959261159
      0.4412485740396345
      0.4414473282123973
      0.4416441302546807
      0.4418388529773858
      0.4420313703267942
      0.4422215575115964
      0.4424092911187982
      0.4425944492150677
      0.4427769114319687
      0.4429565590343619
      0.4431332749730482
      0.4433069439235269
       0.443477452314238
      0.4436446883480958
      0.4438085420217711
      0.4439689051465788
      0.4441256713752937
      0.4442787362373072
      0.4444279971844617
      0.4445733536478502
      0.4447147071051416
      0.4448519611562111
      0.4449850216043948
      0.4451137965395511
      0.4452381964188545
      0.4453581341416318
      0.4454735251141845
      0.4455842873026362
      0.4456903412717093
      0.4457916102092888
      0.4458880199380345
      0.4459794989161543
      0.4460659782304564
      0.4461473915862926
      0.4462236752980861
      0.4462947682854591
      0.4463606120780939
      0.4464211508325215
      0.4464763313626749
      0.4465261031840303
      0.4465704185709322
      0.4466092326238936
        0.44664250334404
      0.4466701917095857
      0.4466922617500753
       0.446708680613415
      0.4467194186213091
      0.4467244493101473
      0.4467237494542864
      0.4467172990720739
      0.4467050814144143
      0.4466870829385208
      0.4466632932703088
      0.4466337051592348
      0.4465983144311849
      0.4465571199435363
      0.4465101235474419
      0.4464573300606045
      0.4463987472534813
      0.4463343858493898
      0.4462642595387274
      0.4461883850050553
      0.4461067819603452
      0.4460194731846963
      0.4459264845666143
      0.4458278451388309
      0.4457235871055883
      0.4456137458574664
      0.4454983599721896
      0.4453774711999631
      0.4452511244341683
       0.445119367669455
      0.4449822519510309
      0.4448398313185571
      0.4446921627507726
      0.4445393061146115
      0.4443813241242193
       0.444218282312999
       0.444050249021324
      0.4438772954006259
      0.4436994954333672
      0.4435169259662983
      0.4433296667533262
      0.4431378005037067
       0.442941412929345
      0.4427405927864109
      0.4425354319058575
      0.4423260252086516
      0.4421124707027942
      0.4418948694610023
      0.4416733255790479
      0.4414479461170408
      0.4412188410275084
      0.4409861230741574
      0.4407499077481727
      0.4405103131860705
      0.4402674600959366
      0.4400214716955022
      0.4397724736657256
       0.439520594121501
      0.4392659635985269
      0.4390087150557541
      0.4387489838882634
      0.4384869079469281
      0.4382226275585892
      0.4379562855413123
      0.4376880272084554
      0.4374180003577794
      0.4371463552411299
       0.436873244513583
      0.4365988231621035
      0.4363232484149499
      0.4360466796361747
      0.4357692782095322
      0.4354912074176902
      0.4352126323226894
      0.4349337196533604
      0.4346546377046414
      0.4343755562517958
      0.4340966464819348
      0.4338180809417401
      0.4335400335001653
      0.4332626793214641
      0.4329861948435645
       0.432710757755318
      0.4324365469662372
      0.4321637425625173
      0.4318925257436292
      0.4316230787361117
      0.4313555846822165
      0.4310902275036922
      0.4308271917428587
      0.4305666623850375
       0.430308824668142
      0.4300538638863454
      0.4298019651947145
      0.4295533134220988
      0.4293080928979661
      0.4290664872980933
      0.4288286795112854
      0.4285948515279673
      0.4283651843484619
      0.4281398579069647
      0.4279190510058942
      0.4277029412534773
      0.4274917049973561
      0.4272855172470513
      0.4270845515790683
      0.4268889800200162
      0.4266989729050483
      0.4265146987114111
      0.4263363238689449
      0.4261640125521611
      0.4259979264598925
      0.4258382245899851
      0.4256850630169189
      0.4255385946807113
      0.4253989691934011
      0.4252663326691044
      0.4251408275803707
      0.4250225926418184
       0.424911762719318
      0.4248084687605213
       0.424712837740672
      0.4246249926161599
      0.4245450522777109
      0.4244731314952565
      0.4244093408475298
      0.4243537866311243
      0.4243065707462766
      0.4242677905584691
      0.4242375387393288
      0.4242159030907402
      0.4242029663602961
      0.4241988060562775
      0.4242034942719674
      0.4242170975283607
      0.4242396766435886
      0.4242712866356034
      0.4243119766620327
      0.4243617899979944
      0.4244207640499914
      0.4244889304010606
      0.4245663148797346
      0.4246529376437211
      0.4247488132680959
      0.4248539508285749
      0.4249683539699769
      0.4250920209536857
      0.4252249446790244
      0.4253671126774926
      0.4255185070814705
      0.4256791045723788
      0.4258488763161021
      0.4260277878947916
      0.4262157992459477
      0.4264128646195889
      0.4266189325623538
      0.4268339459368246
      0.4270578419804741
      0.4272905524054069
      0.4275320035377003
      0.4277821164898775
      0.4280408073587556
       0.428307987437834
      0.4285835634328038
      0.4288674376680299
      0.4291595082734075
      0.4294596693434057
      0.4297678110620707
      0.4300838197928064
      0.4304075781345551
      0.4307389649499418
      0.4310778553749157
      0.4314241208205846
      0.4317776289807024
      0.4321382438570806
      0.4325058258152196
      0.4328802316791808
      0.4332613148718698
      0.4336489256023688
      0.4340429110987323
      0.4344431158785627
      0.4348493820478753
      0.4352615496143117
      0.4356794567999344
      0.4361029403386641
      0.4365318357437538
      0.4369659775339532
      0.4374051994103569
      0.4378493343804594
      0.4382982148309079
      0.4387516725552409
      0.4392095387475549
      0.4396716439756628
      0.4401378181505854
      0.4406078905085518
       0.441081689621786
      0.4415590434502751
      0.4420397794444349
      0.4425237247020476
      0.4430107061780641
      0.4435005509400484
      0.4439930864573293
      0.4444881409068848
      0.4449855434780436
      0.4454851246553973
      0.4459867164620768
      0.4464901526473162
      0.4469952688072509
      0.4475019024343766
      0.4480098928959915
      0.4485190813506329
      0.4490293106163529
      0.4495404250103116
      0.4500522701824942
      0.4505646929674093
      0.4510775412770106
      0.4515906640547159
      0.4521039113048609
      0.4526171342050179
      0.4531301853008185
      0.4536429187736786
       0.454155190764751
       0.454666859730948
      0.4551777868046132
      0.4556878361253235
      0.4561968751135082
       0.456704774658932
      0.4572114092032591
      0.4577166567047672
      0.4582203984834344
      0.4587225189570051
      0.4592229052880495
        0.45972144697387
      0.4602180354177806
      0.4607125635254695
       0.461204925370678
      0.4616950159719861
      0.4621827312144358
      0.4626679679388419
      0.4631506242070563
       0.463630599734108
       0.464107796461086
       0.464582119223615
      0.4650534764556077
      0.4655217808540758
      0.4659869499224454
      0.4664489063056625
      0.4669075778325659
      0.4673628971890061
      0.4678148011595364
      0.4682632293939234
       0.468708122678766
      0.4691494207201417
