                       0
   2.764806673400191e-05
   0.0001107667815885974
    0.000249687542649992
   0.0004446339966740244
   0.0006957247578802841
     0.00100297786125555
    0.001366316792669791
     0.00178557788833186
     0.00226051885592002
     0.00279082813932967
     0.00337613482954185
    0.004016018816340565
    0.004710020879714246
    0.005457652435468871
    0.006258404676039333
    0.007111756883394055
    0.008017183734519111
    0.008974161469105112
    0.009982172841339473
     0.01104071083058439
     0.01214928113665453
     0.01330740353200044
      0.0145146121832445
     0.01577045508650583
     0.01707449278359942
     0.01842629653888299
      0.0198254461592319
     0.02127152763290207
     0.02276413074796991
     0.02430284682912057
     0.02588726670460662
      0.0275169789852083
     0.02919156870602154
     0.03091061635181062
     0.03267369725920202
     0.03448038136556787
     0.03633023325607293
     0.03822281244764515
     0.04015767384175976
     0.04213436827668675
      0.0441524431136732
     0.04621144279956804
     0.04831090935959679
     0.05045038278719455
      0.0526294013118232
     0.05484750153940689
     0.05710421847243163
     0.05939908542706734
       0.061731633872324
     0.06410139322092816
     0.06650789060324844
     0.06895065065438005
     0.07142919534080185
     0.07394304384738064
     0.07649171253855266
       0.079074714999953
     0.08169156215925868
     0.08434176247817532
     0.08702482220183909
     0.08974024564779327
     0.09248753551435038
     0.09526619318762389
     0.09807571902770792
      0.1009156126171795
      0.1037853729589514
      0.1066844986151281
      0.1096124877834609
      0.1125688383128509
      0.1155530476637069
      0.1185646128225182
      0.1216030301825224
      0.1246677954036971
      0.1277584032654779
      0.1308743475246673
       0.134015120789126
      0.1371802144152545
      0.1403691184342622
      0.1435813215090649
      0.1468163109206401
      0.1500735725800526
      0.1533525910603281
      0.1566528496410496
      0.1599738303580275
      0.1633150140506406
      0.1666758804003906
       0.170055907955706
      0.1734545741399139
      0.1768713552413562
      0.1803057263866704
      0.1837571615000792
      0.1872251332530034
      0.1907091130092779
      0.1942085707716822
       0.197722975135353
      0.2012517932529789
      0.2047944908155668
      0.2083505320511433
       0.211919379742142
      0.2155004952605941
      0.2190933386187331
      0.2226973685313619
      0.2263120424854362
      0.2299368168118349
      0.2335711467542613
      0.2372144865306185
      0.2408662893829901
      0.2445260076134302
      0.2481930926040448
      0.2518669948211789
      0.2555471638048273
      0.2592330481455181
      0.2629240954518101
      0.2666197523121258
      0.2703194642548689
      0.2740226757106641
      0.2777288299801225
      0.2814373692098366
      0.2851477343784364
      0.2888593652935517
      0.2925717005995634
      0.2962841777951214
      0.2999962332586999
      0.3037073022799496
      0.3074168190943754
      0.3111242169188864
      0.3148289279860569
      0.3185303835754175
      0.3222280140407583
      0.3259212488331561
      0.3296095165201893
      0.3332922448024989
      0.3369688605294103
      0.3406387897157249
      0.3443014575619646
      0.3479562884803132
      0.3516027061282391
      0.3552401334513495
      0.3588679927364466
      0.3624857056750967
      0.3660926934373455
      0.3696883767545731
      0.3732721760099571
      0.3768435113346073
      0.3804018027072458
       0.383946470055276
      0.3874769333552642
      0.3909926127312073
      0.3944929285494362
      0.3979773015095657
      0.4014451527315251
      0.4048959038392659
      0.4083289770422731
      0.4117437952163979
      0.4151397819857859
      0.4185163618077667
      0.4218729600624928
      0.4252090031488931
      0.4285239185881513
      0.4318171351354728
      0.4350880829004323
      0.4383361934756855
      0.4415609000734173
      0.4447616376685197
      0.4479378431472758
      0.4510889554602073
      0.4542144157777858
      0.4573136676478654
        0.46038615715397
       0.463431333073924
      0.4664486470387032
       0.469437553691787
      0.4723975108496536
      0.4753279796643493
      0.4782284247892482
       0.481098314549206
      0.4839371211162539
      0.4867443206918156
      0.4895193936961691
      0.4922618249655385
      0.4949711039568073
      0.4976467249594768
      0.5002881873141165
      0.5028949956362702
      0.5054666600445712
      0.5080026963917166
      0.5105026264969641
      0.5129659783789459
      0.5153922864878021
      0.5177810919359483
      0.5201319427271277
      0.5224443939837624
      0.5247180081729583
      0.5269523553318165
      0.5291470132929129
      0.5313015679109483
      0.5334156132915765
      0.5354887520233573
      0.5375205954135901
      0.5395107637285517
      0.5414588864383566
      0.5433646024663336
      0.5452275604425165
      0.5470474189605476
      0.5488238468371068
      0.5505565233728165
      0.5522451386135532
      0.5538893936111299
      0.5554890006824522
      0.5570436836664551
      0.5585531781783744
       0.560017231861197
      0.5614356046343892
      0.5628080689402559
      0.5641344099884676
      0.5654144259994177
      0.5666479284470864
      0.5678347423020674
      0.5689747062752498
      0.5700676730624796
      0.5711135095902601
      0.5721120972622862
      0.5730633322063464
      0.5739671255208693
      0.5748234035202132
      0.5756321079776653
      0.5763931963650715
      0.5771066420880526
       0.577772434715885
      0.5783905802053031
      0.5789611011177102
      0.5794840368295664
       0.579959443735966
      0.5803873954476834
      0.5807679829821665
      0.5811013149490869
      0.5813875177311532
      0.5816267356608491
      0.5818191311936964
      0.5819648850784745
      0.5820641965246128
      0.5821172833667354
      0.5821243822260833
       0.582085748668284
       0.582001657356749
      0.5818724022008159
      0.5816982964976696
      0.5814796730670686
       0.581216884377961
      0.5809103026662122
      0.5805603200428374
      0.5801673485923714
      0.5797318204612097
      0.5792541879360082
      0.5787349235123911
      0.5781745199543815
      0.5775734903450206
      0.5769323681286684
      0.5762517071453948
      0.5755320816577417
       0.574774086369949
      0.5739783364395082
       0.573145467480666
      0.5722761355592668
       0.571371017178115
      0.5704308092518722
      0.5694562290704108
      0.5684480142495111
      0.5674069226678277
       0.566333732389167
      0.5652292415692661
      0.5640942683464749
      0.5629296507159579
      0.5617362463872426
      0.5605149326251334
      0.5592666060741504
      0.5579921825667304
      0.5566925969154427
      0.5553688026894044
      0.5540217719749478
      0.5526524951204056
      0.5512619804646308
      0.5498512540486329
      0.5484213593094234
      0.5469733567549615
      0.5455083236188621
      0.5440273534934263
      0.5425315559394649
       0.541022056071413
      0.5394999941163134
      0.5379665249453927
      0.5364228175771626
      0.5348700546511929
      0.5333094318719647
      0.5317421574224168
      0.5301694513470105
      0.5285925449042742
      0.5270126798888738
      0.5254311079232851
      0.5238490897190853
      0.5222678943077961
      0.5206887982410634
      0.5191130847598094
      0.5175420429318338
      0.5159769667572066
      0.5144191542407167
      0.5128699064306224
      0.5113305264229989
      0.5098023183311282
      0.5082865862195947
      0.5067846330030459
       0.505297759309934
      0.5038272623119476
      0.5023744345202642
      0.5009405625501411
      0.4995269258557578
      0.4981347954375422
      0.4967654325244724
      0.4954200872340534
      0.4940999972127791
      0.4928063862599603
      0.4915404629377967
      0.4903034191705568
        0.48909642883568
      0.4879206463495993
       0.486777205251074
      0.4856672167848843
      0.4845917684888404
      0.4835519227872409
      0.4825487155941545
       0.481583154930188
      0.4806562195567373
      0.4797688576320576
      0.4789219853938297
      0.4781164858731907
      0.4773532076454394
      0.4766329636227746
      0.4759565298944807
      0.4753246446199245
      0.4747380069795523
       0.474197276188825
      0.4737030705796592
      0.4732559667535265
      0.4728564988098908
      0.4725051576531678
      0.4722023903809106
      0.4719485997554584
       0.471744143760865
      0.4715893352465574
      0.4714844416588579
      0.4714296848612423
      0.4714252410439748
      0.4714712407235672
      0.4715677688323039
       0.471714864897868
      0.4719125233128454
      0.4721606936935935
      0.4724592813275975
      0.4728081477080136
      0.4732071111536207
       0.473655947511868
      0.4741543909421519
      0.4747021347758856
      0.4752988324493767
      0.4759440985050246
      0.4766375096559192
      0.4773786059085646
      0.4781668917382239
       0.479001837311237
      0.4798828797486525
      0.4808094244255883
      0.4817808463009128
       0.482796491272072
       0.483855677550165
      0.4849576970506828
      0.4861018167956055
       0.487287280322833
      0.4885133090991508
      0.4897791039331082
      0.4910838463843149
      0.4924267001657402
      0.4938068125356362
      0.4952233156757282
      0.4966753280523276
      0.4981619557570554
      0.4996822938239286
      0.5012354275196752
      0.5028204336043181
      0.5044363815593107
      0.5060823347808012
      0.5077573517359663
      0.5094604870807453
       0.511190792737729
      0.5129473189333775
      0.5147291151941408
      0.5165352313014235
      0.5183647182056283
      0.5202166288997656
      0.5220900192532636
      0.5239839488067035
      0.5258974815282285
       0.527829686532318
      0.5297796387615598
      0.5317464196319268
      0.5337291176419784
      0.5357268289463096
      0.5377386578935123
      0.5397637175289249
      0.5418011300624648
      0.5438500273019514
      0.5459095510524776
      0.5479788534825553
      0.5500570974579841
      0.5521434568446045
      0.5542371167812927
      0.5563372739247407
      0.5584431366676824
      0.5605539253323162
      0.5626688723406759
      0.5647872223636536
      0.5669082324502877
      0.5690311721387427
      0.5711553235502601
       0.573279981467116
      0.5754044533954414
      0.5775280596135656
      0.5796501332063894
      0.5817700200861895
      0.5838870790001927
      0.5860006815252711
       0.588110212050135
      0.5902150677455155
      0.5923146585229268
      0.5944084069827525
      0.5964957483525225
      0.5985761304163666
      0.6006490134367184
      0.6027138700693836
      0.6047701852730774
      0.6068174562144779
      0.6088551921697379
      0.6108829144232452
      0.6129001561642416
      0.6149064623817272
      0.6169013897578828
      0.6188845065600572
      0.6208553925312496
      0.6228136387788884
      0.6247588476616813
      0.6266906326742957
      0.6286086183296895
      0.6305124400390072
      0.6324017439890754
      0.6342761870176817
       0.636135436486975
      0.6379791701554447
      0.6398070760490651
      0.6416188523322502
      0.6434142071792959
      0.6451928586469625
      0.6469545345487882
      0.6486989723316006
      0.6504259189545679
      0.6521351307709575
      0.6538263734126128
          0.655499421677
      0.6571540594165504
      0.6587900794299267
      0.6604072833547936
      0.6620054815616579
      0.6635844930484034
       0.665144145335213
      0.6666842743596928
      0.6682047243721477
      0.6697053478310999
      0.6711860052992716
      0.6726465653403711
      0.6740869044171007
       0.675506906790836
      0.6769064644234311
      0.6782854768815465
      0.6796438512438108
      0.6809815020109992
      0.6822983510192767
      0.6835943273564006
      0.6848693672806367
      0.6861234141420204
      0.6873564183055055
      0.6885683370754976
      0.6897591346212534
      0.6909287819026826
       0.692077256596158
      0.6932045430200543
      0.6943106320598839
      0.6953955210930233
      0.6964592139131901
      0.6975017206549248
      0.6985230577184471
      0.6995232476953028
      0.7005023192952234
      0.7014603072745986
      0.7023972523668761
      0.7033132012151061
      0.7042082063067046
      0.7050823259103791
      0.7059356240150098
      0.7067681702701596
      0.7075800399277909
      0.7083713137847018
      0.7091420781251799
      0.7098924246633961
      0.7106224504851273
      0.7113322579884896
      0.7120219548235118
      0.7126916538304728
      0.7133414729771251
      0.7139715352949823
      0.7145819688150014
      0.7151729065030168
      0.7157444861953218
      0.7162968505347688
      0.7168301469076929
      0.7173445273818735
      0.7178401486456167
       0.718317171947926
      0.7187757630395631
      0.7192160921147106
      0.7196383337528278
      0.7200426668602325
      0.7204292746109247
      0.7207983443861883
      0.7211500677125501
      0.7214846401977997
      0.7218022614648799
      0.7221031350835915
      0.7223874685002114
      0.7226554729652462
      0.7229073634596324
      0.7231433586197973
      0.7233636806619959
      0.7235685553063435
      0.7237582117009081
      0.7239328823461295
      0.7240928030197209
      0.7242382127020678
      0.7243693535020015
      0.7244864705826956
      0.7245898120873168
      0.7246796290640114
      0.7247561753897284
       0.724819707692439
      0.7248704852713179
      0.7249087700145642
      0.7249348263146553
      0.7249489209809407
      0.7249513231496549
      0.7249423041915447
      0.7249221376174098
      0.7248910989819664
      0.7248494657864549
      0.7247975173804388
      0.7247355348631871
      0.7246638009849571
      0.7245826000483829
      0.7244922178100472
      0.7243929413821834
      0.7242850591343041
      0.7241688605944817
      0.7240446363498773
      0.7239126779461206
      0.7237732777851108
      0.7236267290208739
      0.7234733254531778
       0.723313361418743
      0.7231471316800069
      0.7229749313115382
      0.7227970555843579
      0.7226137998485226
      0.7224254594144168
      0.7222323294332637
      0.7220347047773525
      0.7218328799204579
      0.7216271488188362
      0.7214178047930853
      0.7212051404110007
      0.7209894473714431
      0.7207710163890605
      0.7205501370796205
      0.7203270978455828
      0.7201021857615085
      0.7198756864588862
       0.719647884009984
      0.7194190608104153
      0.7191894974602218
       0.718959472643408
      0.7187292630060006
      0.7184991430328743
      0.7182693849236771
      0.7180402584683314
      0.7178120309226173
       0.717584966884371
      0.7173593281708222
      0.7171353736975018
      0.7169133593590651
      0.7166935379122279
      0.7164761588608975
      0.7162614683434032
      0.7160497090216336
       0.715841119971772
       0.715635936576267
      0.7154343904166425
      0.7152367091668036
      0.7150431164865295
      0.7148538319149847
      0.7146690707641844
      0.7144890440125128
      0.7143139581985356
      0.7141440153154629
      0.7139794127067499
      0.7138203429633596
      0.7136669938232467
      0.7135195480735989
      0.7133781834562773
      0.7132430725768283
      0.7131143828172457
      0.7129922762525674
      0.7128769095711869
      0.7127684339986434
      0.7126669952245402
      0.7125727333321495
      0.7124857827302408
      0.7124062720866903
      0.7123343242634762
      0.7122700562527782
      0.7122135791140353
      0.7121649979119563
      0.7121244116556388
      0.7120919132390955
      0.7120675893835905
      0.7120515205822969
      0.7120437810477805
      0.7120444386628408
      0.7120535549351568
      0.7120711849560937
      0.7120973773638941
      0.7121321743113223
      0.7121756114376767
      0.7122277178449476
      0.7122885160777647
      0.7123580221067094
      0.7124362453145151
      0.7125231884847048
      0.7126188477922482
      0.7127232127959504
       0.712836266432383
      0.7129579850113469
      0.7130883382129893
      0.7132272890868651
       0.713374794053334
      0.7135308029077795
      0.7136952588281719
      0.7138680983864921
      0.7140492515644696
      0.7142386417739776
      0.7144361858823202
       0.714641794242453
      0.7148553707280393
      0.7150768127730858
      0.7153060114157698
      0.7155428513459672
      0.7157872109559691
      0.7160389623938476
      0.7162979716190032
       0.716564098459528
      0.7168371966711333
      0.7171171139975804
      0.7174036922326844
      0.7176967672841575
      0.7179961692396625
      0.7183017224355721
      0.7186132455289787
      0.7189305515734974
      0.7192534480993735
      0.7195817371983108
      0.7199152156132897
      0.7202536748335309
      0.7205969011945476
      0.7209446759831053
       0.721296775546762
      0.7216529714075494
      0.7220130303793101
      0.7223767146881926
      0.7227437820958457
      0.7231139860249449
      0.7234870756868222
      0.7238627962111038
      0.7242408887774415
      0.7246210907495764
       0.725003135812107
      0.7253867541104477
      0.7257716723945065
      0.7261576141666254
      0.7265442998342878
      0.7269314468679748
      0.7273187699644545
      0.7277059812155859
      0.7280927902825696
      0.7284789045753961
      0.7288640294370815
      0.7292478683321734
      0.7296301230389288
      0.7300104938445499
      0.7303886797428799
      0.7307643786340727
      0.7311372875258436
      0.7315071027360811
      0.7318735200967721
      0.7322362351593366
       0.732594943401656
      0.7329493404371549
      0.7332991222263899
      0.7336439852916199
      0.7339836269347718
      0.7343177454591622
      0.7346460403951623
      0.7349682127298619
      0.7352839651405884
      0.7355930022319515
      0.7358950307759302
      0.7361897599543704
      0.7364769016031837
      0.7367561704574895
        0.73702728439697
      0.7372899646907639
        0.73754393624137
      0.7377889278271367
      0.7380246723431337
      0.7382509070403359
      0.7384673737632225
      0.7386738191860119
      0.7388699950478411
      0.7390556583872107
      0.7392305717760096
      0.7393945035533196
      0.7395472280590984
      0.7396885258676502
      0.7398181840206168
      0.7399359962590238
      0.7400417632537448
      0.7401352928336021
       0.740216400210218
      0.7402849081986907
      0.7403406474331845
       0.740383456576588
      0.7404131825235286
      0.7404296805961903
      0.7404328147325665
      0.7404224576669826
      0.7403984911028951
      0.7403608058781399
      0.7403093021228989
      0.7402438894107193
      0.7401644869029165
      0.7400710234866058
      0.7399634379065353
      0.7398416788906804
      0.7397057052694297
      0.7395554860879454
      0.7393910007111502
      0.7392122389206065
        0.73901920100246
      0.7388118978255636
       0.738590350908915
      0.7383545924776009
      0.7381046655065993
      0.7378406237519259
      0.7375625317688613
      0.7372704649171785
      0.7369645093535263
      0.7366447620112889
       0.736311330568393
      0.7359643334036147
      0.7356038995419526
      0.7352301685895999
      0.7348432906589411
      0.7344434262838424
       0.734030746325334
      0.7336054318675788
      0.7331676741038263
      0.7327176742119176
      0.7322556432187475
      0.7317818018530764
      0.7312963803860646
       0.730799618458992
      0.7302917648977647
      0.7297730775140137
      0.7292438228927992
       0.728704276167217
       0.728154720780416
      0.7275954482357729
      0.7270267578361399
      0.7264489564131876
      0.7258623580479198
      0.7252672837833991
      0.7246640613306353
       0.724053024768416
      0.7234345142376941
      0.7228088756308922
      0.7221764602762978
      0.7215376246175189
      0.7208927298878237
      0.7202421417790957
      0.7195862301051291
      0.7189253684590518
      0.7182599338647738
       0.717590306422575
      0.7169168689491682
      0.7162400066128348
      0.7155601065644954
      0.7148775575658093
      0.7141927496155768
      0.7135060735758557
      0.7128179207992393
      0.7121286827587135
      0.7114387506813875
      0.7107485151872291
      0.7100583659336767
      0.7093686912667443
      0.7086798778789907
      0.7079923104744293
      0.7073063714402874
      0.7066224405253763
      0.7059408945247558
      0.7052621069704225
      0.7045864478278282
       0.703914283198234
      0.7032459750271123
      0.7025818808190818
      0.7019223533601209
      0.7012677404480395
      0.7006183846323916
      0.6999746229651205
       0.699336786763278
      0.6987052013850903
       0.698080186020503
      0.6974620534971087
      0.6968511101020641
      0.6962476554202789
      0.6956519821888137
      0.6950643761671015
      0.6944851160223395
      0.6939144732291803
      0.6933527119827519
      0.6928000891240034
      0.6922568540764592
      0.6917232487936289
      0.6911995077165526
      0.6906858577412403
      0.6901825181960568
      0.6896897008293786
      0.6892076098080729
       0.688736441727511
      0.6882763856338771
      0.6878276230595072
      0.6873903280718292
      0.6869646673362581
      0.6865508001930649
      0.6861488787478998
      0.6857590479752499
      0.6853814458337736
      0.6850162033921363
      0.6846634449637361
      0.6843232882486052
      0.6839958444807316
      0.6836812185791634
      0.6833795093014701
      0.6830908093984068
      0.6828152057690063
      0.6825527796156771
      0.6823036065992634
       0.682067756994327
      0.6818452958451574
      0.6816362831231356
      0.6814407738860963
      0.6812588184402238
      0.6810904625047944
      0.6809357473797663
      0.6807947101158385
      0.6806673836862118
       0.680553797158874
      0.6804539758679274
      0.6803679415822024
      0.6802957126692839
      0.6802373042530775
      0.6801927283631694
      0.6801619940745096
       0.680145107636305
      0.6801420725894658
      0.6801528898724249
      0.6801775579156192
      0.6802160727253513
      0.6802684279580862
       0.680334614986433
      0.6804146229581615
      0.6805084388495026
      0.6806160475137826
      0.6807374317261076
      0.6808725722243896
      0.6810214477465578
      0.6811840350633296
      0.6813603090055197
      0.6815502424845553
      0.6817538065046757
      0.6819709701652845
      0.6822017006520333
      0.6824459632155299
      0.6827037211369659
      0.6829749356804865
      0.6832595660326946
      0.6835575692302506
      0.6838689000770428
      0.6841935110528243
       0.684531352215478
      0.6848823710991698
      0.6852465126105765
      0.6856237189251049
      0.6860139293846109
      0.6864170803975969
      0.6868331053422555
      0.6872619344721372
      0.6877034948236458
      0.6881577101241179
      0.6886245006989469
      0.6891037833760941
      0.6895954713864247
      0.6900994742585941
      0.6906156977076783
      0.6911440435173518
      0.6916844094160957
      0.6922366889486289
      0.6928007713444106
      0.6933765413855949
      0.6939638792771942
       0.694562660522357
      0.6951727558055827
      0.6957940308863904
       0.696426346505416
      0.6970695583042245
      0.6977235167593069
      0.6983880671298948
      0.6990630494184218
      0.6997482983417755
      0.7004436433110059
      0.7011489084168855
      0.7018639124187597
      0.7025884687344104
      0.7033223854292169
      0.7040654652036791
      0.7048175053792599
      0.7055782978835027
       0.706347629236296
      0.7071252805399816
      0.7079110274765988
      0.7087046403158593
      0.7095058839374486
      0.7103145178708778
      0.7111302963554281
      0.7119529684217559
      0.7127822779955584
      0.7136179640224151
      0.7144597606116602
      0.7153073971959882
       0.716160598702609
      0.7170190857312125
      0.7178825747338567
      0.7187507781921947
      0.7196234047882218
      0.7205001595658742
      0.7213807440823002
      0.7222648565492997
      0.7231521919671904
      0.7240424422550062
       0.724935296382325
      0.7258304405090084
      0.7267275581395808
      0.7276263302988121
      0.7285264357342111
      0.7294275511496071
      0.7303293514719268
      0.7312315101506212
      0.7321336994862758
      0.7330355909818571
      0.7339368557070309
      0.7348371646632703
      0.7357361891352787
       0.736633601012727
      0.7375290730656369
      0.7384222791570104
      0.7393128943775275
      0.7402005950893162
      0.7410850588688063
