                       0
   4.996626666666698e-05
   0.0001997269431944672
   0.0004490676792424529
    0.000797764604768515
    0.001245584371408834
    0.001792284194713335
     0.00243761189722526
    0.003181305952391206
    0.004023095529286374
    0.004962700538138123
    0.005999831676629216
    0.007134190476961363
    0.008365469353657179
    0.009693351652078472
      0.0111175116976371
     0.01263761484567282
     0.01425331753197278
     0.01596426732390531
     0.01777010297213961
     0.01967045446292304
     0.02166494307088433
     0.02375318141233521
     0.02593477349903477
      0.0282093147923877
     0.03057639225804188
     0.03303558442085211
     0.03558646142017563
     0.03822858506546539
     0.04096150889212718
     0.04378477821760264
     0.04669793019764665
     0.04970049388275948
     0.05279199027474348
     0.05597193238334311
     0.05923982528293766
     0.06259516616924858
     0.06603744441602849
     0.06956614163169422
     0.07318073171587519
     0.07688068091583417
     0.08066544788273645
     0.08453448372772765
     0.08848723207779144
     0.09252312913135238
     0.09664160371359248
      0.1008420773314574
      0.1051239642283116
      0.1094866714382237
      0.1139295988398471
      0.1184521392098755
      0.1230536782760394
      0.1277335947696263
      0.1324912604774993
      0.1373260402935886
      0.1422372922698363
      0.1472243676665781
      0.1522866110023391
      0.1574233601030331
      0.1626339461505369
      0.1679176937306382
      0.1732739208803422
       0.178701939134517
      0.1842010535718746
       0.189770562860283
      0.1954097593013857
      0.2011179288745489
      0.2068943512801055
      0.2127382999819108
      0.2186490422492116
      0.2246258391978127
      0.2306679458305605
      0.2367746110771491
      0.2429450778332354
      0.2491785829989042
      0.2554743575164624
      0.2618316264075928
      0.2682496088098899
      0.2747275180127555
      0.2812645614927292
      0.2878599409482201
      0.2945128523337018
      0.3012224858933565
      0.3079880261942391
      0.3148086521589415
      0.3216835370978179
      0.3286118487407981
      0.3355927492687993
      0.3426253953448026
      0.3497089381446041
      0.3568425233872973
      0.3640252913655155
      0.3712563769754801
      0.3785349097468996
      0.3858600138727648
      0.3932308082390834
      0.4006464064546135
      0.4081059168806226
      0.4156084426607636
      0.4231530817510775
      0.4307389269502097
      0.4383650659298817
      0.4460305812656799
      0.4537345504682237
      0.4614760460147576
      0.4692541353812595
      0.4770678810750921
      0.4849163406682805
      0.4927985668314973
      0.5007136073687714
      0.5086605052530574
      0.5166382986626655
      0.5246460210186702
      0.5326827010233455
      0.5407473626997013
      0.5488390254322106
      0.5569567040087668
      0.5650994086639745
      0.5732661451238374
      0.5814559146519163
      0.5896677140970384
      0.5979005359426208
      0.6061533683576965
      0.6144251952497227
      0.6227149963192131
      0.6310217471163291
      0.6393444190994356
      0.6476819796957518
      0.6560333923641518
      0.6643976166601652
      0.6727736083033055
      0.6811603192467566
      0.6895566977494928
       0.697961688450928
      0.7063742324481396
      0.7147932673757694
      0.7232177274886178
      0.7316465437470602
       0.740078643905318
      0.7485129526026422
      0.7569483914574933
       0.765383879164767
      0.7738183315961484
      0.7822506619035855
      0.7906797806260397
      0.7991045957994725
      0.8075240130701639
      0.8159369358114249
      0.8243422652437057
       0.832738900558178
      0.8411257390438137
      0.8495016762180182
      0.8578656059608357
      0.8662164206527662
      0.8745530113162135
      0.8828742677606196
      0.8911790787312739
      0.8994663320618252
      0.9077349148305461
      0.9159837135203163
      0.9242116141823549
      0.9324175026037037
       0.940600264478466
      0.9487587855828015
      0.9568919519536592
      0.9649986500712157
      0.9730777670450758
      0.9811281908041154
      0.9891488102900207
      0.9971385156544603
       1.005096198459881
       1.013020751883799
       1.020911070926724
       1.028766052623451
       1.036584596257846
       1.044365603580979
       1.052107979032552
       1.059810629965557
       1.067472466874117
        1.07509240362442
       1.082669357688642
       1.090202250381782
       1.097690007101369
       1.105131557569852
       1.112525836079629
       1.119871781740608
       1.127168338730193
       1.134414456545536
       1.141609090257953
        1.14875120076943
       1.155839755071013
       1.162873726502976
       1.169852095016659
       1.176773847437775
       1.183637977731115
       1.190443487266385
       1.197189385085166
       1.203874688168701
       1.210498421706452
        1.21705961936519
       1.223557323558476
       1.229990585716368
       1.236358466555163
       1.242660036346972
        1.24889437518904
       1.255060573272453
       1.261157731150257
       1.267184960004603
       1.273141381912868
       1.279026130112467
       1.284838349264235
       1.290577195714084
       1.296241837752858
       1.301831455874102
       1.307345243029548
       1.312782404882171
        1.31814216005658
       1.323423740386542
       1.328626391159438
       1.333749371357494
       1.338791953895511
       1.343753425854993
       1.348633088714386
       1.353430258575283
       1.358144266384412
       1.362774458151175
       1.367320195160594
       1.371780854181453
       1.376155827669442
       1.380444523965161
       1.384646367486791
        1.38876079891724
       1.392787275385603
       1.396725270642866
       1.400574275231494
       1.404333796648974
       1.408003359505008
       1.411582505672266
       1.415070794430588
       1.418467802604476
       1.421773124693695
       1.424986372996999
       1.428107177728715
        1.43113518712819
       1.434070067561947
        1.43691150361844
        1.43965919819538
       1.442312872579486
       1.444872266518635
       1.447337138286313
       1.449707264738298
       1.451982441361606
       1.454162482315528
       1.456247220464824
       1.458236507404981
       1.460130213479576
       1.461928227789687
       1.463630458195329
       1.465236831308988
        1.46674729248119
       1.468161805778164
       1.469480353951631
       1.470702938400686
       1.471829579125957
       1.472860314675902
       1.473795202085431
       1.474634316806909
        1.47537775263354
       1.476025621615292
       1.476578053967345
       1.477035197971303
       1.477397219869121
       1.477664303749924
       1.477836651429875
       1.477914482325061
       1.477898033317732
        1.47778755861583
       1.477583329606044
       1.477285634700571
       1.476894779177598
       1.476411085015785
       1.475834890722849
       1.475166551158418
       1.474406437351306
       1.473554936311443
       1.472612450836516
        1.47157939931365
       1.470456215516144
       1.469243348395609
        1.46794126186955
       1.466550434604694
       1.465071359796178
       1.463504544942827
       1.461850511618715
       1.460109795241208
       1.458282944835648
       1.456370522796948
       1.454373104648238
       1.452291278796773
       1.450125646287313
       1.447876820553208
        1.44554542716528
       1.443132103578858
       1.440637498878988
       1.438062273524168
       1.435407099088721
       1.432672658003978
       1.429859643298535
       1.426968758337711
       1.424000716562444
       1.420956241227732
       1.417836065140899
       1.414640930399765
       1.411371588130986
       1.408028798228668
       1.404613329093454
       1.401125957372215
       1.397567467698591
       1.393938652434425
       1.390240311412345
        1.38647325167956
       1.382638287243047
       1.378736238816344
       1.374767933567912
       1.370734204871366
       1.366635892057609
       1.362473840169028
       1.358248899715822
       1.353961926434646
       1.349613781049606
        1.34520532903575
       1.340737440385152
        1.33621098937562
        1.33162685434223
       1.326985917451659
       1.322289064479461
       1.317537184590303
       1.312731170121303
       1.307871916368465
       1.302960321376315
       1.297997285730759
       1.292983712355233
        1.28792050631018
       1.282808574595881
       1.277648825958746
       1.272442170700946
       1.267189520493599
       1.261891788193359
       1.256549887662544
        1.25116473359279
       1.245737241332167
       1.240268326715867
        1.23475890590042
       1.229209895201409
        1.22362221093472
       1.217996769261285
       1.212334486035354
       1.206636276656216
       1.200903055923387
       1.195135737895274
       1.189335235751206
       1.183502461656884
       1.177638326633179
       1.171743740428232
       1.165819611392899
        1.15986684635936
       1.153886350523038
       1.147879027327566
       1.141845778352991
        1.13578750320696
       1.129705099418992
       1.123599462337695
       1.117471485030909
       1.111322058188729
       1.105152070029336
       1.098962406207612
       1.092753949726442
       1.086527580850678
       1.080284177023671
        1.07402461278637
       1.067749759698873
        1.06146048626441
       1.055157657855662
       1.048842136643386
       1.042514781527288
       1.036176448069019
       1.029827988427325
       1.023470251295242
       1.017104081839254
       1.010730321640384
       1.004349808637158
      0.9979633770703635
      0.9915718574295822
      0.9851760764013211
      0.9787768568188751
      0.9723750176136647
      0.9659713737681319
      0.9595667362700415
      0.9531619120682273
      0.9467577040296256
       0.940354910897601
      0.9339543272515096
      0.9275567434673999
      0.9211629456798822
      0.9147737157449987
      0.9083898312041687
      0.9020120652490259
       0.895641186687251
      0.8892779599092103
      0.8829231448554035
      0.8765774969847476
      0.8702417672435043
      0.8639167020349733
      0.8576030431897501
      0.8513015279366293
      0.8450128888740576
      0.8387378539420969
      0.8324771463948761
      0.8262314847735063
       0.820001582879365
      0.8137881497478203
      0.8075918896222369
      0.8014135019283481
      0.7952536812488844
      0.7891131172984617
      0.7829924948987051
      0.7768924939535718
      0.7708137894248405
      0.7647570513077692
      0.7587229446068674
      0.7527121293117817
      0.7467252603732744
      0.7407629876792557
      0.7348259560308844
      0.7289148051186928
      0.7230301694987068
       0.717172678568621
      0.7113429565439179
      0.7055416224339844
      0.6997692900181951
      0.6940265678219494
      0.6883140590926534
      0.6826323617756501
      0.6769820684900781
       0.671363766504659
      0.6657780377134016
      0.6602254586112342
      0.6547066002695365
      0.6492220283116027
      0.6437723028879903
      0.6383579786518071
      0.6329796047338847
      0.6276377247178799
      0.6223328766152706
      0.6170655928403045
      0.6118364001848215
      0.6066458197930295
      0.6014943671362193
      0.5963825519873862
      0.5913108783958211
      0.5862798446616243
      0.5812899433102086
      0.5763416610667469
      0.5714354788306084
      0.5665718716497694
      0.5617513086952269
      0.5569742532354016
      0.5522411626105905
      0.5475524882074099
      0.5429086754333018
      0.5383101636910846
       0.533757386353567
      0.5292507707382444
      0.5247907380820787
      0.5203777035163927
      0.5160120760418763
      0.5116942585037205
      0.5074246475669196
      0.5032036336917057
      0.4990316011091933
      0.4949089277972012
      0.4908359854562747
      0.4868131394859474
      0.4828407489612346
       0.478919166609389
      0.4750487387869117
      0.4712298054568719
      0.4674627001665055
      0.4637477500251538
      0.4600852756825171
      0.4564755913072736
      0.4529190045660492
      0.4494158166027742
      0.4459663220184392
        0.44257080885126
      0.4392295585572593
      0.4359428459913103
      0.4327109393886247
      0.4295341003467067
      0.4264125838078085
       0.423346638041876
      0.4203365046300255
      0.4173824184485228
      0.4144846076533261
      0.4116432936651817
      0.4088586911552899
      0.4061310080315362
      0.4034604454253527
      0.4008471976791448
      0.3982914523343632
      0.3957933901201944
      0.3933531849428955
      0.3909710038757749
      0.3886470071498399
      0.3863813481451083
      0.3841741733826048
      0.3820256225170474
      0.3799358283302275
      0.3779049167251006
      0.3759330067205872
       0.374020210447092
      0.3721666331427637
       0.370372373150473
      0.3686375219155461
      0.3669621639842294
      0.3653463770029129
      0.3637902317181164
      0.3622937919772135
      0.3608571147299415
      0.3594802500306554
       0.358163241041366
      0.3569061240355424
      0.3557089284026809
      0.3545716766536575
      0.3534943844268359
       0.352477060494975
       0.351519706772879
      0.3506223183258467
      0.3497848833788807
      0.3490073833266604
      0.3482897927442948
      0.3476320793988405
       0.347034204261567
      0.3464961215210007
      0.3460177785967163
      0.3455991161538727
      0.3452400681185105
      0.3449405616935737
      0.3447005173756841
      0.3445198489726392
      0.3443984636216245
      0.3443362618081603
      0.3443331373857535
      0.3443889775962393
      0.3445036630908451
      0.3446770679519143
      0.3449090597153366
      0.3451994993936314
      0.3455482414996992
      0.3459551340712356
        0.34642001869578
      0.3469427305364112
      0.3475230983580658
      0.3481609445544639
      0.3488560851756627
       0.349608329956191
      0.3504174823437756
      0.3512833395286506
      0.3522056924734264
      0.3531843259435108
      0.3542190185380866
      0.3553095427216124
      0.3564556648558569
      0.3576571452324344
      0.3589137381058506
       0.360225191727037
      0.3615912483773659
       0.363011644403131
      0.3644861102504888
      0.3660143705008523
      0.3675961439067126
      0.3692311434278961
      0.3709190762682357
      0.3726596439126406
      0.3744525421645758
      0.3762974611839148
      0.3781940855251711
      0.3801420941761014
       0.382141160596654
      0.3841909527582756
      0.3862911331835441
      0.3884413589861324
       0.390641281911101
      0.3928905483754876
      0.3951887995092015
       0.397535671196216
      0.3999307941160526
      0.4023737937855226
      0.4048642906007697
      0.4074018998795501
      0.4099862319037892
      0.4126168919623849
      0.4152934803942512
      0.4180155926316168
      0.4207828192435388
      0.4235947459796719
      0.4264509538142429
      0.4293510189902582
       0.432294513063921
      0.4352810029492803
      0.4383100509630688
       0.441381214869771
      0.4444940479268842
      0.4476480989303832
      0.4508429122604075
      0.4540780279271264
       0.457352981616824
      0.4606673047381782
      0.4640205244687408
      0.4674121638016266
      0.4708417415924061
      0.4743087726062004
      0.4778127675649856
      0.4813532331951015
      0.4849296722749967
      0.4885415836831575
      0.4921884624462831
      0.4958697997876709
      0.4995850831758392
      0.5033337963733686
      0.5071154194860029
      0.5109294290119797
      0.5147752978916198
       0.518652495557153
      0.5225604879828344
      0.5264987377353179
      0.5304667040243106
      0.5344638427535044
      0.5384896065718136
      0.5425434449249229
      0.5466248041071298
      0.5507331273135149
      0.5548678546924537
      0.5590284233984697
      0.5632142676454349
      0.5674248187601406
      0.5716595052362345
      0.5759177527885617
      0.5801989844078838
      0.5845026204160255
       0.588828078521447
      0.5931747738752254
       0.597542119127511
      0.6019295244844357
      0.6063363977654964
      0.6107621444614182
      0.6152061677925308
      0.6196678687676511
      0.6241466462435004
      0.6286418969846497
      0.6331530157240535
      0.6376793952241242
      0.6422204263384117
      0.6467754980738563
      0.6513439976537081
       0.655925310581017
      0.6605188207028024
      0.6651239102748728
      0.6697399600273198
      0.6743663492306806
      0.6790024557628279
       0.683647656176546
      0.6883013257678481
      0.6929628386450395
       0.697631567798515
      0.7023068851713375
      0.7069881617305953
      0.7116747675395361
      0.7163660718305174
      0.7210614430787731
      0.7257602490769949
      0.7304618570107539
      0.7351656335347819
      0.7398709448500884
      0.7445771567819579
      0.7492836348588288
      0.7539897443920315
      0.7586948505564408
      0.7633983184720007
      0.7680995132861639
       0.772797800257246
      0.7774925448386714
      0.7821831127641344
      0.7868688701336825
      0.7915491835007128
      0.7962234199598883
      0.8008909472359476
      0.8055511337734529
      0.8102033488274393
      0.8148469625549698
      0.8194813461075815
      0.8241058717246336
      0.8287199128275465
      0.8333228441149007
      0.8379140416584295
      0.8424928829998287
       0.847058747248436
      0.8516110151797294
      0.8561490693346192
      0.8606722941195553
      0.8651800759073791
      0.8696718031389433
      0.8741468664254496
      0.8786046586514967
      0.8830445750787848
       0.887466013450485
      0.8918683740962309
      0.8962510600376815
       0.900613477094655
      0.9049550339917721
      0.9092751424655908
       0.913573217372181
      0.9178486767951353
      0.9221009421539064
      0.9263294383125144
      0.9305335936884869
      0.9347128403620907
      0.9388666141856967
      0.9429943548933302
      0.9470955062102832
       0.951169515962765
      0.9552158361875357
      0.9592339232414778
      0.9632232379110213
      0.9671832455213905
       0.971113416045617
      0.9750132242131948
      0.9788821496184399
      0.9827196768283466
      0.9865252954900066
      0.9902985004374412
      0.9940387917978004
      0.9977456750968876
       1.001418661363927
       1.005057267235515
       1.008661015058635
       1.012229432992783
       1.015762055110984
       1.019258421499777
       1.022718078357987
       1.026140578094267
       1.029525479423351
         1.0328723474609
       1.036180753816929
       1.039450276687698
       1.042680500946029
       1.045871018229965
       1.049021427029717
       1.052131332772843
       1.055200347907528
       1.058228091984025
       1.061214191734081
       1.064158281148322
       1.067060001551582
       1.069919001676032
       1.072734937732184
       1.075507473477527
       1.078236280282953
       1.080921037196754
       1.083561431006244
       1.086157156296886
       1.088707915508967
       1.091213418991684
       1.093673385054666
       1.096087540016903
       1.098455618252964
       1.100777362236581
       1.103052522581515
       1.105280858079666
       1.107462135736422
       1.109596130803276
       1.111682626807599
       1.113721415579628
        1.11571229727665
       1.117655080404348
       1.119549581835328
       1.121395626824823
       1.123193049023563
        1.12494169048787
       1.126641401686886
       1.128292041507038
       1.129893477253735
       1.131445584650256
       1.132948247833979
       1.134401359349771
       1.135804820140825
       1.137158539536746
       1.138462435239027
       1.139716433303958
       1.140920468122996
       1.142074482400576
       1.143178427129502
       1.144232261563913
       1.145235953189866
       1.146189477693644
       1.147092818927746
       1.147945968874694
       1.148748927608734
       1.149501703255369
       1.150204311948907
       1.150856777788037
       1.151459132789477
       1.152011416839818
       1.152513677645554
       1.152965970681398
       1.153368359136988
       1.153720913861978
       1.154023713309664
       1.154276843479116
       1.154480397855985
       1.154634477351973
       1.154739190243088
       1.154794652106763
       1.154800985757804
       1.154758321183378
       1.154666795477032
       1.154526552771783
       1.154337744172401
       1.154100527686926
       1.153815068157493
       1.153481537190476
       1.153100113086087
       1.152670980767426
       1.152194331709092
       1.151670363865339
       1.151099281597894
       1.150481295603469
       1.149816622840997
       1.149105486458663
       1.148348115720762
       1.147544745934424
       1.146695618376294
       1.145800980219111
       1.144861084458313
       1.143876189838637
       1.142846560780824
       1.141772467308353
       1.140654184974333
       1.139491994788501
       1.138286183144367
       1.137037041746561
       1.135744867538363
       1.134409962629433
       1.133032634223722
       1.131613194547676
       1.130151960778629
       1.128649254973392
       1.127105403997177
        1.12552073945269
       1.123895597609468
       1.122230319333474
       1.120525250016912
       1.118780739508269
       1.116997142042575
       1.115174816171885
        1.11331412469593
       1.111415434592965
       1.109479116950802
       1.107505546897984
       1.105495103535101
       1.103448169866242
       1.101365132730487
       1.099246382733585
       1.097092314179605
       1.094903325002668
       1.092679816698692
       1.090422194257135
       1.088130866092752
       1.085806243977234
       1.083448742970851
       1.081058781353996
       1.078636780558614
       1.076183165099525
       1.073698362505595
       1.071182803250739
       1.068636920684778
       1.066061150964079
       1.063455932981975
       1.060821708298975
       1.058158921072732
       1.055468017987743
       1.052749448184775
       1.050003663190014
       1.047231116843941
       1.044432265229881
       1.041607566602223
       1.038757481314372
       1.035882471746334
       1.032983002232031
       1.030059538986207
         1.0271125500311
       1.024142505122713
       1.021149875676844
       1.018135134694745
       1.015098756688494
       1.012041217606077
       1.008962994756189
       1.005864566732755
       1.002746413339175
      0.9996090155123654
      0.9964528552465335
      0.9932784155167544
      0.9900861802023382
       0.986876634010061
      0.9836502623972101
      0.9804075514945054
      0.9771489880289279
      0.9738750592464551
      0.9705862528347782
      0.9672830568459441
      0.9639659596190793
      0.9606354497030594
      0.9572920157793485
      0.9539361465848928
      0.9505683308351522
      0.9471890571473323
      0.9437988139637963
      0.9403980894757675
      0.9369873715472685
      0.9335671476393899
      0.9301379047349394
      0.9267001292634269
      0.9232543070265202
      0.9198009231239461
      0.9163404618798594
      0.9128734067698057
      0.9094002403481862
      0.9059214441763481
      0.9024374987513453
      0.8989488834353236
      0.8954560763856441
      0.8919595544857541
      0.8884597932768445
      0.8849572668902881
      0.8814524479809616
      0.8779458076614279
      0.8744378154370607
      0.8709289391420478
      0.8674196448764201
      0.8639103969440673
      0.8604016577917477
      0.8568938879491619
      0.8533875459700754
      0.8498830883745716
      0.8463809695923461
      0.8428816419072023
      0.8393855554026223
      0.8358931579085118
      0.8324048949491846
      0.8289212096924105
      0.8254425428998005
      0.8219693328783111
      0.8185020154329897
      0.8150410238210047
      0.8115867887068439
      0.8081397381188014
      0.8047002974066908
      0.8012688892008503
      0.7978459333723301
      0.7944318469943787
      0.7910270443051591
      0.7876319366716843
      0.7842469325550042
      0.7808724374765698
       0.777508853985853
      0.7741565816291043
      0.7708160169193258
      0.7674875533074031
      0.7641715811543648
      0.7608684877047975
       0.757578657061357
         0.7543024701604
      0.7510403047486783
      0.7477925353611176
      0.7445595332996177
      0.7413416666128869
      0.7381393000772748
      0.7349527951785867
      0.7317825100948231
      0.7286287996798645
      0.7254920154480223
      0.7223725055594675
      0.7192706148064738
      0.7161866846004439
        0.71312105295968
      0.7100740544979126
       0.707046020413474
      0.7040372784791384
      0.7010481530325926
      0.6980789649675052
      0.6951300317251571
