                       0
   2.764806673400191e-05
   0.0001107667815885948
   0.0002496875426499223
   0.0004446339966733199
   0.0006957247578760586
    0.001002977861237308
    0.001366316792607001
    0.001785577888148748
     0.00226051885544956
    0.002790828138235954
     0.00337613482719697
     0.00401601881163874
    0.004710020870802237
    0.005457652419367945
    0.006258404648129891
    0.007111756836729982
      0.0080171836589343
    0.008974161350070516
    0.009982172658524103
     0.01104071055606917
     0.01214928073274319
     0.01330740294856653
     0.01451461135454885
     0.01577045392741361
     0.01707449118512094
      0.0184262943629568
     0.01982544323266439
     0.02127152374037174
     0.02276412562399956
     0.02430284014891655
     0.02588725807365722
     0.02751696792753103
     0.02919155465094302
     0.03091059861915835
     0.03267367504278371
     0.03448035371481029
     0.03633019905568707
      0.0382227703951829
     0.04015762242292249
      0.0421343057382441
     0.04415236743384656
     0.04621135165573156
     0.04831080009314492
     0.05045025236542407
     0.05262924628667427
     0.05484731800290678
      0.0571040020086824
     0.05939883106061777
     0.06173133601276439
     0.06410104560354786
     0.06650748622559317
     0.06895018170854823
      0.0714286531413193
     0.07394241875449502
     0.07649099387678904
     0.07907389097177646
     0.08169061975369078
     0.08434068737421438
     0.08702359866653896
     0.08973885642885632
     0.09248596172709785
     0.09526441419620653
     0.09807371232042797
      0.1009133536757946
       0.103782835121844
      0.1066816529342181
      0.1096093028747531
      0.1125652802005116
      0.1155490796175685
      0.1185601951889216
        0.12159812020841
      0.1246623470538816
      0.1277523670330189
      0.1308676702342989
      0.1340077453936856
       0.137172079785081
       0.140360159139536
      0.1435714675950803
      0.1468054876760088
      0.1500617002978554
      0.1533395847922364
      0.1566386189444611
      0.1599582790362666
      0.1632980398862929
      0.1666573748818464
      0.1700357559970119
      0.1734326537940387
      0.1768475374069911
      0.1802798745087065
      0.1837291312639077
      0.1871947722728167
      0.1906762605105581
      0.1941730572680735
      0.1976846221001586
       0.201210412785518
      0.2047498853026562
      0.2083024938239997
      0.2118676907290054
      0.2154449266354098
      0.2190336504462368
      0.2226333094089492
      0.2262433491822073
      0.2298632139052308
      0.2334923462647274
      0.2371301875547585
      0.2407761777256775
      0.2444297554193856
      0.2480903579893922
      0.2517574215055216
       0.255430380744411
       0.259108669168058
       0.262791718893596
      0.2664789606580393
      0.2701698237819666
      0.2738637361360174
      0.2775601241136176
      0.2812584126126753
      0.2849580250281039
      0.2886583832560314
      0.2923589077096246
      0.2960590173455025
      0.2997581296990635
      0.3034556609264739
      0.3071510258508979
      0.3108436380105099
      0.3145329097061573
      0.3182182520470084
      0.3218990749931814
      0.3255747873950809
      0.3292447970299247
      0.3329085106366338
      0.3365653339508082
       0.340214671741929
      0.3438559278550691
      0.3474885052593824
      0.3511118061053617
      0.3547252317924482
      0.3583281830479415
      0.3619200600175732
      0.3655002623673461
      0.3690681893956703
      0.3726232401542493
      0.3761648135757747
      0.3796923086063279
       0.383205124340292
      0.3867026601558057
      0.3901843158491363
      0.3936494917667719
      0.3970975889346734
      0.4005280091846643
      0.4039401552785745
      0.4073334310312104
      0.4107072414337029
      0.4140609927789164
      0.4173940927908416
       0.420705950759687
       0.423995977684219
      0.4272635864225529
      0.4305081918521055
      0.4337292110389813
      0.4369260634165276
      0.4400981709723891
      0.4432449584430169
      0.4463658535143324
      0.4494602870271692
      0.4525276931861092
      0.4555675097705292
      0.4585791783468894
      0.4615621444817233
      0.4645158579550858
      0.4674397729747095
      0.4703333483914033
      0.4731960479165624
      0.4760273403428278
      0.4788266997690225
      0.4815936058304183
      0.4843275439352506
      0.4870280055080954
      0.4896944882404318
        0.49232649634827
      0.4949235408363677
       0.497485139768203
      0.5000108185405311
       0.502500110161197
      0.5049525555287169
      0.5073677037121856
       0.509745112230188
      0.5120843473275847
      0.5143849842493767
      0.5166466075111674
      0.5188688111661315
      0.5210511990687161
       0.523193385135603
      0.5252949936047021
      0.5273556592930548
      0.5293750278545123
      0.5313527560380936
      0.5332885119475844
      0.5351819753028551
      0.5370328377029575
      0.5388408028907968
      0.5406055870188664
      0.5423269189151889
       0.544004540348488
      0.5456382062914144
      0.5472276851806012
      0.5487727591724363
       0.550273224393496
      0.5517288911848639
      0.5531395843397562
      0.5545051433341903
      0.5558254225507191
      0.5571002914954822
       0.558329635009011
       0.559513353471407
      0.5606513630024508
      0.5617435956572845
      0.5627899996180594
      0.5637905393818282
      0.5647451959447005
      0.5656539669819755
       0.566516867023753
      0.5673339276252729
       0.568105197530994
      0.5688307428313744
      0.5695106471112119
      0.5701450115885037
      0.5707339552428469
      0.5712776149326437
      0.5717761455005913
      0.5722297198672099
      0.5726385291124833
      0.5730027825458659
      0.5733227077651954
      0.5735985507051937
      0.5738305756762556
      0.5740190653943174
      0.5741643210024329
       0.574266662084566
       0.574326426671927
      0.5743439712418617
      0.5743196707091734
      0.5742539184093642
      0.5741471260732253
      0.5739997237919598
      0.5738121599720056
      0.5735849012786455
       0.573318432567675
      0.5730132568044174
      0.5726698949696756
      0.5722888859523629
      0.5718707864288228
      0.5714161707291323
      0.5709256306907974
      0.5703997755004513
      0.5698392315242685
      0.5692446421277845
      0.5686166674857611
      0.5679559843826204
      0.5672632860037937
       0.566539281718085
      0.5657846968509308
      0.5650002724482288
       0.564186765030175
      0.5633449463343856
      0.5624756030475794
      0.5615795365249332
       0.560657562496453
      0.5597105107596366
      0.5587392248580603
      0.5577445617456014
      0.5567273914363595
      0.5556885966404621
      0.5546290723862425
      0.5535497256293663
      0.5524514748496402
      0.5513352496362091
      0.5502019902618406
      0.5490526472468672
      0.5478881809131546
       0.546709560928318
      0.5455177658400522
       0.544313782600328
      0.5430986060788956
      0.5418732385654158
      0.5406386892593966
      0.5393959737471108
      0.5381461134646469
      0.5368901351464376
      0.5356290702586876
      0.5343639544174543
      0.5330958267912531
      0.5318257294884839
      0.5305547069300389
      0.5292838052077978
      0.5280140714298184
      0.5267465530530925
      0.5254822972048122
      0.5242223499929962
       0.522967755807255
      0.5217195566102883
       0.520478791220566
      0.5192464945864567
      0.5180236970518688
       0.516811423613444
      0.5156106931691824
      0.5144225177584615
      0.5132479017934669
      0.5120878412822175
      0.5109433230435936
      0.5098153239150461
      0.5087048099539639
      0.5076127356339879
      0.5065400430378659
      0.5054876610486394
      0.5044565045412163
      0.5034474735764471
      0.5024614525999109
      0.5014993096475218
      0.5005618955600456
      0.4996500432083643
      0.4987645667312345
       0.497906260786971
      0.4970758998203713
       0.496274237345983
      0.4955020052487274
      0.4947599131027955
       0.494048647509782
      0.4933688714571074
      0.4927212236978614
      0.4921063181534518
      0.4915247433406112
      0.4909770618245262
       0.490463809700059
      0.4899854961031526
      0.4895426027546214
      0.4891355835384857
      0.4887648641169801
      0.4884308415841599
      0.4881338841598244
      0.4878743309251422
      0.4876524916010557
      0.4874686463701512
      0.4873230457423604
      0.4872159104644893
       0.487147431473343
      0.4871177698919611
      0.4871270570683371
        0.48717539465595
      0.4872628547353697
      0.4873894799763004
      0.4875552838394398
       0.487760250817656
      0.4880043367160409
      0.4882874689704414
      0.4886095470040741
      0.4889704426217451
      0.4893700004411058
      0.4898080383601078
      0.4902843480596718
      0.4907986955401809
      0.4913508216901835
      0.4919404428853281
      0.4925672516152648
      0.4932309171360406
      0.4939310861452765
      0.4946673834773528
      0.4954394128157951
      0.4962467574200999
      0.4970889808644165
      0.4979656277856321
      0.4988762246387201
        0.49982028045743
      0.5007972876186743
      0.5018067226091926
      0.5028480467932895
      0.5039207071805678
      0.5050241371926717
      0.5061577574280434
      0.5073209764236862
      0.5085131914128287
      0.5097337890772424
      0.5109821462928757
      0.5122576308673191
      0.5135596022675516
      0.5148874123363291
      0.5162404059956802
      0.5176179219359375
      0.5190192932889673
      0.5204438482844197
      0.5218909108880545
      0.5233598014215107
      0.5248498371631095
      0.5263603329296145
      0.5278906016390525
      0.5294399548549312
      0.5310077033123037
      0.5325931574261937
      0.5341956277829262
      0.5358144256147858
      0.5374488632584062
      0.5390982545970515
        0.54076191548691
      0.5424391641672284
      0.5441293216541223
      0.5458317121177104
      0.5475456632422171
      0.5492705065687042
      0.5510055778201625
      0.5527502172087936
      0.5545037697255636
      0.5562655854121832
      0.5580350196160199
      0.5598114332285254
      0.5615941929080466
      0.5633826712879324
      0.5651762471710414
      0.5669743057116701
      0.5687762385859761
       0.570581444151872
      0.5723893275991716
      0.5741993010906906
      0.5760107838947571
      0.5778232025094108
      0.5796359907784603
      0.5814485899993312
      0.5832604490226753
      0.5850710243435503
      0.5868797801840918
       0.588686188567624
      0.5904897293842666
      0.5922898904482381
      0.5940861675472457
       0.595878064484421
      0.5976650931135172
      0.5994467733680955
      0.6012226332855087
      0.6029922090265634
       0.604755044891598
      0.6065106933337316
      0.6082587149698305
       0.609998678589598
      0.6117301611630547
      0.6134527478464166
      0.6151660319863064
      0.6168696151220259
      0.6185631069855827
      0.6202461254990664
      0.6219182967690603
       0.623579255077738
      0.6252286428704764
      0.6268661107399027
      0.6284913174064993
      0.6301039296959673
      0.6317036225137809
       0.633290078817449
      0.6348629895870392
      0.6364220537946306
      0.6379669783732883
      0.6394974781861417
      0.6410132759959476
      0.6425141024355145
      0.6439996959791052
      0.6454698029147863
      0.6469241773175956
      0.6483625810231971
      0.6497847836016567
      0.6511905623308708
      0.6525797021692499
       0.653951995727194
      0.6553072432371088
      0.6566452525217277
      0.6579658389606978
      0.6592688254555273
      0.6605540423931068
      0.6618213276081765
      0.6630705263451415
      0.6643014912197257
      0.6655140821809146
      0.6667081664736374
        0.66788361860248
      0.6690403202966505
      0.6701781604762898
      0.6712970352199735
      0.6723968477332263
      0.6734775083176813
       0.674538934340427
      0.6755810502030343
      0.6766037873097925
      0.6776070840346584
      0.6785908856865501
      0.6795551444727214
      0.6804998194600971
      0.6814248765345762
      0.6823302883584741
      0.6832160343264176
      0.6840821005200575
      0.6849284796620406
      0.6857551710697225
      0.6865621806090423
      0.6873495206488827
      0.6881172100161792
      0.6888652739518868
      0.6895937440677375
      0.6903026583036451
      0.6909920608854072
      0.6916620022823119
      0.6923125391641802
      0.6929437343573412
      0.6935556567990808
      0.6941483814901473
      0.6947219894450499
      0.6952765676399447
      0.6958122089581096
      0.6963290121330964
      0.6968270816898198
      0.6973065278839159
      0.6977674666397652
      0.6982100194876303
      0.6986343135002798
      0.6990404812294906
       0.699428660642612
      0.6997989950593748
      0.7001516330888861
      0.7004867285666594
      0.7008044404914094
      0.7011049329612243
      0.7013883751086448
      0.7016549410342112
      0.7019048097380005
      0.7021381650487575
      0.7023551955503559
      0.7025560945053798
      0.7027410597758593
      0.7029102937412082
      0.7030640032136856
      0.7032023993516906
      0.7033256975713555
      0.7034341174568897
      0.7035278826701252
      0.7036072208596824
      0.7036723635700457
      0.7037235461507393
       0.703761007665643
      0.7037849908023536
      0.7037957417813543
      0.7037935102646443
      0.7037785492634041
      0.7037511150442435
      0.7037114670335423
      0.7036598677195212
      0.7035965825516974
      0.7035218798375176
      0.7034360306361369
      0.7033393086494154
      0.7032319901103526
      0.7031143536692933
      0.7029866802783589
      0.7028492530745338
      0.7027023572619079
      0.7025462799934803
      0.7023813102528877
      0.7022077387362776
      0.7020258577344228
       0.701835961015032
      0.7016383437050883
      0.7014333021729011
      0.7012211339095126
      0.7010021374090307
      0.7007766120474584
      0.7005448579596673
      0.7003071759141832
      0.7000638671856654
      0.6998152334249933
      0.6995615765271085
      0.6993031984968565
      0.6990404013131976
       0.698773486792284
       0.698502756449885
      0.6982285113637271
      0.6979510520362083
      0.6976706782579128
      0.6973876889722012
      0.6971023821410479
       0.696815054612102
      0.6965260019868565
      0.6962355184896283
        0.69594389683702
       0.695651428107377
      0.6953584016098809
      0.6950651047528041
      0.6947718229106642
       0.694478839290033
      0.6941864347939369
      0.6938948878849576
      0.6936044744472424
      0.6933154676478072
      0.6930281377976181
      0.6927427522129679
      0.6924595750777433
       0.692178867307087
      0.6919008864129605
      0.6916258863719349
      0.6913541174954487
      0.6910858263026342
      0.6908212553956026
      0.6905606433370353
      0.6903042245297546
       0.690052229097919
      0.6898048827694601
      0.6895624067594021
      0.6893250176538112
       0.689092927294145
      0.6888663426620621
       0.688645465764714
      0.6884304935208762
      0.6882216176482994
      0.6880190245527888
      0.6878228952196332
       0.687633405107973
      0.6874507240487232
      0.6872750161465239
      0.6871064396861808
      0.6869451470438036
      0.6867912846027777
      0.6866449926745044
      0.6865064054236935
      0.6863756507979093
      0.6862528504609576
      0.6861381197296865
      0.6860315675137832
      0.6859332962582149
      0.6858434018880816
      0.6857619737557722
      0.6856890945904803
      0.6856248404502898
       0.685569280677192
      0.6855224778555217
      0.6854844877743784
      0.6854553593946172
      0.6854351348210127
      0.6854238492801052
      0.6854215311041513
      0.6854282017214526
       0.685443875653166
      0.6854685605165692
      0.6855022570345513
      0.6855449590510144
      0.6855966535517602
      0.6856573206903938
      0.6857269338187877
      0.6858054595216765
      0.6858928576551355
      0.6859890813886694
      0.6860940772509757
      0.6862077851794726
      0.6863301385738584
      0.6864610643541301
      0.6866004830235074
      0.6867483087367994
      0.6869044493746922
       0.687068806624396
      0.6872412760669616
      0.6874217472714328
      0.6876101038958198
      0.6878062237947343
      0.6880099791333047
      0.6882212365069097
      0.6884398570660938
      0.6886656966460725
      0.6888986059000755
      0.6891384304360119
      0.6893850109558803
      0.6896381833975527
      0.6898977790787095
      0.6901636248428797
       0.690435543207655
      0.6907133525153348
      0.6909968670863258
        0.69128589737567
      0.6915802501331155
      0.6918797285670064
      0.6921841325122869
      0.6924932586026334
       0.692806900446694
      0.6931248488081573
        0.69344689178921
      0.6937728150168235
      0.6941024018312106
      0.6944354334756327
       0.694771689286888
      0.6951109468856733
      0.6954529823662632
      0.6957975704849618
      0.6961444848470177
       0.696493498091837
      0.6968443820764684
      0.6971969080575452
      0.6975508468719088
      0.6979059691162456
      0.6982620453260721
      0.6986188461543201
      0.6989761425497689
      0.6993337059353105
      0.6996913083860031
       0.700048722806567
       0.700405723107923
      0.7007620843821126
      0.7011175830749193
      0.7014719971553609
      0.7018251062812977
      0.7021766919603565
      0.7025265377055356
      0.7028744291849834
      0.7032201543655949
      0.7035635036502706
      0.7039042700089094
       0.704242249103313
      0.7045772394063868
      0.7049090423160245
       0.705237462264224
      0.7055623068218136
       0.705883386799234
      0.7062005163435916
      0.7065135130321074
      0.7068221979619154
      0.7071263958359441
      0.7074259350445217
       0.707720647742163
       0.708010369919007
      0.7082949414662701
      0.7085742062351766
      0.7088480120888698
       0.709116210947044
      0.7093786588231116
      0.7096352158539601
      0.7098857463225997
      0.7101301186740967
      0.7103682055254144
      0.7105998836698395
      0.7108250340767602
      0.7110435418875077
      0.7112552964079415
      0.7114601910983127
      0.7116581235608068
       0.711848995524975
      0.7120327128310706
      0.7122091854111472
      0.7123783272676737
        0.71254005644926
      0.7126942950231155
      0.7128409690438535
       0.712980008518369
      0.7131113473666277
      0.7132349233783836
      0.7133506781660975
      0.7134585571144294
      0.7135585093269783
      0.7136504875710666
      0.7137344482214186
      0.7138103512037494
      0.7138781599391727
      0.7139378412903185
       0.713989365509896
      0.7140327061923045
      0.7140678402285913
      0.7140947477650015
      0.7141134121650233
      0.7141238199747025
      0.7141259608908939
      0.7141198277320859
      0.7141054164112562
      0.7140827259104935
      0.7140517582571275
       0.714012518501179
      0.7139650146943405
      0.7139092578706974
      0.7138452620297151
      0.7137730441221005
      0.7136926240393198
      0.7136040246075342
      0.7135072715868134
      0.7134023936762072
      0.7132894225253659
       0.713168392752998
      0.7130393419723013
      0.7129023108232961
      0.7127573430116738
      0.7126044853536565
      0.7124437878261111
      0.7122753036211535
      0.7120990892043461
      0.7119152043757626
      0.7117237123331456
       0.711524679736677
      0.7113181767749744
      0.7111042772322228
      0.7108830585564805
      0.7106546019294391
      0.7104189923380358
      0.7101763186483345
      0.7099266736821799
      0.7096701542970116
      0.7094068614690737
      0.7091369003800485
      0.7088603805069996
      0.7085774157150893
      0.7082881243524504
       0.707992629346231
       0.707691058298754
      0.7073835435825373
      0.7070702224329454
      0.7067512370372616
      0.7064267346190646
      0.7060968675170007
      0.7057617932572572
      0.7054216746193016
      0.7050766796946901
      0.7047269819389796
      0.7043727602169803
      0.7040141988416851
      0.7036514876072629
      0.7032848218164596
      0.7029144023026563
      0.7025404354466438
      0.7021631331879571
       0.701782713030318
      0.7013993980405566
      0.7010134168400793
      0.7006250035878346
      0.7002343979535465
      0.6998418450800332
      0.6994475955334326
      0.6990519052403114
      0.6986550354108793
      0.6982572524477523
      0.6978588278400655
      0.6974600380430348
      0.6970611643433203
      0.6966624927108569
      0.6962643136379238
      0.6958669219663766
      0.6954706167039326
       0.695075700830286
      0.6946824810937386
      0.6942912677987366
      0.6939023745844521
       0.693516118194309
      0.6931328182360554
      0.6927527969318017
      0.6923763788573336
      0.6920038906699238
      0.6916356608239576
      0.6912720192738401
      0.6909132971638442
      0.6905598265049537
      0.6902119398390052
      0.6898699698908861
      0.6895342492098083
      0.6892051098010583
      0.6888828827497295
      0.6885678978381855
      0.6882604831589409
      0.6879609647245667
      0.6876696660760991
      0.6873869078910803
      0.6871130075921508
      0.6868482789566815
      0.6865930317277121
       0.686347571226119
      0.6861121979638004
      0.6858872072575443
      0.6856728888432548
       0.685469526490373
      0.6852773976165006
      0.6850967729026012
      0.6849279159094631
      0.6847710826965163
       0.684626521444453
      0.6844944720833913
      0.6843751659285777
      0.6842688253256954
      0.6841756633078726
      0.6840958832663533
      0.6840296786364837
      0.6839772326004117
       0.683938717807421
      0.6839142961123896
      0.6839041183324499
      0.6839083240215246
      0.6839270412621375
      0.6839603864736784
      0.6840084642362808
      0.6840713671294952
      0.6841491755852047
      0.6842419577544476
      0.6843497693882611
      0.6844726537329977
      0.6846106414410195
      0.6847637504979522
      0.6849319861680132
       0.685115340958969
      0.6853137946083143
      0.6855273140921352
      0.6857558536577361
       0.685999354880776
      0.6862577467471376
      0.6865309457591811
      0.6868188560655757
      0.6871213696133232
      0.6874383663203109
       0.687769714266399
      0.6881152699009691
      0.6884748782649722
      0.6888483732256568
      0.6892355777225754
      0.6896363040238893
      0.6900503539925024
      0.6904775193620768
       0.690917582023429
       0.691370314322143
      0.6918354793685185
      0.6923128313609448
      0.6928021159237487
      0.6933030704602305
      0.6938154245211223
      0.6943389001882525
      0.6948732124724987
      0.6954180697244983
      0.6959731740560845
      0.6965382217698903
      0.6971129037942936
      0.6976969061207722
      0.6982899102408312
      0.6988915935799187
      0.6995016299262876
      0.7001196898532984
      0.7007454411344164
      0.7013785491508133
      0.7020186772921803
      0.7026654873519099
      0.7033186399181699
       0.703977794762596
      0.7046426112282844
      0.7053127486184196
      0.7059878665865189
      0.7066676255284546
      0.7073516869758074
      0.7080397139892338
      0.7087313715497913
      0.7094263269455815
      0.7101242501505748
      0.7108248141923527
      0.7115276955054622
      0.7122325742675688
       0.712939134716057
      0.7136470654435942
      0.7143560596721509
      0.7150658155058769
       0.715776036164347
      0.7164864301984035
       0.717196711691552
      0.7179066004501818
      0.7186158221859654
      0.7193241086934058
      0.7200311980249833
      0.7207368346653539
      0.7214407697049913
      0.7221427610124723
      0.7228425734032954
       0.723539978802191
      0.7242347563948887
      0.7249266927648955
      0.7256155820106502
      0.7263012258388403
      0.7269834336303203
      0.7276620224763768
      0.7283368171844553
      0.7290076502542672
      0.7296743618268611
      0.7303367996110092
      0.7309948187925763
      0.7316482819337065
      0.7322970588688957
       0.732941026605234
      0.7335800692329758
      0.7342140778513485
      0.7348429505123556
      0.7354665921827764
      0.7360849147216937
      0.7366978368677597
      0.7373052842274701
      0.7379071892529635
      0.7385034911956185
      0.7390941360202568
      0.7396790762639124
      0.7402582708234416
      0.7408316846574675
      0.7413992883900742
      0.7419610578068796
