                       0
   4.996626666665865e-05
   0.0001997269431944365
   0.0004490676792423475
    0.000797764604768406
    0.001245584371408668
     0.00179228419471302
    0.002437611897224699
    0.003181305952390612
    0.004023095529286096
    0.004962700538137556
    0.005999831676628703
    0.007134190476960309
    0.008365469353655428
    0.009693351652077237
     0.01111751169763563
     0.01263761484567038
     0.01425331753197007
     0.01596426732390225
     0.01777010297213812
     0.01967045446291894
     0.02166494307088159
     0.02375318141233143
     0.02593477349902942
      0.0282093147923824
     0.03057639225803836
     0.03303558442084813
     0.03558646142017059
     0.03822858506546505
     0.04096150889213027
     0.04378477821761152
     0.04669793019765461
     0.04970049388277138
     0.05279199027475944
     0.05597193238336622
     0.05923982528297215
     0.06259516616930381
     0.06603744441611041
     0.06956614163182732
     0.07318073171606612
     0.07688068091610527
      0.0806654478831161
     0.08453448372826416
     0.08848723207854003
     0.09252312913236996
     0.09664160371498295
      0.1008420773333344
      0.1051239642308238
      0.1094866714415603
      0.1139295988442594
      0.1184521392156621
      0.1230536782835872
      0.1277335947794357
       0.132491260490184
       0.137326040309887
      0.1422372922906742
      0.1472243676931043
      0.1522866110359915
      0.1574233601455198
      0.1626339462039439
      0.1679176937975132
      0.1732739209637599
      0.1787019392381623
       0.184201053700204
      0.1897705630185794
      0.1954097594960075
      0.2011179291130152
      0.2068943515713253
      0.2127383003364668
      0.2186490426795316
      0.2246258397185138
      0.2306679464588385
      0.2367746118330506
      0.2429450787402255
      0.2491785840842551
      0.2554743588118503
      0.2618316279498057
      0.2682496106413432
      0.2747275201825073
      0.2812645640572295
      0.2878599439723883
      0.2945128558918958
      0.3012224900707909
      0.3079880310882093
      0.3148086578804344
      0.3216835437732251
      0.3286118565136815
      0.3355927583020391
      0.3426254058228269
      0.3497089502759411
      0.3568425374073149
      0.3640253075394542
      0.3712563956017811
      0.3785349311608917
      0.3858600384506174
      0.3932308364022025
      0.4006464386743028
      0.4081059536834176
      0.4156084846339256
      0.4231531295487943
      0.4307389813002458
      0.4383651276408174
      0.4460306512347428
      0.4537346296896789
      0.4614761355891907
      0.4692542365253014
      0.4770679951320977
      0.4849164691199303
      0.4927987113099253
      0.5007137696700825
       0.508660687351348
      0.5166385027253917
      0.5246462494230151
      0.5326829563737352
      0.5407476478466734
      0.5488393434922583
      0.5569570583858138
      0.5650998030721675
      0.5732665836118306
      0.5814564016287505
      0.5896682543595479
      0.5979011347046967
      0.6061540312813541
      0.6144259284778122
      0.6227158065104833
      0.6310226414820532
       0.639345405442562
      0.6476830664520843
      0.6560345886457598
      0.6643989323015224
      0.6727750539096012
      0.6811619062447373
      0.6895584384411713
      0.6979635960699134
       0.706376321218996
      0.7147955525759118
      0.7232202255137803
      0.7316492721795618
      0.7400816215854513
      0.7485161997035665
       0.756951929563492
      0.7653877313530227
      0.7738225225216775
      0.7822552178885387
      0.7906847297520477
      0.7991099680041411
      0.8075298402475516
      0.8159432519160744
      0.8243491063989417
      0.8327463051684163
      0.8411337479111589
      0.8495103326629017
      0.8578749559468538
      0.8662265129157913
      0.8745638974980015
      0.8828860025465174
       0.891191719992284
      0.8994799410014217
      0.9077495561354048
      0.9159994555155373
         0.9242285289911
      0.9324356663112483
      0.9406197573005477
      0.9487796920380831
      0.9569143610402506
      0.9650226554479432
       0.973103467216052
      0.9811556893078665
      0.9891782158923172
      0.9971699425449283
       1.005129766451631
       1.013056586617969
       1.020949304078735
       1.028806822113686
       1.036628046464851
       1.044411885557085
       1.052157250722473
       1.059863056427378
       1.067528220502457
       1.075151664374976
       1.082732313304618
        1.09026909662183
       1.097760947967747
       1.105206805537805
       1.112605612327132
       1.119956316378015
       1.127257871028911
       1.134509235166385
       1.141709373478454
       1.148857256709013
       1.155951861914432
       1.162992172721214
       1.169977179584734
       1.176905880049284
       1.183777279008348
       1.190590388966871
       1.197344230302428
       1.204037831528221
       1.210670229555032
       1.217240469954142
       1.223747607219634
       1.230190705030337
       1.236568836511344
       1.242881084495299
       1.249126541781202
       1.255304311394622
       1.261413506843886
       1.267453252377128
       1.273422683236058
       1.279320945908862
       1.285147198380057
       1.290900610379597
       1.296580363628076
       1.302185652079713
       1.307715682163234
       1.313169673018926
       1.318546856732643
       1.323846478566549
       1.329067797186571
       1.334210084885314
       1.339272627802079
       1.344254726137551
       1.349155694365252
       1.353974861438306
       1.358711570990966
       1.363365181536164
       1.367935066657486
       1.372420615196094
         1.3768212314329
       1.381136335264827
       1.385365362375365
       1.389507764400146
       1.393563009086433
       1.397530580445385
       1.401409978900703
        1.40520072142875
       1.408902341693633
       1.412514390175852
       1.416036434293921
        1.41946805851931
       1.422808864485965
       1.426058471091235
         1.4292165145916
       1.432282648690503
       1.435256544619436
       1.438137891212569
       1.440926394973647
       1.443621780136316
       1.446223788716913
       1.448732180560406
       1.451146733379678
       1.453467242786304
        1.45569352231556
       1.457825403443549
       1.459862735597874
       1.461805386160319
       1.463653240462663
       1.465406201776434
       1.467064191294167
       1.468627148104814
       1.470095029161981
       1.471467809244865
       1.472745480913532
       1.473928054455562
       1.475015557828168
       1.476008036592825
       1.476905553842996
       1.477708190126302
       1.478416043359645
       1.479029228739543
       1.479547878644382
       1.479972142532447
       1.480302186833583
       1.480538194834241
       1.480680366559032
       1.480728918644396
       1.480684084208593
       1.480546112716439
       1.480315269837527
       1.479991837301366
       1.479576112746836
       1.479068409566937
       1.478469056749326
       1.477778398712795
        1.47699679513839
       1.476124620798404
       1.475162265379435
       1.474110133303425
       1.472968643543944
       1.471738229439711
       1.470419338504537
       1.469012432234245
       1.467517985910795
        1.46593648840338
       1.464268441966566
       1.462514362036938
       1.460674777026172
       1.458750228112605
       1.456741269030747
       1.454648465858966
        1.45247239680454
       1.450213651988735
       1.447872833228433
       1.445450553818444
       1.442947438311056
       1.440364122294991
       1.437701252174026
       1.434959484944277
       1.432139487970901
       1.429241938764009
       1.426267524755119
       1.423216943071988
       1.420090900314765
       1.416890112330742
       1.413615303989874
       1.410267208960419
       1.406846569485356
       1.403354136157986
       1.399790667699329
       1.396156930734999
       1.392453699573664
       1.388681755986547
       1.384841888986021
        1.38093489460744
       1.376961575690839
       1.372922741663824
       1.368819208325751
       1.364651797633737
       1.360421337489163
       1.356128661526346
       1.351774608902405
       1.347360024088491
       1.342885756663586
       1.338352661108863
       1.333761596604329
        1.32911342682719
       1.324409019752505
       1.319649247455179
       1.314834985914126
       1.309967114818349
       1.305046517375312
       1.300074080121091
       1.295050692732944
       1.289977247844091
       1.284854640859644
       1.279683769776655
       1.274465535004285
       1.269200839188077
       1.263890587035489
       1.258535685143344
       1.253137041829145
       1.247695566963232
       1.242212171803769
       1.236687768834129
       1.231123271602817
       1.225519594565793
       1.219877652930448
       1.214198362502978
       1.208482639537797
       1.202731400588632
       1.196945562362986
       1.191126041578484
       1.185273754821658
       1.179389618409475
        1.17347454825225
       1.167529459720369
       1.161555267511577
       1.155552885522778
       1.149523226721755
       1.143467203023359
       1.137385725166327
       1.131279702593288
       1.125150043332957
       1.118997653884271
       1.112823439103098
       1.106628302090512
       1.100413144083836
       1.094178864349461
       1.087926360078415
       1.081656526283207
       1.075370255697448
        1.06906843867686
       1.062751963102883
       1.056421714288136
       1.050078574883107
        1.04372342478642
       1.037357141055418
       1.030980597819184
       1.024594666193702
       1.018200214198622
       1.011798106675718
       1.005389205209235
      0.9989743680472074
      0.9925544500264285
      0.9861303024965329
      0.9797027732476931
      0.9732727064389655
      0.9668409425287008
      0.9604083182056258
      0.9539756663223364
      0.9475438158298939
      0.9411135917136262
      0.9346858149310338
      0.9282613023497484
      0.9218408666884604
      0.9154253164575548
      0.9090154559026266
      0.9026120849474754
      0.8962159991393818
      0.8898279895959612
      0.8834488429514994
      0.8770793413063753
      0.8707202621755478
      0.8643723784398605
      0.8580364582972899
      0.8517132652153212
      0.8454035578845659
      0.8391080901731116
      0.8328276110813819
      0.8265628646988968
      0.8203145901603073
      0.8140835216039055
      0.8078703881294856
       0.801675913757776
      0.7955008173904144
      0.7893458127704516
       0.783211608443584
      0.7770989077202319
      0.7710084086378339
      0.7649408039241814
      0.7588967809610975
      0.7528770217484699
      0.7468822028693221
      0.7409129954548374
      0.7349700651500783
      0.7290540720808242
      0.7231656708195162
      0.7173055103527839
      0.7114742340489616
      0.7056724796259668
      0.6999008791196839
      0.6941600588527936
      0.6884506394037565
      0.6827732355762596
      0.6771284563689791
      0.6715169049457337
      0.6659391786058159
      0.6603958687548545
      0.6548875608756048
      0.6494148344995768
      0.6439782631782828
      0.6385784144553679
      0.6332158498385521
      0.6278911247723243
      0.6226047886100569
      0.6173573845874377
       0.612149449795538
      0.6069815151538605
      0.6018541053843646
        0.59676773898511
       0.591722928204781
      0.5867201790167497
      0.5817599910938246
      0.5768428577830641
      0.5719692660809808
      0.5671396966088619
      0.5623546235887158
      0.5576145148186904
        0.55291983164964
      0.5482710289613889
      0.5436685551394601
      0.5391128520521008
      0.5346043550274943
      0.5301434928313886
      0.5257306876448439
      0.5213663550424315
      0.5170509039708662
      0.5127847367274848
      0.5085682489397825
      0.5044018295444886
      0.5002858607674282
      0.4962207181038657
      0.4922067702988829
      0.4882443793282972
      0.4843339003798569
      0.4804756818351048
      0.4766700652511573
      0.4729173853435007
        0.46921796996862
       0.465572140107542
       0.461980209849389
      0.4584424863758149
      0.4549592699456264
      0.4515308538799466
      0.4481575245477815
      0.4448395613524417
      0.4415772367178932
      0.4383708160760058
      0.4352205578544404
      0.4321267134647257
      0.4290895272911432
      0.4261092366797815
      0.4231860719288563
      0.4203202562790023
      0.4175120059044145
      0.4147615299043724
      0.4120690302959245
      0.4094347020061832
      0.4068587328663767
      0.4043413036057545
      0.4018825878464723
      0.3994827520989575
      0.3971419557581112
      0.3948603510999834
      0.3926380832792858
      0.3904752903274823
      0.3883721031515466
      0.3863286455334826
      0.3843450341304798
      0.3824213784757939
      0.3805577809804607
      0.3787543369353853
      0.3770111345145378
       0.375328254778525
      0.3737057716792042
      0.3721437520648502
      0.3706422556858601
      0.3692013352016695
      0.3678210361878677
      0.3665013971445583
       0.365242449505022
      0.3640442176453262
      0.3629067188946714
      0.3618299635463214
       0.360813954869634
      0.3598586891222261
      0.3589641555635578
      0.3581303364686947
      0.3573572071429832
        0.35664473593769
      0.3559928842660149
      0.3554016066198495
      0.3548708505876496
      0.3544005568725146
      0.3539906593111952
      0.3536410848939767
      0.3533517537848683
      0.3531225793429122
      0.3529534681438104
      0.3528443200023607
      0.3527950279958131
      0.3528054784874782
      0.3528755511511626
      0.3530051189965246
       0.353194048394524
      0.3534421991040811
      0.3537494242988599
      0.3541155705950383
      0.3545404780796138
      0.3550239803390987
      0.3555659044891276
       0.356166071204328
      0.3568242947489066
      0.3575403830080536
      0.3583141375193795
      0.3591453535053181
       0.360033819905933
      0.3609793194121063
      0.3619816284994125
      0.3630405174625819
      0.3641557504501529
      0.3653270854998933
      0.3665542745744294
      0.3678370635976427
      0.3691751924912671
       0.370568395211996
      0.3720163997889903
      0.3735189283619272
      0.3750756972193501
      0.3766864168373532
      0.3783507919188497
      0.3800685214329916
      0.3818392986550573
       0.383662811206815
       0.385538741096927
      0.3874667647619886
      0.3894465531077849
      0.3914777715507498
      0.3935600800599461
      0.3956931331991017
       0.397876580169163
      0.4001100648510729
      0.4023932258485498
      0.4047256965315064
      0.4071071050795813
      0.4095370745259109
      0.4120152228008987
      0.4145411627768377
      0.4171145023119642
      0.4197348442954476
      0.4224017866921365
      0.4251149225876274
      0.4278738402337073
       0.430678123093643
      0.4335273498881804
      0.4364210946410816
      0.4393589267254269
      0.4423404109097834
      0.4453651074047846
      0.4484325719094627
      0.4515423556583432
      0.4546940054681631
      0.4578870637851035
      0.4611210687322694
      0.4643955541568323
      0.4677100496779704
       0.471064080734564
      0.4744571686332302
      0.4778888305965988
       0.481358579811588
      0.4848659254779555
      0.4884103728570288
       0.491991423320662
      0.4956085744005637
      0.4992613198371813
      0.5029491496296543
      0.5066715500853024
      0.5104280038697309
       0.514217990056878
      0.5180409841797047
      0.5218964582805803
      0.5257838809622327
      0.5297027174388813
      0.5336524295879476
      0.5376324760014942
      0.5416423120381876
      0.5456813898755795
      0.5497491585628698
      0.5538450640737231
      0.5579685493592158
      0.5621190544016492
      0.5662960162684788
      0.5704988691665259
      0.5747270444964888
      0.5789799709080584
      0.5832570743552455
      0.5875577781523962
      0.5918815030301771
      0.5962276671925072
      0.6005956863735369
      0.6049849738950511
      0.6093949407249211
      0.6138249955354428
      0.6182745447623386
      0.6227429926642958
      0.6272297413831592
      0.6317341910044841
      0.6362557396186846
      0.6407937833827418
       0.645347716582737
      0.6499169316963416
      0.6545008194565363
      0.6590987689155323
      0.6637101675099822
      0.6683344011255125
       0.672970854163378
      0.6776189096068547
      0.6822779490884536
      0.6869473529578078
      0.6916265003505709
      0.6963147692573654
      0.7010115365940703
      0.7057161782724174
      0.7104280692712038
      0.7151465837085408
      0.7198710949145757
      0.7246009755048298
      0.7293355974545848
      0.7340743321737244
      0.7388165505821749
      0.7435616231863881
      0.7483089201563662
      0.7530578114031573
       0.757807666657546
      0.7625578555490592
      0.7673077476855497
      0.7720567127339613
      0.7768041205012053
      0.7815493410162593
      0.7862917446125759
      0.7910307020109089
      0.7957655844032578
      0.8004957635372669
      0.8052206118011483
      0.8099395023091442
       0.814651808987534
      0.8193569066616729
      0.8240541711429283
      0.8287429793163649
      0.8334227092289356
      0.8380927401782988
      0.8427524528019896
      0.8474012291667824
      0.8520384528589389
      0.8566635090741499
      0.8612757847087236
      0.8658746684503554
      0.8704595508693973
      0.8750298245107585
      0.8795848839854057
      0.8841241260627613
      0.8886469497628098
      0.8931527564485603
      0.8976409499184367
      0.9021109364992188
      0.9065621251386454
      0.9109939274979644
      0.9154057580448696
      0.9197970341460612
      0.9241671761599831
      0.9285156075293655
      0.9328417548738355
      0.9371450480816681
      0.9414249204024232
       0.945680808538229
      0.9499121527360488
      0.9541183968782778
       0.958298988574384
      0.9624533792510578
      0.9665810242425427
      0.9706813828806872
      0.9747539185843337
      0.9787980989480579
      0.9828133958308629
      0.9867992854439582
      0.9907552484377948
      0.9946807699896575
      0.9985753398889394
       1.002438452623515
       1.006269607464085
       1.010068308548322
       1.013834064964789
       1.017566390835692
       1.021264805398703
       1.024928833088043
       1.028558003615736
       1.032151852050277
       1.035709918896571
        1.03923175017305
       1.042716897489353
       1.046164918122797
        1.04957537509326
       1.052947837238229
        1.05628187928605
       1.059577081928771
       1.062833031893795
       1.066049322014866
       1.069225551301747
       1.072361325008887
       1.075456254703969
       1.078509958334057
       1.081522060291658
       1.084492191479931
       1.087419989376158
       1.090305098095124
       1.093147168449856
       1.095945858013841
       1.098700831179361
       1.101411759217007
       1.104078320332621
       1.106700199724576
       1.109277089638378
       1.111808689421525
       1.114294705576648
       1.116734851813125
       1.119128849098763
       1.121476425709169
       1.123777317276289
       1.126031266836224
       1.128238024875854
       1.130397349377156
       1.132509005861745
       1.134572767433593
       1.136588414820261
       1.138555736413342
       1.140474528307341
       1.142344594337569
         1.1441657461166
       1.145937803068704
       1.147660592464185
       1.149333949451756
       1.150957717089035
       1.152531746372882
        1.15405589626623
       1.155530033726406
       1.156954033728832
       1.158327779291198
       1.159651161495858
       1.160924079510105
       1.162146440604671
       1.163318160171552
       1.164439161739489
       1.165509376987755
       1.166528745758562
       1.167497216066968
        1.16841474411014
       1.169281294274217
       1.170096839138448
       1.170861359479135
        1.17157484427051
       1.172237290684004
       1.172848704085748
       1.173409098031248
       1.173918494258945
       1.174376922681718
         1.1747844213754
       1.175141036566141
       1.175446822614695
       1.175701841999595
       1.175906165297039
       1.176059871159634
       1.176163046292321
       1.176215785425228
         1.1762181912864
       1.176170374570268
       1.176072453904188
       1.175924555813475
       1.175726814683522
       1.175479372719649
        1.17518237990421
       1.174835993952372
       1.174440380264666
        1.17399571187769
       1.173502169411653
       1.172959941016813
       1.172369222316769
       1.171730216349504
       1.171043133506384
       1.170308191468682
       1.169525615142012
       1.168695636588552
       1.167818494956282
       1.166894436407261
       1.165923714042896
       1.164906587827847
       1.163843324510706
       1.162734197543834
       1.161579487000284
       1.160379479489214
       1.159134468069744
       1.157844752162356
       1.156510637458482
        1.15513243582847
       1.153710465228784
       1.152245049605789
       1.150736518799049
       1.149185208444054
       1.147591459871197
       1.145955620005076
        1.14427804126229
       1.142559081447646
       1.140799103649346
       1.138998476133374
       1.137157572236287
       1.135276770257438
       1.133356453350586
       1.131397009414698
       1.129398830983604
       1.127362315115425
       1.125287863281416
       1.123175881254139
       1.121026778996484
       1.118840970548258
       1.116618873914534
       1.114360910952972
       1.112067507261556
       1.109739092065966
       1.107376098106759
       1.104978961528309
       1.102548121766553
       1.100084021437435
       1.097587106226283
       1.095057824777173
       1.092496628583202
       1.089903971877848
       1.087280311526031
       1.084626106916749
       1.081941819856766
       1.079227914464765
       1.076484857066643
       1.073713116092005
       1.070913161971949
       1.068085467037984
       1.065230505421486
       1.062348752955361
       1.059440687077098
       1.056506786732492
        1.05354753228142
       1.050563405404207
       1.047554889011252
       1.044522467152119
        1.04146662492826
       1.038387848405143
       1.035286624527814
       1.032163441037578
       1.029018786390159
       1.025853149675539
       1.022667020539704
       1.019460889108432
        1.01623524591187
       1.012990581811656
       1.009727387929553
       1.006446155578045
       1.003147376191883
      0.9998315412620657
      0.9964991422715883
      0.9931506706322837
      0.9897866176240362
      0.9864074743347968
      0.9830137316033052
      0.9796058799620071
      0.9761844095836534
      0.9727498102270979
       0.969302571186077
      0.9658431812393342
      0.9623721286016846
      0.9588899008773286
      0.9553969850133013
      0.9518938672554815
      0.9483810331055189
      0.9448589672783234
      0.9413281536621503
      0.9377890752785281
      0.9342422142438067
      0.9306880517322695
      0.9271270679388866
      0.9235597420445506
      0.9199865521815992
      0.9164079753995779
      0.9128244876329069
      0.9092365636686212
      0.9056446771148711
      0.9020493003698339
      0.8984509045920452
      0.8948499596703787
      0.8912469341950126
      0.8876422954280893
      0.8840365092761265
      0.8804300402615436
      0.8768233514944463
      0.8732169046455091
      0.8696111599183036
      0.8660065760223307
      0.8624036101450185
      0.8588027179252818
      0.8552043534253356
      0.8516089691038665
      0.8480170157889012
      0.8444289426488188
      0.8408451971662979
       0.837266225108684
      0.8336924705002312
      0.8301243755938444
       0.826562380841051
      0.8230069248634598
      0.8194584444226577
      0.8159173743902841
      0.8123841477166365
        0.80885919540045
      0.8053429464569135
      0.8018358278853633
      0.7983382646369858
      0.7948506795811934
      0.7913734934725273
      0.7879071249156131
      0.7844519903309601
      0.7810085039191808
      0.7775770776248165
      0.7741581211000043
       0.770752041667031
      0.7673592442809121
      0.7639801314907045
      0.7606151034009433
      0.7572645576318708
      0.7539288892797197
      0.7506084908762468
      0.7473037523477699
      0.7440150609735031
      0.7407428013441015
      0.7374873553190451
      0.7342491019842353
      0.7310284176086043
      0.7278256756007164
      0.7246412464649929
      0.7214754977580228
       0.718328794043496
      0.7152014968480267
      0.7120939646163573
      0.7090065526662792
      0.7059396131433907
      0.7028934949760134
