                       0
   4.996626666678976e-05
   0.0001997269431949504
   0.0004490676792443915
   0.0007977646047705417
    0.001245584371411569
    0.001792284194718024
    0.002437611897233079
     0.00318130595239956
    0.004023095529290163
      0.0049627005381459
    0.005999831676637998
     0.00713419047697942
    0.008365469353685012
    0.009693351652098227
      0.0111175116976587
     0.01263761484570924
      0.0142533175320129
     0.01596426732395482
     0.01777010297216876
     0.01967045446299371
     0.02166494307093959
     0.02375318141240666
     0.02593477349913208
     0.02820931479248455
     0.03057639225811595
     0.03303558442094974
     0.03558646142029366
     0.03822858506552455
     0.04096150889215944
     0.04378477821758123
      0.0466979301976958
     0.04970049388283766
     0.05279199027486486
     0.05597193238352792
     0.05923982528318825
     0.06259516616953384
     0.06603744441638663
     0.06956614163195377
     0.07318073171619731
     0.07688068091623854
     0.08066544788330597
     0.08453448372838805
     0.08848723207853736
     0.09252312913244544
     0.09664160371490575
      0.1008420773331423
      0.1051239642305684
      0.1094866714412635
      0.1139295988438098
      0.1184521392152451
      0.1230536782832234
      0.1277335947789818
      0.1324912604895103
      0.1373260403093009
      0.1422372922903004
      0.1472243676929765
      0.1522866110356718
       0.157423360145209
      0.1626339462037672
      0.1679176937974522
      0.1732739209636793
      0.1787019392382454
      0.1842010537002014
       0.189770563018887
      0.1954097594961764
      0.2011179291131936
       0.206894351571762
      0.2127383003366729
      0.2186490426797704
      0.2246258397190444
      0.2306679464590781
      0.2367746118335112
      0.2429450787403983
      0.2491785840843559
      0.2554743588122245
      0.2618316279495033
      0.2682496106414871
       0.274727520182559
      0.2812645640572274
       0.287859943971646
      0.2945128558913435
      0.3012224900699879
      0.3079880310876134
      0.3148086578799124
      0.3216835437720812
      0.3286118565119976
      0.3355927582995683
      0.3426254058197464
      0.3497089502721579
      0.3568425374027723
      0.3640253075342071
      0.3712563955961777
      0.3785349311545722
      0.3858600384434246
       0.393230836393562
      0.4006464386645072
      0.4081059536714085
      0.4156084846196869
      0.4231531295320898
      0.4307389812808535
      0.4383651276182257
      0.4460306512080257
      0.4537346296586161
      0.4614761355519463
       0.469254236481021
      0.4770679950803028
      0.4849164690582862
      0.4927987112377811
      0.5007137695843434
      0.5086606872501027
      0.5166385026064643
      0.5246462492838381
       0.532682956211651
      0.5407476476568284
      0.5488393432708093
      0.5569570581278583
      0.5650998027721623
      0.5732665832633658
      0.5814564012240665
      0.5896682538907114
      0.5979011341627471
      0.6061540306548662
      0.6144259277554401
      0.6227158056771538
      0.6310226405227782
       0.639345404339614
      0.6476830651860513
       0.656034587196058
      0.6643989306429935
      0.6727750520133615
      0.6811619040796992
       0.689558435972344
      0.6979635932588711
      0.7063763180208847
      0.7147955489438159
      0.7232202213931308
      0.7316492675087082
      0.7400816162974316
      0.7485161937241855
      0.7569519228098015
       0.765387723731569
      0.7738225139324734
      0.7822552082178084
      0.7906847188759728
      0.7991099557863374
      0.8075298265349854
      0.8159432365416491
      0.8243490891793863
      0.8327462859032336
      0.8411337263790569
      0.8495103086202332
      0.8578749291267511
      0.8662264830270667
      0.8745638642207999
      0.8828859655313023
      0.8911916788597849
      0.8994798953348379
      0.9077495054807952
      0.9159993993798337
      0.9242284668387934
      0.9324355975598635
      0.9406196813159255
      0.9487796081314387
       0.956914268468438
      0.9650225534023416
      0.9731033548244769
      0.9811555656264567
      0.9891780799002842
       0.997169793137765
       1.005129602446265
       1.013056406731524
       1.020949106936052
         1.0288066062329
       1.036627810249522
       1.044411627295884
       1.052156968580625
       1.059862748437724
       1.067527884553582
       1.075151298208692
       1.082731914505971
       1.090268662605681
       1.097760475978028
       1.105206292634441
       1.112605055373913
       1.119955712029943
       1.127257215729012
       1.134508525131771
       1.141708604686757
       1.148856424889338
       1.155950962533966
       1.162991200973135
       1.169976130376075
       1.176904747986909
       1.183776058390974
       1.190589073764002
       1.197342814146458
       1.204036307695083
       1.210668590955156
       1.217238709116294
       1.223745716276015
       1.230188675703537
       1.236566660100919
       1.242878751855534
       1.249124043318351
       1.255301637038968
       1.261410646045897
       1.267450194084833
        1.27341941588415
       1.279317457401434
       1.285143476082904
       1.290896641099417
       1.296576133599572
       1.302181146957311
       1.307710887004343
       1.313164572270057
       1.318541434219652
       1.323840717484373
       1.329061680084765
       1.334203593661914
       1.339265743689612
       1.344247429700626
        1.34914796549236
       1.353966679330584
       1.358702914161301
       1.363356027801621
       1.367925393136035
       1.372410398309275
       1.376810446901898
       1.381124958111618
        1.38535336692923
       1.389495124298171
       1.393549697274334
       1.397516569196682
       1.401395239815253
       1.405185225449007
        1.40888605911842
       1.412497290671277
        1.41601848691046
       1.419449231717085
       1.422789126146964
       1.426037788549551
        1.42919485465414
       1.432259977665777
       1.435232828350712
       1.438113095107783
       1.440900484040129
       1.443594719017165
       1.446195541731789
       1.448702711749082
       1.451116006540222
       1.453435221527591
       1.455660170105439
       1.457790683661927
       1.459826611584801
       1.461767821273621
       1.463614198142478
       1.465365645597854
       1.467022085036143
       1.468583455814505
       1.470049715218807
       1.471420838434144
       1.472696818489168
        1.47387766622344
       1.474963410217255
       1.475954096726992
       1.476849789623214
       1.477650570308329
       1.478356537640235
       1.478967807828098
       1.479484514354538
        1.47990680786298
       1.480234856049467
       1.480468843561307
       1.480608971858606
       1.480655459105929
       1.480608540035615
        1.48046846580498
        1.48023550387129
       1.479909937833661
       1.479492067283706
       1.478982207652335
       1.478380690049396
       1.477687861091776
       1.476904082748684
       1.476029732150042
       1.475065201424082
       1.474010897505657
       1.472867241955608
       1.471634670771414
       1.470313634193456
       1.468904596510484
       1.467408035858483
       1.465824444019341
       1.464154326221317
       1.462398200922631
       1.460556599608505
       1.458630066579067
       1.456619158731099
       1.454524445340316
       1.452346507852587
       1.450085939648135
       1.447743345838012
       1.445319343023567
       1.442814559081991
       1.440229632943239
       1.437565214356158
       1.434821963662207
       1.432000551569584
       1.429101658927096
       1.426125976486777
       1.423074204685602
       1.419947053401845
       1.416745241737383
       1.413469497784317
       1.410120558397047
       1.406699168953737
       1.403206083140669
       1.399642062712924
       1.396007877277835
        1.39230430406332
       1.388532127681649
       1.384692139925761
       1.380785139529978
       1.376811931948612
       1.372773329139276
       1.368670149342926
       1.364503216859442
       1.360273361836851
       1.355981420052671
       1.351628232699885
       1.347214646180269
       1.342741511884587
       1.338209685988953
       1.333620029252018
       1.328973406808836
       1.324270687963924
        1.31951274599359
       1.314700457948777
       1.309834704460727
       1.304916369543268
       1.299946340406732
       1.294925507263498
       1.289854763140132
       1.284735003705556
       1.279567127071046
       1.274352033629018
       1.269090625861981
       1.263783808171931
       1.258432486717922
       1.253037569230566
       1.247599964855709
       1.242120583988822
       1.236600338115388
       1.231040139648362
       1.225440901768349
       1.219803538279369
       1.214128963449051
       1.208418091858308
       1.202671838264073
       1.196891117450256
       1.191076844086454
       1.185229932591086
        1.17935129699097
       1.173441850795619
       1.167502506856785
       1.161534177251429
       1.155537773139583
       1.149514204658847
       1.143464380786577
        1.13738920923329
       1.131289596321708
       1.125166446870458
       1.119020664083956
       1.112853149439517
        1.10666480258647
       1.100456521237189
       1.094229201068783
       1.087983735613519
       1.081721016167256
       1.075441931686563
       1.069147368702216
       1.062838211221189
       1.056515340634865
        1.05017963564265
       1.043831972147015
       1.037473223181452
       1.031104258826133
       1.024725946124209
       1.018339149001833
        1.01194472819117
       1.005543541154402
      0.9991364420198283
      0.9927242814889741
      0.9863079067853884
      0.9798881615757375
      0.9734658859010891
       0.967041916110702
      0.9606170848031075
      0.9541922207571247
      0.9477681488707789
      0.9413456901028964
      0.9349256614057171
      0.9285088756803312
      0.9220961417052242
      0.9156882640922849
      0.9092860432199292
      0.9028902751901228
      0.8965017517750891
      0.8901212603545117
      0.8837495838806448
      0.8773875008136531
      0.8710357850883302
      0.8646952060548881
      0.8583665284357874
       0.852050512282013
      0.8457479129248053
      0.8394594809313011
      0.8331859620668824
      0.8269280972406855
      0.8206866224782764
      0.8144622688657364
      0.8082557625199166
      0.8020678245436805
      0.7958991709857657
       0.789750512803244
      0.7836225558238717
      0.7775160007057078
      0.7714315429038322
      0.7653698726292881
      0.7593316748133507
      0.7533176290758959
      0.7473284096842429
      0.7413646855224664
      0.7354271200582124
      0.7295163712982592
      0.7236330917671464
       0.717777928467571
      0.7119515228476573
      0.7061545107697235
      0.7003875224769356
      0.6946511825597325
      0.6889461099256075
      0.6832729177674806
      0.6776322135324487
      0.6720245988905351
      0.6664506697043603
      0.6609110159973413
      0.6554062219267712
      0.6499368657489397
      0.6445035197948924
      0.6391067504363621
       0.633747118059873
      0.6284251770333259
       0.623141475685135
      0.6178965562681987
      0.6126909549324873
      0.6075252017028023
      0.6023998204455541
      0.5973153288449127
      0.5922722383698605
       0.587271054251935
      0.5823122754576985
      0.5773963946623848
      0.5725238982230881
      0.5676952661539271
      0.5629109720954228
      0.5581714832968451
       0.553477260584868
      0.5488287583412038
      0.5442264244779454
      0.5396707004125494
      0.5351620210443336
      0.5307008147308147
      0.5262875032650205
      0.5219225018526039
      0.5176062190862742
       0.513339056928679
      0.5091214106837361
      0.5049536689814359
       0.500836213755106
      0.4967694202181535
      0.4927536568459091
      0.4887892853552863
      0.4848766606858702
       0.481016130978515
      0.4772080375612126
      0.4734527149255666
      0.4697504907137151
      0.4661016856975102
      0.4625066137662687
      0.4589655819061247
      0.4554788901868475
      0.4520468317457066
      0.4486696927751737
      0.4453477525038258
      0.4420812831885777
      0.4388705500999739
      0.4357158115073321
      0.4326173186692091
      0.4295753158211529
      0.4265900401697983
      0.4236617218761782
      0.4207905840507924
      0.4179768427424149
      0.4152207069337514
      0.4125223785270471
      0.4098820523479996
      0.4072999161303632
      0.4047761505153709
      0.4023109290451994
      0.3999044181607036
      0.3975567771963197
      0.3952681583788311
      0.3930387068246447
      0.3908685605388509
      0.3887578504152024
      0.3867067002362841
      0.3847152266744396
      0.3827835392939478
      0.3809117405513571
      0.3790999258019441
      0.3773481833009546
      0.3756565942106226
      0.3740252326031072
      0.3724541654669644
      0.3709434527168967
      0.3694931471975095
      0.3681032946952568
      0.3667739339436966
      0.3655050966359886
      0.3642968074345401
      0.3631490839823843
      0.3620619369163106
      0.3610353698759735
      0.3600693795222811
      0.3591639555470131
      0.3583190806901173
       0.357534730756392
      0.3568108746278438
      0.3561474742831738
      0.3555444848171767
      0.3550018544543295
      0.3545195245715082
      0.3540974297174543
      0.3537354976302594
      0.3534336492618586
      0.3531917987964698
      0.3530098536751729
      0.3528877146191516
      0.3528252756498913
        0.35282242411632
      0.3528790407196765
      0.3529949995353886
       0.353170168043183
      0.3534044071501919
      0.3536975712210064
      0.3540495081033486
      0.3544600591552325
      0.3549290592764576
      0.3554563369343992
      0.3560417141968259
      0.3566850067620769
      0.3573860239856684
      0.3581445689161572
      0.3589604383242239
      0.3598334227346944
      0.3607633064613733
      0.3617498676388651
      0.3627928782539747
      0.3638921041823742
      0.3650473052208031
      0.3662582351243069
      0.3675246416381576
      0.3688462665349121
      0.3702228456502832
       0.371654108920104
      0.3731397804150681
      0.3746795783781293
      0.3762732152626558
      0.3779203977683387
      0.3796208268805243
      0.3813741979082546
      0.3831802005209208
      0.3850385187898295
      0.3869488312251723
      0.3889108108154145
      0.3909241250681747
      0.3929884360485484
      0.3951034004210685
      0.3972686694883384
      0.3994838892308701
      0.4017487003515447
      0.4040627383140538
      0.4064256333841216
      0.4088370106705178
      0.4112964901710725
      0.4138036868079115
      0.4163582104766833
      0.4189596660835785
      0.4216076535905613
      0.4243017680586558
      0.4270415996891039
      0.4298267338696651
      0.4326567512133998
      0.4355312276084233
      0.4384497342576262
      0.4414118377244924
       0.444417099975377
      0.4474650784284217
      0.4505553259935435
      0.4536873911213827
       0.456860817847603
      0.4600751458351229
      0.4633299104257363
      0.4666246426816784
      0.4699588694339554
      0.4733321133283384
      0.4767438928713419
      0.4801937224781229
      0.4836811125200917
      0.4872055693728148
      0.4907665954635232
      0.4943636893156651
       0.497996345604811
       0.501664055200752
      0.5053663052208398
      0.5091025790766356
      0.5128723565265834
      0.5166751137212966
      0.5205103232585498
      0.5243774542340812
      0.5282759722916399
      0.5322053396712574
       0.536165015264731
      0.5401544546689366
      0.5441731102378479
       0.548220431132909
      0.5522958633774853
      0.5563988499158058
      0.5605288306626093
      0.5646852425585537
       0.568867519625312
      0.5730750930239585
      0.5773073911096828
      0.5815638394899992
      0.5858438610788989
      0.5901468761590194
      0.5944723024361573
      0.5988195551005134
      0.6031880468888408
      0.6075771881385935
      0.6119863868514579
      0.6164150487557594
      0.6208625773681945
      0.6253283740549632
      0.6298118380944792
      0.6343123667425289
       0.638829355295969
       0.643362197154782
      0.6479102838926488
      0.6524730053200927
      0.6570497495536965
      0.6616399030752138
      0.6662428508128546
      0.6708579761988462
      0.6754846612424575
      0.6801222866013954
      0.6847702316528117
      0.6894278745607434
      0.6940945923532946
      0.6987697609903781
      0.7034527554383488
      0.7081429497458701
      0.7128397171166473
      0.7175424299844048
      0.7222504600914812
      0.7269631785623336
      0.7316799559808085
      0.7364001624710528
      0.7411231677723402
      0.7458483413187242
      0.7505750523217517
      0.7553026698462111
      0.7600305628928686
      0.7647581004829886
      0.7694846517360291
      0.7742095859564682
      0.7789322727122979
      0.7836520819197282
      0.7883683839322887
      0.7930805496217148
      0.7977879504633905
      0.8024899586219651
      0.8071859470395817
      0.8118752895240438
       0.816557360830337
      0.8212315367527004
      0.8258971942135265
      0.8305537113515937
      0.8352004676101027
       0.839836843824457
      0.8444622223162096
      0.8490759869788805
      0.8536775233743026
      0.8582662188164638
      0.8628414624669315
      0.8674026454273478
      0.8719491608263625
      0.8764804039178266
      0.8809957721673349
      0.8854946653474632
      0.8899764856295399
      0.8944406376787311
      0.8988865287425284
      0.9033135687449159
      0.9077211703827837
      0.9121087492155976
      0.9164757237609596
      0.9208215155865356
      0.9251455494031826
      0.9294472531548761
      0.9337260581204281
      0.9379813989971524
      0.9422127140032392
      0.9464194449596057
      0.9506010373939211
      0.9547569406226574
       0.958886607851172
       0.962989496265892
      0.9670650671214124
      0.9711127858335388
      0.9751321220739591
      0.9791225498561081
      0.9830835476297074
      0.9870145983751821
      0.9909151896820518
      0.9947848138520556
      0.9986229679747635
       1.002429154024806
        1.00620287895287
       1.009943654765895
       1.013650998613661
       1.017324432880711
       1.020963485274225
       1.024567688897362
       1.028136582350907
       1.031669709799218
       1.035166621068973
       1.038626871723287
       1.042050023140519
       1.045435642604202
       1.048783303375186
        1.05209258477459
       1.055363072262079
       1.058594357512802
       1.061786038490498
       1.064937719526583
       1.068049011395769
       1.071119531380457
        1.07414890335307
       1.077136757844861
        1.08008273210981
       1.082986470200179
       1.085847623024775
       1.088665848431571
       1.091440811249055
       1.094172183372367
       1.096859643810468
       1.099502878758029
       1.102101581641436
       1.104655453189208
       1.107164201480472
       1.109627542000247
       1.112045197699939
       1.114416899038008
        1.11674238403708
       1.119021398335178
       1.121253695225426
        1.12343903569771
       1.125577188495543
       1.127667930147651
       1.129711045007219
       1.131706325294313
       1.133653571128514
       1.135552590565192
       1.137403199622636
       1.139205222313322
       1.140958490680824
       1.142662844816834
       1.144318132884283
         1.1459242111479
       1.147480943980451
       1.148988203901989
       1.150445871567792
       1.151853835806238
        1.15321199362087
       1.154520250195186
       1.155778518903223
         1.1569867213204
        1.15814478721804
       1.159252654565881
       1.160310269532277
       1.161317586476504
       1.162274567951084
       1.163181184682783
       1.164037415562412
       1.164843247644874
         1.1655986761199
        1.16630370430122
       1.166958343603725
       1.167562613520194
       1.168116541604909
       1.168620163443239
       1.169073522615688
       1.169476670678132
       1.169829667120879
       1.170132579340574
       1.170385482595601
       1.170588459975922
       1.170741602351026
       1.170845008328234
       1.170898784221303
       1.170903043980087
       1.170857909153676
       1.170763508843273
       1.170619979639256
       1.170427465568463
       1.170186118036096
       1.169896095773748
        1.16955756476818
       1.169170698203383
       1.168735676392548
       1.168252686722408
       1.167721923573685
       1.167143588256248
       1.166517888940296
       1.165845040580828
       1.165125264845291
       1.164358790037288
       1.163545851016588
        1.16268668913279
       1.161781552135574
       1.160830694099776
       1.159834375336022
       1.158792862318103
       1.157706427593229
       1.156575349700173
       1.155399913085985
       1.154180408012451
       1.152917130471281
       1.151610382100013
       1.150260470096342
        1.14886770711391
       1.147432411187893
       1.145954905643866
       1.144435518989212
       1.142874584841038
       1.141272441828961
        1.13962943349983
       1.137945908227077
       1.136222219118883
       1.134458723920169
       1.132655784927974
       1.130813768896224
       1.128933046940496
       1.127013994441914
       1.125056990959525
       1.123062420136174
       1.121030669606986
       1.118962130908968
       1.116857199376341
       1.114716274066134
       1.112539757656291
       1.110328056357511
       1.108081579817741
       1.105800741037025
        1.10348595628482
       1.101137644994036
        1.09875622968125
       1.096342135861832
       1.093895791955817
       1.091417629206437
        1.08890808159346
       1.086367585739104
       1.083796580833994
       1.081195508551114
       1.078564812956398
        1.07590494043132
       1.073216339590993
       1.070499461203139
       1.067754758105222
       1.064982685123188
       1.062183699002579
       1.059358258325408
       1.056506823429348
        1.05362985633574
       1.050727820673112
       1.047801181612259
        1.04485040577504
       1.041875961180112
       1.038878317151585
       1.035857944269024
       1.032815314287868
       1.029750900067012
       1.026665175504405
       1.023558615470863
       1.020431695743754
         1.0172848929339
       1.014118684431037
       1.010933548334983
       1.007729963391931
        1.00450840892873
       1.001269364798347
       0.998013311316589
      0.9947407291954777
      0.9914520994926279
      0.9881479035438152
      0.9848286229122536
      0.9814947393243745
      0.9781467346238304
      0.9747850906959643
      0.9714102894303822
      0.9680228126584751
      0.9646231420966584
      0.9612117592980038
      0.9577891455889824
      0.9543557820298402
      0.9509121493531578
      0.9474587279109535
      0.9439959976327071
      0.9405244379601456
      0.9370445278064428
       0.933556745504467
      0.9300615687507019
      0.9265594745681387
      0.9230509392464762
      0.9195364382940684
      0.9160164463966335
       0.912491437361083
      0.9089618840707515
      0.9054282584368841
      0.9018910313569913
      0.8983506726584601
       0.894807651057728
      0.8912624341104433
      0.8877154881736823
      0.8841672783473196
      0.8806182684334276
      0.8770689208977752
      0.8735196968150274
      0.8699710558281637
      0.8664234560970395
      0.8628773542648566
      0.8593332054006265
      0.8557914629679716
      0.8522525787737322
      0.8487170029170904
      0.8451851837673447
      0.8416575678907213
      0.8381346000309328
       0.834616723058045
       0.831104377916977
      0.8275980036012587
      0.8240980370963072
      0.8206049133423481
      0.8171190651879835
      0.8136409233598482
      0.8101709164059249
      0.8067094706597392
       0.803257010203013
      0.7998139568174137
      0.7963807299520065
      0.7929577466710988
      0.7895454216264135
      0.7861441670054502
      0.7827543924970309
       0.779376505253133
      0.7760109098456607
      0.7726580082311942
       0.769318199705586
      0.7659918808722236
      0.7626794455974422
      0.7593812849788298
      0.7560977873038758
      0.7528293380122306
      0.7495763196588319
      0.7463391118817811
      0.7431180913587289
      0.7399136317764711
      0.7367261037900852
      0.7335558749935055
      0.7304033098823528
      0.7272687698208469
      0.7241526130000314
      0.7210551944166277
      0.7179768658318362
      0.7149179757385276
      0.7118788693302091
      0.7088598884700457
      0.7058613716584557
