                       0
   1.399930278506117e-05
   5.608000170878447e-05
    0.000126387877218785
   0.0002249935112079742
   0.0003518965921884917
   0.0005070324150871201
   0.0006902801385595819
   0.0009014722607365282
    0.001140404717650418
    0.001406846999181626
    0.001700551714935256
     0.00202126312253532
    0.002368724245047248
    0.002742682341154113
    0.003142892637895585
    0.003569120377263732
      0.0040211413517471
      0.0044987411994442
    0.005001713789600445
    0.005529859051562755
    0.006082980585750625
     0.00666088334978895
    0.007263371644896834
    0.007890247547178488
    0.008541309846150657
    0.009216353478225494
    0.009915169383441612
     0.01063754467423037
     0.01138326298709607
     0.01215210489054841
     0.01294384824181632
     0.01375826841550773
     0.01459513836341151
      0.0154542285001526
     0.01633530643939328
     0.01723813662618945
     0.01816247992119342
     0.01910809319169471
     0.02007472895462142
     0.02106213510036569
     0.02207005470702723
     0.02309822593581076
     0.02414638198281064
     0.02521425105235199
     0.02630155631342496
     0.02740801580343846
      0.0285333422514384
     0.02967724280429414
     0.03083941865202526
      0.0320195645602993
     0.03321736832742574
     0.03443251018873428
     0.03566466219260793
     0.03691348756991032
     0.03817864011297493
     0.03945976357297232
     0.04075649107677795
     0.04206844455774908
     0.04339523419012185
     0.04473645781465013
     0.04609170034371121
      0.0474605331370298
     0.04884251334368041
     0.05023718321117814
     0.05164406936729875
     0.05306268208393811
     0.05449251453429098
     0.05593304205466981
     0.05738372142055355
     0.05884399014337464
     0.06031326579080303
     0.06179094532955332
     0.06327640448674275
     0.06476899712403408
     0.06626805461851148
     0.06777288524543229
     0.06928277356043887
     0.07079697978203706
     0.07231473917862054
     0.07383526146746718
     0.07535773023551172
     0.07688130239299616
     0.07840510767121625
     0.07992824817464721
     0.08144979799600208
     0.08296880290066318
     0.08448428008485685
     0.08599521801029414
     0.08750057631706822
     0.08899928581650234
     0.09049024856635787
     0.09197233803214219
     0.09344439933994332
     0.09490524962787487
     0.09635367850456422
     0.09778844862386686
     0.09920829638500578
      0.1006119327665997
      0.1019980443016888
      0.1033652941990675
      0.1047123236143112
      0.1060377530720931
      0.1073401840399658
      0.1086182006529053
        0.10987037158761
      0.1110952520857693
      0.1122913861260925
      0.1134573087456071
      0.1145915485113414
      0.1156926301437756
      0.1167590772932301
      0.1177894154695409
      0.1187821751240193
      0.1197358948808794
      0.1206491249132234
      0.1215204304565403
       0.122348395450672
      0.1231316262995467
      0.1238687557367469
      0.1245584467842194
      0.1251993967910926
       0.125790341539519
      0.1263300594045551
      0.1268173755551625
      0.1272511661833233
      0.1276303627479037
      0.1279539562192704
       0.128221001309807
      0.1284306206745021
      0.1285820090648721
        0.12867443741878
      0.1287072568684522
      0.1286799026492177
      0.1285918978923544
      0.1284428572868624
      0.1282324905969387
      0.1279606060242891
       0.127627113407014
      0.1272320272494666
      0.1267754695800992
      0.1262576726367662
      0.1256789813812207
      0.1250398558466436
        0.12434087332408
      0.1235827303957217
      0.1227662448252012
      0.1218923573175752
      0.1209621331645047
       0.119976763793313
      0.1189375682420447
       0.117845994586219
      0.1167036213464672
      0.1155121589094601
      0.1142734509971792
      0.1129894762214686
      0.1116623497616802
      0.1102943252029076
      0.1088877965706537
      0.1074453005946105
       0.105969519229381
      0.1044632824532247
      0.1029295713568841
      0.1013715215228529
     0.09979242668038603
     0.09819574260240933
      0.0965850911862812
     0.09496426463001334
     0.09333722957794666
      0.0917081310638397
      0.0900812960238551
     0.08846123608632708
     0.08685264926922022
     0.08526042013044695
       0.083689617822372
     0.08214549140313872
     0.08063346165915802
     0.07915910860298102
      0.0777281537395732
     0.07634643615575461
      0.0750198814994525
     0.07375446299720022
     0.07255615383073311
      0.0714308704757409
      0.0703844070115016
     0.06942236094256353
     0.06855005172038421
     0.06777243388074453
       0.067094007465291
     0.06651872909386504
     0.06604992760372187
     0.06569022847432053
     0.06544149122805593
     0.06530476358707045
      0.0652802553723542
     0.06536733400946657
     0.06556454216531028
     0.06586963663079747
     0.06627964624644092
     0.06679094558790344
     0.06739934039193808
     0.06810016036008025
     0.06888835501991733
     0.06975858869483495
     0.07070533124379866
     0.07172294198143088
      0.0728057449787749
     0.07394809469741294
     0.07514443156831525
     0.07638932766055161
     0.07767752298358778
     0.07900395323610082
     0.08036376997008658
     0.08175235420274639
      0.0831653245026536
     0.08459854052201039
     0.08604810286144893
     0.08751035005222416
      0.0889818533336517
     0.09045940979880561
     0.09194003438372977
     0.09342095108744103
     0.09489958373301213
     0.09637354651409308
       0.097840634515763
     0.09929881435258307
      0.1007462150290156
      0.1021811190967847
      0.1036019541591863
      0.1050072847529021
      0.1063958046226213
      0.1077663293921499
      0.1091177896270329
      0.1104492242775822
      0.1117597744871457
       0.113048677748073
      0.1143152623867459
      0.1155589423589229
      0.1167792123371411
      0.1179756430727836
      0.1191478770163956
      0.1202956241807917
      0.1214186582323146
      0.1225168127962554
      0.1235899779629901
      0.1246380969818173
      0.1256611631299512
      0.1266592167446677
      0.1276323424072746
      0.1285806662684431
      0.1295043535054225
      0.1304036059027695
      0.1312786595493411
      0.1321297826453386
      0.1329572734140906
      0.1337614581139293
      0.1345426891459112
      0.1353013432533184
      0.1360378198088148
      0.1367525391849634
      0.1374459412036056
      0.1381184836594294
      0.1387706409130287
      0.1394029025488954
      0.1400157720941159
      0.1406097657940252
      0.1411854114416732
      0.1417432472585471
      0.1422838208245688
      0.1428076880557757
      0.1433154122283218
      0.1438075630474699
      0.1442847157600525
      0.1447474503086009
      0.1451963505249727
      0.1456320033609539
      0.1460549981530896
      0.1464659259188922
      0.1468653786816774
      0.1472539488215397
      0.1476322284503866
      0.1480008088094077
      0.1483602796878261
      0.1487112288621389
      0.1490542415553084
      0.1493898999154034
      0.1497187825131087
      0.1500414638572443
      0.1503585139271406
      0.1506704977203774
      0.1509779748141513
      0.1512814989384076
      0.1515816175589359
      0.1518788714688487
      0.1521737943872358
      0.1524669125642473
      0.1527587443923501
      0.1530498000239149
      0.1533405809956209
      0.1536315798602765
      0.1539232798266555
      0.1542161544077343
      0.1545106670774372
      0.1548072709356434
      0.1551064083809226
      0.1554085107902383
      0.1557139982048059
      0.1560232790213878
      0.1563367496885495
      0.1566547944077602
      0.1569777848396213
       0.157306079815872
      0.1576400250581181
      0.1579799529043743
      0.1583261820444828
      0.1586790172653187
       0.159038749206389
      0.1594056541260976
      0.1597799936786011
      0.1601620147009114
      0.1605519490097615
      0.1609500132077487
      0.1613564084984433
       0.161771320510386
      0.1621949191302567
      0.1626273583458248
      0.1630687760995339
      0.1635192941537316
      0.1639790179685436
      0.1644480365932105
      0.1649264225714415
       0.165414231860952
      0.1659115037669796
      0.1664182608892378
      0.1669345090815568
      0.1674602374233615
      0.1679954182022255
      0.1685400069069308
      0.1690939422307637
      0.1696571460850833
      0.1702295236235128
      0.1708109632772839
      0.1714013368023641
      0.1720004993389217
      0.1726082894835286
      0.1732245293742122
      0.1738490247881965
      0.1744815652519018
      0.1751219241625794
      0.1757698589209209
      0.1764251110740383
      0.1770874064684262
      0.1777564554128071
      0.1784319528510956
      0.1791135785460528
      0.1798009972744299
      0.1804938590345534
      0.1811917992673099
       0.181894439091366
      0.1826013855532373
      0.1833122318925706
      0.1840265578227076
      0.1847439298264281
      0.1854639014666302
       0.186186013711743
      0.1869097952757902
      0.1876347629732647
      0.1883604220892674
      0.1890862667656547
      0.1898117804041804
      0.1905364360877837
      0.1912596970211934
      0.1919810169919146
      0.1926998408524702
      0.1934156050244837
      0.1941277380248611
       0.194835661014062
      0.1955387883662203
      0.1962365282607236
      0.1969282832948643
       0.197613451117202
      0.1982914250814115
      0.1989615949205008
      0.1996233474413768
      0.2002760672397454
      0.2009191374352154
      0.2015519404262541
      0.2021738586643015
      0.2027842754459119
      0.2033825757213364
       0.203968146917488
      0.2045403797728229
      0.2050986691813552
       0.205642415042814
      0.2061710231158218
      0.2066839058709777
      0.2071804833407254
      0.2076601839629193
      0.2081224454150107
      0.2085667154356559
      0.2089924526304041
      0.2093991272578663
      0.2097862219924151
      0.2101532326591358
      0.2104996689364038
      0.2108250550211812
      0.2111289302519656
      0.2114108496842857
       0.211670384613735
      0.2119071230417827
      0.2121206700799211
      0.2123106482881376
      0.2124766979441229
      0.2126184772400568
      0.2127356624042186
      0.2128279477450203
      0.2128950456154147
      0.2129366862959444
      0.2129526177950955
      0.2129426055660724
      0.2129064321397019
      0.2128438966738891
      0.2127548144209644
      0.2126390161152875
      0.2124963472846336
       0.212326667490142
      0.2121298495008596
      0.2119057784101718
      0.2116543507025754
      0.2113754732803488
      0.2110690624606291
      0.2107350429542925
      0.2103733468388116
      0.2099839125380066
      0.2095666838222901
      0.2091216088437268
      0.2086486392209084
      0.2081477291893422
      0.2076188348337007
      0.2070619134188708
      0.2064769228371767
      0.2058638211894394
      0.2052225665175721
       0.204553116706206
       0.203855429570381
      0.2031294631455743
      0.2023751761953974
      0.2015925289511332
      0.2007814840959729
      0.1999420080054437
      0.1990740722540708
      0.1981776553968247
      0.1972527450324492
      0.1962993401541885
      0.1953174537918975
      0.1943071159478008
      0.1932683768264146
       0.192201310357214
      0.1911060180065629
      0.1899826328732404
       0.188831324059623
      0.1876523013082141
      0.1864458198908849
      0.1852121857358616
      0.1839517607752464
      0.1826649684937039
      0.1813522996568293
      0.1800143181956642
      0.1786516672217145
      0.1772650751446163
      0.1758553618621667
      0.1744234449897207
      0.1729703460928372
      0.1714971968834779
      0.1700052453359615
      0.1684958616742081
      0.1669705441765181
      0.1654309247382576
      0.1638787741262577
      0.1623160068515241
       0.160744685578955
      0.1591670249841338
      0.1575853949579172
      0.1560023230495075
       0.154420496028033
      0.1528427604315553
      0.1512721219611085
      0.1497117435663012
      0.1481649420586986
      0.1466351830804221
      0.1451260742490763
      0.1436413562973408
      0.1421848920276408
       0.140760652910629
       0.139372703172261
      0.1380251812394816
       0.136722278450367
       0.135468214982055
      0.1342672130097204
      0.1331234671823362
      0.1320411125854045
       0.131024190455704
      0.1300766120157588
      0.1292021209023654
      0.1284042547692217
        0.12768630674244
      0.1270512874928448
       0.126501888753387
      0.1260404491470315
      0.1256689231942651
      0.1253888543357612
      0.1252013527328338
      0.1251070784969279
      0.1251062308533709
      0.1251985435705794
      0.1253832867930284
      0.1256592752153696
      0.1260248823376922
      0.1264780603593827
      0.1270163651113108
      0.1276369853009135
      0.1283367752572781
      0.1291122903155004
      0.1299598239706044
      0.1308754459576744
      0.1318550404712396
      0.1328943438166861
       0.133988980882431
      0.1351344999266619
      0.1363264052802541
      0.1375601876725352
      0.1388313519846672
      0.1401354423235416
      0.1414680643853787
      0.1428249051419431
      0.1442017499333685
      0.1455944970907736
      0.1469991702401191
      0.1484119284574815
       0.149829074456491
       0.151247060992514
      0.1526624956666149
      0.1540721443066221
      0.1554729330938364
       0.156861949593043
       0.158236442831262
      0.1595938225578279
      0.1609316578054192
       0.162247674859037
      0.1635397547278989
       0.164805930204083
      0.1660443825815188
      0.1672534380997706
      0.1684315641688381
      0.1695773654239405
      0.1706895796528142
      0.1717670736323468
       0.172808838906305
       0.173813987531361
      0.1747817478145663
      0.1757114600617786
       0.176602572353325
      0.1774546363603231
      0.1782673032126699
      0.1790403194276149
      0.1797735229061897
      0.1804668390033925
      0.1811202766770033
      0.1817339247190915
      0.1823079480736359
      0.1828425842431272
      0.1833381397865214
      0.1837949869103673
      0.1842135601543914
      0.1845943531721901
       0.184937915607058
      0.1852448500623602
      0.1855158091652624
      0.1857514927221749
      0.1859526449638809
      0.1861200518780979
      0.1862545386271411
      0.1863569670483383
      0.1864282332349591
      0.1864692651954842
      0.1864810205891268
      0.1864644845354961
      0.1864206674962055
      0.1863506032260085
      0.1862553467907773
      0.1861359726492838
      0.1859935727954306
      0.1858292549572736
      0.1856441408489792
      0.1854393644717845
       0.185216070460076
      0.1849754124688544
      0.1847185515991261
      0.1844466548580383
      0.1841608936508744
      0.1838624423022624
      0.1835524766041078
      0.1832321723878254
      0.1829027041184204
      0.1825652435078911
      0.1822209581453192
      0.1818710101409842
      0.1815165547818264
      0.1811587391957825
      0.1807987010227726
      0.1804375670905794
      0.1800764520943945
      0.1797164572794099
      0.1793586691264861
      0.1790041580414901
      0.1786539770494142
      0.1783091604947699
      0.1779707227500405
      0.1776396569341312
      0.1773169336428884
      0.1770034996938521
      0.1767002768875339
      0.1764081607877401
      0.1761280195237572
      0.1758606926176259
      0.1756069898402491
      0.1753676901005659
      0.1751435403725522
       0.174935254665234
      0.1747435130411646
      0.1745689606889499
      0.1744122070553248
      0.1742738250420487
      0.1741543502724984
      0.1740542804323788
      0.1739740746884718
      0.1739141531888768
      0.1738748966477953
      0.1738566460175744
      0.1738597022504908
      0.1738843261525354
      0.1739307383312455
       0.173999119239382
      0.1740896093158584
      0.1742023092248355
      0.1743372801932358
      0.1744945444461561
      0.1746740857387757
       0.174875849982456
      0.1750997459618541
      0.1753456461391022
      0.1756133875404747
      0.1759027727205209
      0.1762135707983657
      0.1765455185607573
      0.1768983216264352
      0.1772716556664193
      0.1776651676748593
      0.1780784772850611
      0.1785111781252181
      0.1789628392081832
      0.1794330063494177
      0.1799212036069815
      0.1804269347372521
      0.1809496846599367
      0.1814889209259918
      0.1820440951822372
      0.1826146446268178
      0.1831999934501484
      0.1837995542565441
      0.1844127294623425
      0.1850389126668747
      0.1856774899931228
      0.1863278413952457
       0.186989341930353
      0.1876613629920131
      0.1883432735029712
      0.1890344410645349
      0.1897342330600659
      0.1904420177100832
      0.1911571650766596
      0.1918790480150556
      0.1926070430709516
      0.1933405313220648
      0.1940788991634245
       0.194821539036018
      0.1955678500988565
      0.1963172388447231
       0.197069119659969
      0.1978229153286391
      0.1985780574810769
      0.1993339869869376
      0.2000901542923416
        0.20084601970075
      0.2016010535970972
      0.2023547366147861
      0.2031065597453453
      0.2038560243908231
      0.2046026423593489
      0.2053459358045936
      0.2060854371101903
      0.2068206887203268
      0.2075512429178287
      0.2082766615509944
      0.2089965157103236
       0.209710385356094
      0.2104178588975563
      0.2111185327244019
       0.211812010691121
      0.2124979035549821
       0.213175828368603
      0.2138454078284482
      0.2145062695810315
      0.2151580454890835
      0.2158003708604139
      0.2164328836425735
       0.217055223586746
      0.2176670313844533
      0.2182679477807504
      0.2188576126675985
      0.2194356641610896
      0.2200017376661847
      0.2205554649327369
      0.2210964731067395
      0.2216243837810433
      0.2221388120502138
       0.222639365574687
      0.2231256436599131
      0.2235972363566746
      0.2240537235892091
      0.2244946743180607
      0.2249196457447788
      0.2253281825655659
      0.2257198162809427
      0.2260940645682725
      0.2264504307238082
      0.2267884031807186
      0.2271074551094381
      0.2274070441066014
       0.227686611978887
      0.2279455846281568
      0.2281833720444306
      0.2283993684132551
      0.2285929523441288
      0.2287634872264138
      0.2289103217189645
      0.2290327903792192
      0.2291302144369146
      0.2292019027168898
       0.229247152714649
      0.2292652518276236
      0.2292554787443157
      0.2292171049928851
      0.2291493966502148
      0.2290516162120206
      0.2289230246242517
      0.2287628834756372
      0.2285704573509167
      0.2283450163438064
      0.2280858387282511
      0.2277922137858122
      0.2274634447862694
      0.2270988521176257
      0.2266977765608021
      0.2262595827034012
       0.225783662486094
       0.225269438874474
      0.2247163696486636
      0.2241239513025345
        0.22349172304412
      0.2228192708885788
       0.222106231834876
      0.2213522981171384
      0.2205572215212999
      0.2197208177572257
      0.2188429708759004
      0.2179236377205463
      0.2169628523997052
      0.2159607307694267
       0.214917474910815
       0.213833377588308
      0.2127088266732715
      0.2115443095167301
      0.2103404172543533
      0.2090978490260786
      0.2078174160919022
      0.2065000458243824
      0.2051467855570701
      0.2037588062664794
      0.2023374060631506
      0.2008840134649139
      0.1994001904225734
      0.1978876350649479
      0.1963481841265925
        0.19478381501759
       0.193196647490617
      0.1915889448561065
      0.1899631146917349
      0.1883217089876899
      0.1866674236642199
      0.1850030973928594
      0.1833317096474884
      0.1816563779061364
       0.179980353919352
      0.1783070189562449
      0.1766398779353857
      0.1749825523449794
      0.1733387718557427
      0.1717123645312277
       0.170107245544696
      0.1685274043196516
      0.1669768900235112
       0.165459795361192
      0.1639802386381417
      0.1625423440908581
      0.1611502205174322
      0.1598079382809667
      0.1585195048044834
      0.1572888387264132
      0.1561197429397565
       0.155015876793959
      0.1539807277944454
      0.1530175831880909
      0.1521295018709601
      0.1513192870943131
      0.1505894604731262
      0.1499422378152452
      0.1493795072862977
      0.1489028104038211
      0.1485133263128263
      0.1482118597344714
      0.1479988329011862
      0.1478742816981794
      0.1478378561266946
      0.1478888250933888
      0.1480260854181074
      0.1482481748445746
      0.1485532887402136
      0.1489393000869723
      0.1494037822980466
      0.1499440343480196
      0.1505571076770304
      0.1512398343228362
      0.1519888557464572
      0.1528006518451835
      0.1536715696880366
      0.1545978515600347
      0.1555756619594375
      0.1566011132534227
       0.157670289759498
      0.1587792700800917
      0.1599241475742625
      0.1611010489020065
      0.1623061506222872
       0.163535693865147
      0.1647859971309234
      0.1660534672957709
      0.1673346089226384
      0.1686260319911048
      0.1699244581685397
       0.171226725749613
      0.1725297933919676
      0.1738307427735561
      0.1751267802925205
      0.1764152379241678
      0.1776935733422179
      0.1789593694035678
      0.1802103330877319
      0.1814442939741715
      0.1826592023330962
      0.1838531268981013
      0.1850242523821642
        0.18617087679208
       0.187291408590252
      0.1883843637468784
      0.1894483627198929
      0.1904821273946473
      0.1914844780101856
      0.1924543300942637
      0.1933906914250029
      0.1942926590333759
      0.1951594162576382
      0.1959902298583512
      0.1967844472007591
      0.1975414935099115
      0.1982608692029089
      0.1989421473018692
      0.1995849709305414
      0.2001890508967447
      0.2007541633620031
      0.2012801475987453
      0.2017669038343634
      0.2022143911802828
      0.2026226256431296
      0.2029916782141813
       0.203321673032664
       0.203612785618184
      0.2038652411676428
      0.2040793129123835
      0.2042553205319201
      0.2043936286213442
      0.2044946452101742
      0.2045588203309497
      0.2045866446361492
      0.2045786480619643
      0.2045353985371554
      0.2044575007346442
      0.2043455948628498
      0.2042003554931427
      0.2040224904192945
      0.2038127395446297
      0.2035718737926695
      0.2033006940375366
      0.2030000300511033
      0.2026707394647016
      0.2023137067441459
      0.2019298421774623
      0.2015200808752253
      0.2010853817834255
      0.2006267267085305
      0.2001451193536977
      0.1996415843643033
      0.1991171663799669
      0.1985729290894698
      0.1980099542843811
      0.1974293409070474
      0.1968322040888043
      0.1962196741749091
      0.1955928957335577
      0.1949530265473599
      0.1943012365865617
      0.1936387069639725
      0.1929666288718127
      0.1922862025005226
      0.1915986359389296
      0.1909051440542182
      0.1902069473490271
      0.1895052707919278
      0.1888013426167822
      0.1880963930861121
      0.1873916532138721
      0.1866883534437951
      0.1859877222807401
      0.1852909848740203
      0.1845993615533074
      0.1839140663190847
      0.1832363052906298
      0.1825672751149348
       0.181908161339818
      0.1812601367538248
      0.1806243596945551
      0.1800019723260439
      0.1793940988850681
      0.1788018438960141
      0.1782262903543974
      0.1776684978803613
      0.1771295008453737
      0.1766103064777405
      0.1761118929550654
      0.1756352074941291
       0.175181164450412
      0.1747506434404313
       0.174344487500054
      0.1739635012910097
       0.173608449366181
      0.1732800545022326
      0.1729789961061282
       0.172705908700557
      0.1724613804925136
      0.1722459520294699
      0.1720601149487238
      0.1719043108273775
      0.1717789301426111
      0.1716843113539467
      0.1716207401205589
      0.1715884486668901
      0.1715876153086019
       0.171618364148246
      0.1716807649461104
      0.1717748331670303
      0.1719005301991386
      0.1720577637362815
      0.1722463883128232
      0.1724662059782536
      0.1727169670996078
      0.1729983712820929
      0.1733100684020187
      0.1736516597503962
      0.1740226992895317
      0.1744226950276561
      0.1748511105173137
      0.1753073664813791
      0.1757908425660965
      0.1763008792137049
      0.1768367796388388
      0.1773978118839786
      0.1779832109210734
       0.178592180760275
      0.1792238965236315
      0.1798775064422221
      0.1805521337399196
