                       0
   1.399930278506126e-05
   5.608000170880147e-05
   0.0001263878772192384
   0.0002249935112125573
   0.0003518965922159488
   0.0005070324152055106
   0.0006902801389665382
   0.0009014722619215327
    0.001140404720690041
    0.001406847006235677
    0.001700551730030705
    0.002021263152745434
    0.002368724302195457
    0.002742682444195623
    0.003142892816154492
    0.003569120674729557
    0.004021141832661925
    0.004498741955439955
    0.005001714948675658
    0.005529860789218211
    0.006082983138634887
    0.006660887032235765
    0.007263376868768731
    0.007890254845462047
    0.008541319900780676
    0.009216367152645628
    0.009915187760439603
     0.01063756909961525
     0.01138329511981334
     0.01215214675985707
      0.0129439023121787
      0.0137583376598685
     0.01459522634556737
      0.0154543394669362
     0.01633544542341638
      0.0172383095599072
     0.01816269376306735
     0.01910835606524167
     0.02007505030114279
     0.02106252584615255
     0.02207052744583355
     0.02309879512737792
     0.02414706416821278
     0.02521506508691046
     0.02630252361791458
     0.02740916063427463
      0.0285346919904926
     0.02967882826893671
     0.03084127442593342
     0.03202172934549708
     0.03321988531793866
     0.03443542746614192
     0.03566803314366312
      0.0369173713262622
     0.03818310201288201
     0.03946487564472564
     0.04076233254336502
     0.04207510236208208
       0.043402803539926
      0.0447450427458572
     0.04610141430093078
     0.04747149956937214
     0.04885486631388049
       0.050251068015618
     0.05165964316413908
     0.05308011452615536
     0.05451198840396492
     0.05595475389438274
     0.05740788215723887
     0.05887082569940342
     0.06034301767650328
     0.06182387121074129
     0.06331277872018852
     0.06480911125310541
     0.06631221782052617
     0.06782142472151254
     0.06933603485789307
     0.07085532703850579
     0.07237855527640616
       0.073904948085634
     0.07543370778648978
      0.0769640098295573
     0.07849500214882561
     0.08002580455332634
     0.08155550816498966
     0.08308317490833328
     0.08460783705556151
     0.08612849682905485
     0.08764412606235582
     0.08915366592073393
        0.09065602668321
     0.09215008758935625
     0.09363469675597427
     0.09510867117055202
     0.09657079676988427
     0.09801982861315513
     0.09945449115897977
      0.1008734786553741
      0.1022754556504791
      0.1036590576303298
       0.105022891788296
      0.1063655379293219
      0.1076855495109841
      0.1089814548228316
       0.110251758305514
      0.1114949420117733
      0.1127094672123229
      0.1138937761507218
       0.115046293952341
      0.1161654306931746
      0.1172495836344097
      0.1182971396282467
      0.1193064776994839
      0.1202759718059348
      0.1212039937790202
      0.1220889164440687
      0.1229291169181732
      0.1237229800820631
       0.124468902221451
       0.125165294832731
      0.1258105885876835
      0.1264032374518576
      0.1269417229513884
      0.1274245585830108
      0.1278502943617853
      0.1282175215004871
      0.1285248772136841
       0.128771049638308
      0.1289547828611122
      0.1290748820419833
      0.1291302186208083
      0.1291197355946697
      0.1290424528516897
      0.1288974725479413
      0.1286839845145092
      0.1284012716829614
      0.1280487155190828
      0.1276258014565917
      0.1271321243245898
      0.1265673937645661
      0.1259314396348468
      0.1252242174024568
      0.1244458135245102
      0.1235964508236071
      0.1226764938644591
      0.1216864543422708
      0.1206269964974544
       0.119498942576179
      0.1183032783621337
      0.1170411588117369
      0.1157139138327894
      0.1143230542551401
      0.1128702780511535
      0.1113574768734419
      0.1097867429872502
       0.108160376684835
      0.1064808942788892
      0.1047510367812204
      0.1029737793810408
      0.1011523418437187
       0.099290199954716
     0.09739109813328514
     0.09545906333429574
     0.09349842034149633
     0.09151380852774184
     0.08951020011214419
     0.08749291987413617
     0.08546766618174882
     0.08344053304578408
     0.08141803271094855
     0.07940711802581747
     0.07741520348156918
     0.07545018336191557
     0.07352044489529222
     0.07163487364674848
     0.06980284765023989
     0.06803421600925073
     0.06633925697228685
     0.06472860995986128
     0.06321317588162406
     0.06180398059272504
     0.06051199778310053
     0.05934793022787609
     0.05832195228072862
      0.0574434216441175
     0.05672057431334904
     0.05616022226041245
     0.05576747765909279
      0.0555455289408216
     0.05549549172618488
     0.05561635146571619
     0.05590500520907552
     0.05635639897804884
     0.05696374688771812
     0.05771881041076552
     0.05861221223808546
     0.05963375926598058
     0.06077275263245192
      0.0620182681816562
     0.06335939690205315
     0.06478544064943183
     0.06628606313427719
     0.06785139944557669
     0.06947212934172291
     0.07113952039295869
     0.07284544710905765
     0.07458239172159095
     0.07634343155163438
     0.07812221705557998
     0.07991294381737531
     0.08171032100963814
      0.0835095382082116
     0.08530623192154772
     0.08709645278128081
     0.08887663402032825
     0.09064356162440278
     0.09239434636670837
     0.09412639781010512
     0.09583740027445929
     0.09752529070962693
     0.09918823837885124
      0.1008246262372598
      0.1024330338809718
       0.104012221940559
      0.1055611177956211
      0.1070788024931534
      0.1085644987598628
      0.1100175600067334
      0.1114374602324135
      0.1128237847400525
      0.1141762215899283
      0.1154945537175235
      0.1167786516536265
      0.1180284667895825
      0.1192440251369955
      0.1204254215369645
      0.1215728142792907
      0.1226864200969457
      0.1237665095053947
      0.1248134024600685
      0.1258274643083642
      0.1268091020150428
      0.1277587606418513
      0.1286769200637151
      0.1295640919050549
      0.1304208166807993
      0.1312476611276097
      0.1320452157118043
      0.1328140923015028
       0.133554921991639
      0.1342683530716617
      0.1349550491269099
      0.1356156872657329
      0.1362509564653444
      0.1368615560301003
      0.1374481941563374
      0.1380115865981126
      0.1385524554281819
      0.1390715278884279
      0.1395695353237673
      0.1400472121934505
      0.1405052951536611
      0.1409445222055015
      0.1413656319028134
      0.1417693626148079
       0.142156451839119
       0.142527635561556
      0.1428836476594456
       0.143225219345933
      0.1435530786529138
      0.1438679499503624
      0.1441705534997346
      0.1444616050388919
      0.1447418153956995
      0.1450118901271754
      0.1452725291808775
      0.1455244265751905
      0.1457682700953165
      0.1460047410021039
      0.1462345137513031
      0.1464582557213721
      0.1466766269484802
      0.1468902798677976
      0.1470998590604626
      0.1473060010057398
      0.1475093338378317
      0.1477104771066161
      0.1479100415413001
      0.1481086288157051
      0.1483068313136761
       0.148505231893031
      0.1487044036465494
      0.1489049096587645
      0.1491073027577326
      0.1493121252614565
      0.1495199087191627
      0.1497311736480976
      0.1499464292668458
       0.150166173226344
      0.1503908913397527
      0.1506210573121654
      0.1508571324708506
       0.151099565496371
      0.1513487921546229
      0.1516052350296125
      0.1518693032567214
      0.1521413922562967
      0.1524218834676467
      0.1527111440838675
      0.1530095267883219
      0.1533173694939533
      0.1536349950868875
      0.1539627111758967
      0.1543008098492548
      0.1546495674403015
      0.1550092443027019
      0.1553800845959879
      0.1557623160815748
      0.1561561499291272
      0.1565617805329489
      0.1569793853380329
      0.1574091246755108
      0.1578511416074677
      0.1583055617813771
      0.1587724932946933
      0.1592520265703538
      0.1597442342440355
      0.1602491710639409
      0.1607668738036762
      0.1612973611884311
      0.1618406338342521
      0.1623966741997637
      0.1629654465493204
      0.1635468969263068
      0.1641409531351948
       0.164747524731008
      0.1653665030150338
      0.1659977610358937
      0.1666411535954006
      0.1672965172589083
      0.1679636703700568
      0.1686424130698892
      0.1693325273202542
      0.1700337769312258
      0.1707459075920107
       0.171468646904523
      0.1722017044185546
      0.1729447716673019
       0.173697522201975
      0.1744596116243147
      0.1752306776160818
      0.1760103399649086
      0.1767982005862783
      0.1775938435417533
      0.1783968350538633
      0.1792067235182409
       0.180023039513641
      0.1808452958104062
      0.1816729873777732
      0.1825055913902033
      0.1833425672327149
      0.1841833565050582
      0.1850273830245403
      0.1858740528274018
      0.1867227541688706
      0.1875728575223452
      0.1884237155785433
      0.1892746632458499
      0.1901250176534463
      0.1909740781590625
      0.1918211263633433
      0.1926654261328422
      0.1935062236335862
      0.1943427473770076
      0.1951742082798848
      0.1959997997398029
       0.196818697727588
      0.1976300608982193
       0.198433030721871
      0.1992267316369866
      0.2000102712275961
      0.2007827404274095
      0.2015432137535151
      0.2022907495727299
      0.2030243904037573
      0.2037431632583104
      0.2044460800242423
      0.2051321378935367
      0.2058003198377842
      0.2064495951335455
      0.2070789199398395
       0.207687237929904
      0.2082734809793978
      0.2088365699133213
      0.2093754153141143
      0.2098889183936109
      0.2103759719317342
      0.2108354612849667
      0.2112662654676936
       0.211667258309465
       0.212037309691062
      0.2123752868619967
      0.2126800558417509
      0.2129504829067247
      0.2131854361645389
      0.2133837872170798
      0.2135444129134882
      0.2136661971942027
      0.2137480330271448
        0.21378882443716
      0.2137874886298614
      0.2137429582110257
      0.2136541835026231
      0.2135201349564064
      0.2133398056657255
       0.213112213975887
      0.2128364061929745
      0.2125114593906164
      0.2121364843137849
      0.2117106283783755
      0.2112330787650769
      0.2107030656059259
       0.210119865261934
      0.2094828036902761
      0.2087912598996929
      0.2080446694929584
      0.2072425282954517
      0.2063843960690254
      0.2054699003104584
      0.2044987401338242
      0.2034706902361076
      0.2023856049454086
      0.2012434223510978
      0.2000441685154086
      0.1987879617661684
      0.1974750170707303
      0.1961056504916555
      0.1946802837253036
      0.1931994487251683
      0.1916637924124981
      0.1900740814773983
      0.1884312072741519
      0.1867361908148622
      0.1849901878656374
      0.1831944941493679
       0.181350550658634
      0.1794599490813709
      0.1775244373405567
       0.175545925247278
      0.1735264902639506
      0.1714683833710622
      0.1693740350263229
      0.1672460611992937
      0.1650872694570455
         0.1629006650668
      0.1606894570693551
      0.1584570642619146
      0.1562071210102187
      0.1539434827870764
      0.1516702313070449
      0.1493916790946326
      0.1471123732856611
      0.1448370984181193
      0.1425708779200179
      0.1403189739477948
        0.13808688517063
      0.1358803420351678
      0.1337052989840563
      0.1315679230439779
      0.1294745781493309
      0.1274318045328473
      0.1254462925021517
      0.1235248499410501
       0.121674362936753
      0.1199017490502627
       0.118213902927041
      0.1166176341967219
      0.1151195979375798
      0.1137262183805873
      0.1124436069871842
      0.1112774765317073
      0.1102330533199205
      0.1093149901352039
      0.1085272828726913
      0.1078731940465026
      0.1073551863895281
      0.1069748695763397
      0.1067329626765633
      0.1066292743038166
      0.1066627016070964
      0.1068312483241699
      0.1071320611626212
      0.1075614828805079
      0.1081151196838101
      0.1087879200018961
      0.1095742613790787
      0.1104680421357377
      0.1114627745863686
      0.1125516769144613
      0.1137277612438822
      0.1149839159586053
      0.1163129808561931
        0.11770781423299
      0.1191613514595367
      0.1206666549939524
      0.1222169560903438
      0.1238056886886147
      0.1254265161274429
      0.1270733514134953
      0.1287403718187608
      0.1304220285760246
      0.1321130524110069
      0.1338084555981677
      0.1355035311635761
      0.1371938497888264
      0.1388752548994396
      0.1405438563528516
      0.1421960230771901
      0.1438283749538963
      0.1454377741855258
      0.1470213163449116
      0.1485763212631079
      0.1501003238807267
      0.1515910651598625
       0.153046483131144
      0.1544647041318943
      0.1558440342763092
      0.1571829511863906
      0.1584800960026002
      0.1597342656854034
       0.160944405612699
      0.1621096024733072
      0.1632290774529868
       0.164302179706716
      0.1653283801090356
      0.1663072652730132
      0.1672385318277116
       0.168121980943823
      0.1689575130972444
       0.169745123060708
      0.1704848951140346
      0.1711769984640626
      0.1718216828657473
      0.1724192744362872
      0.1729701716543949
      0.1734748415370112
      0.1739338159858781
      0.1743476882964955
      0.1747171098221228
      0.1750427867856842
      0.1753254772327257
      0.1755659881189419
      0.1757651725262299
      0.1759239270016949
      0.1760431890144891
      0.1761239345257481
      0.1761671756671749
      0.1761739585239672
       0.176145361017793
       0.176082490885405
      0.1759864837482716
      0.1758585012683544
      0.1756997293849119
      0.1755113766270221
      0.1752946724964107
       0.175050865915179
      0.1747812237331283
      0.1744870292895551
      0.1741695810246053
      0.1738301911354727
       0.173470184272867
      0.1730908962732175
      0.1726936729220145
      0.1722798687435138
      0.1718508458117818
      0.1714079725777668
       0.170952622706824
      0.1704861739209222
      0.1700100068396963
      0.1695255038145878
      0.1690340477505448
      0.1685370209101354
      0.1680358036953964
      0.1675317734032769
       0.167026302951067
      0.1665207595686965
      0.1660165034552129
      0.1655148863970939
      0.1650172503463395
      0.1645249259565529
      0.1640392310755175
       0.163561469193157
      0.1630929278442804
      0.1626348769661961
      0.1621885672121391
      0.1617552282224702
       0.161336066856742
      0.1609322653909168
      0.1605449796852042
      0.1601753373290852
      0.1598244357710617
      0.1594933404414801
        0.15918308287741
      0.1588946588590477
      0.1586290265674753
      0.1583871047738967
      0.1581697710707353
      0.1579778601552299
      0.1578121621764348
      0.1576734211567835
      0.1575623334995826
       0.157479546593904
      0.1574256575282674
      0.1574012119242004
      0.1574067029001727
      0.1574425701755142
      0.1575091993227454
      0.1576069211753262
      0.1577360113962195
      0.1578966902109611
      0.1580891223072121
      0.1583134169011107
      0.1585696279692078
      0.1588577546433807
      0.1591777417648792
      0.1595294805925436
      0.1599128096592117
      0.1603275157693491
      0.1607733351299735
       0.161249954605972
      0.1617570130899457
      0.1622941029757803
      0.1628607717242979
      0.1634565235086418
       0.164080820926557
       0.164733086766493
      0.1654127058145092
      0.1661190266892933
      0.1668513636931924
      0.1676089986679384
      0.1683911828446549
      0.1691971386786892
      0.1700260616607376
      0.1708771220965929
      0.1717494668485853
      0.1726422210324434
      0.1735544896638632
      0.1744853592496129
      0.1754338993185414
       0.176399163888465
      0.1773801928656006
       0.178376013374002
      0.1793856410133305
      0.1804080810442109
       0.181442329501335
      0.1824873742353179
      0.1835421958850391
      0.1846057687827567
      0.1856770617946679
      0.1867550390997923
      0.1878386609101185
      0.1889268841349216
      0.1900186629920861
      0.1911129495692156
      0.1922086943373188
      0.1933048466199574
      0.1944003550209263
      0.1954941678137971
      0.1965852332969415
      0.1976725001179238
      0.1987549175713594
      0.1998314358744296
      0.2009010064242173
      0.2019625820408566
      0.2030151172002183
      0.2040575682594993
      0.2050888936787168
      0.2061080542407608
       0.207114013272401
      0.2081057368684827
      0.2090821941215088
      0.2100423573588741
      0.2109852023901539
      0.2119097087670241
      0.2128148600585342
      0.2136996441445393
       0.214563053530079
      0.2154040856833606
      0.2162217433997678
      0.2170150351940038
      0.2177829757221226
      0.2185245862348681
      0.2192388950634557
      0.2199249381387473
      0.2205817595446927
      0.2212084121069474
      0.2218039580176951
      0.2223674694978729
      0.2228980294981696
       0.223394732440287
      0.2238566849999989
      0.2242830069334728
      0.2246728319481445
      0.2250253086191711
      0.2253396013521654
      0.2256148913925846
      0.2258503778818551
      0.2260452789601055
      0.2261988329152768
      0.2263102993783949
      0.2263789605649092
      0.2264041225621924
      0.2263851166635206
      0.2263213007490513
       0.226212060714463
      0.2260568119479542
      0.2258550008562442
      0.2256061064400421
      0.2253096419192123
      0.2249651564075827
       0.224572236637083
      0.2241305087306902
      0.2236396400235584
      0.2230993409317149
      0.2225093668678256
      0.2218695202037502
      0.2211796522798639
      0.2204396654613921
      0.2196495152422117
      0.2188092123966978
      0.2179188251801908
      0.2169784815785312
      0.2159883716068705
      0.2149487496576452
      0.2138599368972446
      0.2127223237105621
      0.2115363721923253
      0.2103026186838915
      0.2090216763540557
      0.2076942378223456
       0.206321077823208
      0.2049030559093758
      0.2034411191924567
      0.2019363051183445
      0.2003897442743497
      0.1988026632239308
      0.1971763873635691
      0.1955123437946395
      0.1938120642011237
      0.1920771877216766
      0.1903094638019308
      0.1885107550099759
      0.1866830397946713
      0.1848284151627693
      0.1829490992466609
      0.1810474337297941
      0.1791258860913274
      0.1771870516252475
      0.1752336551818881
      0.1732685525714676
       0.171294731559886
      0.1693153123766263
      0.1673335476432993
      0.1653528216193312
      0.1633766486487936
       0.161408670679748
      0.1594526537151796
      0.1575124830431444
      0.1555921570838137
      0.1536957796834414
      0.1518275506808199
      0.1499917545716023
       0.148192747101184
      0.1464349396289988
      0.1447227811275531
      0.1430607377097345
      0.1414532696192318
      0.1399048056723429
      0.1384197152056235
       0.137002277662639
      0.1356566500435087
      0.1343868325408621
       0.133196632791878
      0.1320896292835979
       0.131069134551815
      0.1301381589057336
       0.129299375483913
      0.1285550874944578
      0.1279071985074446
      0.1273571866451337
      0.1269060834527717
      0.1265544581296805
      0.1263024076598896
      0.1261495532099302
      0.1260950429674228
      0.1261375613886659
      0.1262753446185556
      0.1265062016538032
       0.126827540651436
      0.1272363996477667
       0.127729480854444
      0.1283031876407963
      0.1289536632953087
      0.1296768306807857
      0.1304684319524132
      0.1313240675888791
      0.1322392340865188
      0.1332093597776203
      0.1342298383495472
      0.1352960597551309
      0.1364034383119328
      0.1375474378848417
      0.1387235941306836
      0.1399275338538364
      0.1411549915780165
      0.1424018234819624
      0.1436640188767757
      0.1449377094216885
       0.146219176284681
      0.1475048554564479
      0.1487913414223876
      0.1500753893891353
      0.1513539162510364
       0.152624000468988
      0.1538828810201439
      0.1551279555627684
      0.1563567779464581
      0.1575670551843614
      0.1587566439910576
      0.1599235469775188
      0.1610659085831065
      0.1621820108138869
      0.1632702688467138
      0.1643292265495575
      0.1653575519605132
      0.1663540327608182
      0.1673175717710799
      0.1682471824947554
      0.1691419847286625
      0.1700012002568709
      0.1708241486415705
      0.1716102431223058
      0.1723589866331149
        0.17306996794549
      0.1737428579435372
      0.1743774060361879
      0.1749734367097615
      0.1755308462226214
      0.1760495994421528
      0.1765297268229016
      0.1769713215235409
      0.1773745366594317
      0.1777395826869677
      0.1780667249156374
      0.1783562811437426
       0.178608619413919
      0.1788241558848786
      0.1790033528160445
      0.1791467166618544
      0.1792547962724183
      0.1793281811968856
      0.1793675000853374
      0.1793734191843391
      0.1793466409205494
      0.1792879025661154
      0.1791979749790792
      0.1790776614117611
      0.1789277963801111
      0.1787492445873115
      0.1785428998954113
      0.1783096843393817
      0.1780505471785782
       0.177766463981061
      0.1774584357364682
      0.1771274879931004
      0.1767746700145587
      0.1764010539507318
      0.1760077340172477
      0.1755958256768136
      0.1751664648152959
      0.1747208069050498
      0.1742600261479638
      0.1737853145909705
      0.1732978812073285
      0.1727989509377444
      0.1722897636862232
      0.1717715732662979
      0.1712456462938574
       0.170713261023097
      0.1701757061221112
      0.1696342793843967
      0.1690902863720965
      0.1685450389863657
      0.1679998539599065
      0.1674560512666729
      0.1669149524440825
      0.1663778788238623
      0.1658461496688687
      0.1653210802147843
      0.1648039796173629
      0.1642961488077034
      0.1637988782597138
      0.1633134456753423
      0.1628411135942262
        0.16238312693514
       0.161940710477068
      0.1615150662880289
      0.1611073711100932
      0.1607187737095295
      0.1603503922018285
      0.1600033113625451
      0.1596785799364647
      0.1593772079594332
      0.1591001641091163
      0.1588483731027533
      0.1586227131614107
      0.1584240135611173
      0.1582530522914478
      0.1581105538415635
      0.1579971871324892
       0.157913563612637
       0.157860235531505
      0.1578376944043091
      0.1578463696782717
      0.1578866276095364
      0.1579587703582849
      0.1580630353085464
      0.1581995946182999
      0.1583685550045743
      0.1585699577671396
      0.1588037790528614
      0.1590699303607395
      0.1593682592850508
      0.1596985504909533
      0.1600605269135933
      0.1604538511684484
      0.1608781271576615
      0.1613329018547391
      0.1618176672484214
      0.1623318624258754
      0.1628748757755775
      0.1634460472911887
      0.1640446709591079
      0.1646699972139355
      0.1653212354474562
      0.1659975565577471
      0.1666980955254779
      0.1674219540044072
      0.1681682029126086
      0.1689358850103307
      0.1697240174498819
      0.1705315942828424
      0.1713575889104685
      0.1722009564644938
      0.1730606361076319
      0.1739355532457964
      0.1748246216470814
      0.1757267454655532
      0.1766408211705116
      0.1775657393837854
      0.1785003866286265
      0.1794436469938164
      0.1803944037158107
      0.1813515406803906
       0.182313943843724
      0.1832805025713721
      0.1842501108929741
      0.1852216686703619
      0.1861940826778115
      0.1871662675949384
       0.188137146915152
      0.1891056537752057
      0.1900707317137634
      0.1910313353686092
      0.1919864311228142
      0.1929349977096517
       0.193876026784356
      0.1948085234681788
      0.1957315068670352
      0.1966440105638889
      0.1975450830814607
      0.1984337883103647
      0.1993092058977066
      0.2001704315926252
       0.201016577548053
       0.201846772581708
      0.2026601624033635
      0.2034559098190637
      0.2042331949254098
       0.204991215307738
      0.2057291862545539
      0.2064463409969182
      0.2071419309758538
      0.2078152261338637
      0.2084655152191495
      0.2090921060840981
      0.2096943259540485
      0.2102715216391293
      0.2108230596616546
      0.2113483262744371
