                       0
    4.99662666666476e-05
   0.0001997269431941857
   0.0004490676792338117
   0.0007977646046819655
    0.001245584370891706
    0.001792284192490239
    0.002437611889604091
    0.003181305930244387
    0.004023095472559767
    0.004962700406603655
    0.005999831395232268
    0.007134189913689505
    0.008365468287402573
    0.009693349727456039
     0.01111750836320488
     0.01263760927138936
     0.01425330850114189
     0.01596425309421076
     0.01777008109966437
     0.01967042158237299
     0.02166489462451295
     0.02375311131919383
     0.02593467375554893
      0.0282091749942955
     0.03057619903300998
     0.03303532076015506
     0.03558610589702311
     0.03822811092665655
     0.04096088300876065
     0.04378395987980785
     0.04669686973727263
     0.04969913110708303
     0.05279025269337034
     0.05596973320952572
     0.05923706118964125
     0.06259171477939247
     0.06603316150538709
     0.06956085802216212
     0.07317424983583432
     0.07687277100350072
     0.08065584380769374
     0.08452287840475486
     0.08847327244661977
     0.09250641067506425
     0.09662166448767963
      0.1008183914748346
      0.1050959349271651
      0.1094536233126047
      0.1138907697227622
      0.1184066712878358
      0.1230006085599491
      0.1276718448640474
      0.1324196256165073
      0.1372431776109231
      0.1421417082712291
      0.1471144048716355
      0.1521604337237834
      0.1572789393312178
      0.1624690435111361
      0.1677298444841107
      0.1730604159322323
       0.178459806025737
      0.1839270364197416
      0.1894611012210097
      0.1950609659267829
      0.2007255663357539
      0.2064538074335683
      0.2122445622536069
      0.2180966707151762
      0.2240089384407702
      0.2299801355547835
      0.2360089954654955
      0.2420942136331252
      0.2482344463267932
      0.2544283093727138
      0.2606743768976625
       0.266971180070336
      0.2733172058440524
      0.2797108957061593
      0.2861506444360172
      0.2926347988777495
       0.299161656731565
      0.3057294653680496
      0.3123364206718248
      0.3189806659186327
      0.3256602906921215
      0.3323733298454539
      0.3391177625145701
      0.3458915111891355
      0.3526924408468101
      0.3595183581582866
      0.3663670107697256
      0.3732360866695562
      0.3801232136457913
      0.3870259588428536
      0.3939418284227032
      0.4008682673403985
      0.4078026592386823
      0.4147423264705454
      0.4216845302564794
      0.4286264709834385
      0.4355652886528302
      0.4424980634840143
      0.4494218166798534
      0.4563335113609819
      0.4632300536739483
      0.4701082940802462
      0.4769650288298249
      0.4837970016245489
      0.4906009054759014
      0.4973733847596718
      0.5041110374714676
      0.5108104176847935
       0.517468038212753
      0.5240803734751978
      0.5306438625699296
      0.5371549125469105
      0.5436099018848278
      0.5500051841662893
      0.5563370919464672
      0.5626019408125237
      0.5687960336271102
      0.5749156649471258
       0.580957125613582
      0.5869167074991691
      0.5927907084074585
      0.5985754371095559
      0.6042672185079973
      0.6098623989149767
      0.6153573514305086
      0.6207484814054477
      0.6260322319751509
      0.6312050896471874
      0.6362635899256116
      0.6412043229555771
      0.6460239391697082
      0.6507191549188807
      0.6552867580678645
      0.6597236135386875
      0.6640266687815429
      0.6681929591557477
      0.6722196132013067
      0.6761038577833995
      0.6798430230925042
      0.6834345474802836
      0.6868759821167669
      0.6901649954513079
      0.6932993774617645
      0.6962770436763914
      0.6990960389561502
      0.7017545410225334
      0.7042508637210105
      0.7065834600060203
      0.7087509246404378
      0.7107519966005263
      0.7125855611770532
      0.7142506517685902
      0.7157464513599582
      0.7170722936842134
      0.7182276640632077
      0.7192121999276129
      0.7200256910149658
      0.7206680792482434
      0.7211394582956842
       0.721440072816773
      0.7215703173991653
      0.7215307351914244
      0.7213220162399968
      0.7209449955364104
       0.720400650785251
      0.7196900999026322
       0.718814598254972
      0.7177755356500285
      0.7165744330932264
      0.7152129393210134
      0.7136928271251821
      0.7120159894832948
      0.7101844355078269
      0.7082002862309977
      0.7060657702391543
      0.7037832191725039
      0.7013550631072284
      0.6987838258346692
      0.6960721200520483
      0.6932226424849449
      0.6902381689523053
      0.6871215493918204
      0.6838757028626571
      0.6805036125370674
      0.6770083206973271
      0.6733929237532165
      0.6696605672906535
      0.6658144411680375
       0.661857774670299
      0.6577938317334318
      0.6536259062515971
      0.6493573174744066
       0.644991405508382
      0.6405315269274128
      0.6359810505033193
      0.6313433530620092
      0.6266218154735376
      0.6218198187799987
      0.6169407404680864
       0.611987950889234
      0.6069648098307947
      0.6018746632427399
      0.5967208401188653
      0.5915066495373237
      0.5862353778571462
      0.5809102860746095
      0.5755346073366356
      0.5701115446098802
      0.5646442685043535
      0.5591359152510607
      0.5535895848270824
      0.5480083392291021
      0.5423952008895674
      0.5367531512328911
      0.5310851293661151
      0.5253940309026767
      0.5196827069116955
      0.5139539629902278
      0.5082105584524922
      0.5024552056318892
      0.4966905692914136
      0.4909192661358261
      0.4851438644214827
       0.479366883660151
      0.4735907944088195
      0.4678180181436348
        0.46205092721111
      0.4562918448527039
      0.4505430452978595
      0.4448067539209771
       0.439085147457936
      0.4333803542776964
      0.4276944547051305
      0.4220294813903749
      0.4163874197218277
      0.4107702082779012
      0.4051797393154188
        0.39961785928937
      0.3940863694026399
         0.3885870261811
      0.3831215420721183
      0.3776915860631787
       0.372298784318048
      0.3669447208279392
      0.3616309380752595
      0.3563589377081058
      0.3511301812227931
      0.3459460906529848
      0.3408080492629542
       0.335717402243921
      0.3306754574114838
      0.3256834859026265
      0.3207427228711035
      0.3158543681797433
       0.311019587088323
      0.3062395109365253
      0.3015152378201831
      0.2968478332603896
      0.2922383308643962
      0.2876877329776131
      0.2831970113258871
      0.2787671076480147
      0.2743989343165916
      0.2700933749481021
      0.2658512850012706
      0.2616734923627339
      0.2575607979208487
      0.2535139761259119
      0.2495337755378175
      0.2456209193605065
       0.241776105962438
      0.2380000093838628
      0.2342932798302438
      0.2306565441519712
      0.2270904063103461
       0.223595447829528
       0.220172228235005
      0.2168212854781058
      0.2135431363469465
      0.2103382768637106
       0.207207182668609
      0.2041503093903609
      0.2011680930034804
      0.1982609501726641
      0.1954292785840231
      0.1926734572639269
      0.1899938468850527
      0.1873907900602166
      0.1848646116241621
      0.1824156189033751
        0.18004410197414
      0.1777503339092525
      0.1755345710133504
      0.1733970530472965
      0.1713380034418998
      0.1693576295006863
      0.1674561225926588
      0.1656336583347979
      0.1638903967645938
      0.1622264825029743
      0.1606420449078503
      0.1591371982181011
      0.1577120416885983
      0.1563666597166986
      0.1551011219593923
      0.1539154834425919
      0.1528097846617426
      0.1517840516744253
       0.150838296184843
      0.1499725156207913
      0.1491866932025748
      0.1484807980047223
      0.1478547850102116
      0.1473085951572229
      0.1468421553792108
      0.1464553786375249
      0.1461481639472315
      0.1459203963963488
      0.1457719471579702
      0.1457026734960685
      0.1457124187645139
       0.145801012399857
      0.1459682699073478
      0.1462139928410029
      0.1465379687769335
       0.146939971280806
      0.1474197598690878
      0.1479770799637967
      0.1486116628415907
       0.149323225576615
      0.1501114709773179
      0.1509760875174332
      0.1519167492610102
      0.1529331157814972
      0.1540248320752063
      0.1551915284688957
      0.1564328205217542
      0.1577483089217194
      0.1591375793763417
      0.1606002024979827
      0.1621357336838972
      0.1637437129910239
      0.1654236650052857
      0.1671750987062824
      0.1689975073267708
      0.1708903682076345
      0.1728531426477777
      0.1748852757500897
      0.1769861962629706
      0.1791553164177141
      0.1813920317620234
       0.183695720990132
      0.1860657457693652
       0.188501450563864
      0.1910021624551197
      0.1935671909605966
        0.19619582784964
      0.1988873469579458
      0.2016410040002756
      0.2044560363825204
      0.2073316630127276
       0.210267084112063
      0.2132614810260104
      0.2163140160360095
      0.2194238321724916
      0.2225900530294662
       0.225811782581219
      0.2290881050017284
      0.2324180844871563
      0.2358007650822828
      0.2392351705112388
      0.2427203040132519
      0.2462551481835892
      0.2498386648210343
      0.2534697947819092
      0.2571474578411591
      0.2608705525621239
      0.2646379561743437
      0.2684485244609991
      0.2723010916557864
       0.276194470351042
      0.2801274514163489
      0.2840988039296823
       0.288107275120727
      0.2921515903274962
      0.2962304529665862
      0.3003425445182947
      0.3044865245268946
      0.3086610306163688
      0.3128646785232839
      0.3170960621462084
      0.3213537536139709
      0.3256363033715109
      0.3299422402857828
      0.3342700717719313
      0.3386182839392652
      0.3429853417600929
      0.3473696892603754
      0.3517697497335506
      0.3561839259789282
      0.3606106005647766
       0.365048136117704
      0.3694948756389864
      0.3739491428485606
      0.3784092425591119
       0.382873461079515
      0.3873400666505896
      0.3918073099132642
      0.3962734244112495
      0.4007366271294997
      0.4051951190693829
       0.409647085862822
      0.4140906984268896
      0.4185241136603327
      0.4229454751837383
      0.4273529141256838
      0.4317445499553317
      0.4361184913654599
      0.4404728372055913
      0.4448056774685734
      0.4491150943314796
      0.4533991632535862
        0.45765595413267
      0.4618835325202611
      0.4660799609001031
      0.4702433000277588
      0.4743716103354952
      0.4784629534025145
      0.4825153934900166
      0.4865269991436402
      0.4904958448625255
      0.4944200128348962
      0.4982975947393996
      0.5021266936125536
      0.5059054257796975
      0.5096319228470625
      0.5133043337554813
      0.5169208268897159
      0.5204795922417469
      0.5239788436235755
      0.5274168209249771
      0.5307917924112512
      0.5341020570548692
      0.5373459468953375
      0.5405218294185293
      0.5436281099510291
      0.5466632340573773
      0.5496256899346132
      0.5525140107946904
      0.5553267772226207
      0.5580626195037567
      0.5607202199065582
      0.5632983149120971
      0.5657956973800935
      0.5682112186368058
      0.5705437904781127
      0.5727923870734796
      0.5749560467616988
      0.5770338737254411
      0.5790250395366956
      0.5809287845617968
      0.5827444192154292
      0.5844713250567857
      0.5861089557180212
      0.5876568376572437
      0.5891145707310175
       0.590481828579999
      0.5917583588212877
      0.5929439830466856
       0.594038596622865
      0.5950421682924093
      0.5959547395751841
      0.5967764239729315
      0.5975074059782353
      0.5981479398909668
      0.5986983484495374
      0.5991590212812975
      0.5995304131797606
      0.5998130422185227
      0.6000074877101752
      0.6001143880216444
      0.6001344382572716
        0.60006838782294
      0.5999170378833446
      0.5996812387278095
      0.5993618870575056
      0.5989599232099035
      0.5984763283353095
      0.5979121215417288
       0.597268357021533
      0.5965461211769437
      0.5957465297585763
      0.5948707250319868
      0.5939198729866024
      0.5928951606006577
      0.5917977931755269
       0.590628991750443
      0.5893899906116719
      0.5880820349042863
      0.5867063783565065
      0.5852642811272866
      0.5837570077809519
      0.5821858253988387
      0.5805520018299214
      0.5788568040865598
       0.577101496888184
       0.575287341352276
       0.573415593836083
      0.5714875049270177
      0.5695043185793075
      0.5674672713966794
      0.5653775920550053
      0.5632365008620988
       0.561045209448057
      0.5588049205815794
      0.5565168281035171
      0.5541821169728676
      0.5518019634149811
      0.5493775351649649
      0.5469099917985898
      0.5444004851388113
      0.5418501597326281
      0.5392601533872986
      0.5366315977562903
      0.5339656189665146
      0.5312633382795341
      0.5285258727752208
      0.5257543360515743
      0.5229498389316183
      0.5201134901697043
       0.517246397150444
      0.5143496665724092
      0.5114244051108215
      0.5084717200535931
      0.5054927199042829
      0.5024885149473496
      0.4994602177724259
      0.4964089437525113
      0.4933358114730541
      0.4902419431096536
      0.4871284647515308
      0.4839965066700695
      0.4808472035300678
      0.4776816945432624
      0.4745011235643114
      0.4713066391290637
      0.4680993944357328
      0.4648805472691303
      0.4616512598709911
      0.4584126987559081
      0.4551660344761322
      0.4519124413365396
      0.4486530970629314
       0.445389182425216
       0.442121880819151
      0.4388523778082583
      0.4355818606300782
      0.4323115176691653
      0.4290425378998211
      0.4257761103016852
      0.4225134232519669
      0.4192556638961569
      0.4160040175014838
      0.4127596667959198
      0.4095237912945108
      0.4062975666182225
       0.403082163805394
      0.3998787486211655
      0.3966884808651284
      0.3935125136815453
       0.390351992873082
      0.3872080562211742
      0.3840818328151648
      0.3809744423910089
      0.3778869946827051
       0.374820588787789
      0.3717763125473414
      0.3687552419437667
      0.3657584405157678
      0.3627869587931056
      0.3598418337508642
      0.3569240882849746
      0.3540347307095026
        0.35117475427596
      0.3483451367152065
       0.345546839803139
      0.3427808089488598
      0.3400479728072763
      0.3373492429144408
      0.3346855133471561
        0.33205766040561
      0.3294665423197192
      0.3269129989780064
      0.3243978516793946
      0.3219219029073878
      0.3194859361262116
      0.3170907155979688
      0.3147369862208389
      0.3124254733878957
      0.3101568828647343
      0.3079319006869809
      0.3057511930754858
      0.3036154063694039
      0.3015251669764632
      0.2994810813388574
        0.29748373591481
      0.2955336971754163
      0.2936315116142328
      0.2917777057713282
      0.2899727862691096
      0.2882172398596122
      0.2865115334834743
      0.2848561143386919
      0.2832514099587627
      0.2816978283001018
      0.2801957578370044
      0.2787455676640573
       0.277347607605773
      0.2760022083316951
      0.2747096814772227
      0.2734703197691346
      0.2722843971553374
       0.271152168938203
      0.2700738719109637
      0.2690497244966537
      0.2680799268887679
      0.2671646611937266
      0.2663040915741632
      0.2654983643927713
       0.264747608355999
       0.264051934657646
      0.2634114371216383
      0.2628261923434648
      0.2622962598303068
      0.2618216821392934
      0.2614024850131194
      0.2610386775136645
      0.2607302521526303
      0.2604771850187746
       0.260279435902015
      0.2601369484140285
       0.260049650104521
      0.2600174525739509
      0.2600402515815697
      0.2601179271490174
      0.2602503436592518
      0.2604373499508998
      0.2606787794070578
      0.2609744500396505
      0.2613241645674732
       0.261727710489911
      0.2621848601546089
       0.262695370819194
      0.2632589847080021
      0.2638754290624468
      0.2645444161854972
       0.265265643480705
      0.2660387934848586
      0.2668635338944587
      0.2677395175865471
      0.2686663826329057
      0.2696437523090591
      0.2706712350958468
      0.2717484246762228
      0.2728748999249901
      0.2740502248933649
      0.2752739487866785
      0.2765456059369184
      0.2778647157689192
      0.2792307827612782
       0.280643296401219
      0.2821017311344891
      0.2836055463093867
       0.285154186115957
      0.2867470795203257
       0.288383640194305
      0.2900632664401965
      0.2917853411117454
      0.2935492315313496
        0.29535428940331
      0.2971998507243383
       0.299085235691108
      0.3010097486056295
      0.3029726777787391
      0.3049732954324995
      0.3070108576014945
      0.3090846040346131
      0.3111937580969306
      0.3133375266731449
      0.3155151000731313
      0.3177256519400621
      0.3199683391622806
      0.3222423017903017
      0.3245466629587622
      0.3268805288156302
      0.3292429884588198
      0.3316331138813333
      0.3340499599274858
      0.3364925642594889
      0.3389599473372847
      0.3414511124121997
      0.3439650455360997
      0.3465007155874272
      0.3490570743160117
      0.3516330564079346
      0.3542275795715769
      0.3568395446479886
      0.3594678357457848
      0.3621113204031915
      0.3647688497789419
      0.3674392588735995
      0.3701213667834158
      0.3728139769887968
       0.375515877678505
      0.3782258421124012
      0.3809426290243999
      0.3836649830666535
      0.3863916352984083
       0.389121303719811
      0.3918526938536828
      0.3945844993762047
      0.3973154027983238
      0.4000440761998475
      0.4027691820173007
      0.4054893738869595
      0.4082032975450335
      0.4109095917846678
       0.413606889472133
      0.4162938186225222
      0.4189690035350916
      0.4216310659888586
      0.4242786264993553
      0.4269103056349395
      0.4295247253938576
      0.4321205106398313
      0.4346962905968355
      0.4372507004002557
       0.439782382703479
      0.4422899893381101
      0.4447721830246056
      0.4472276391319712
      0.4496550474814713
      0.4520531141916851
       0.454420563561599
      0.4567561399859057
       0.459058609898211
      0.4613267637372923
      0.4635594179290106
       0.465755416880074
      0.4679136349745452
       0.470032978568253
      0.4721123879716552
      0.4741508394147679
      0.4761473469858282
      0.4781009645348991
      0.4800107875328904
        0.48187595487954
      0.4836956506487665
        0.48546910576317
      0.4871955995884107
      0.4888744614369297
      0.4905050719748997
      0.4920868645185845
      0.4936193262147005
      0.4951019990947864
      0.4965344809943576
      0.4979164263304712
      0.4992475467287282
      0.5005276114923563
      0.5017564479087667
       0.502933941385972
      0.5040600354156538
      0.5051347313560621
      0.5061580880341673
      0.5071302211638271
      0.5080513025782725
       0.508921559276631
      0.5097412722855409
      0.5105107753377235
      0.5112304533713319
      0.5119007408524782
      0.5125221199272593
      0.5130951184102831
       0.513620307616567
      0.5140983000451655
      0.5145297469241973
      0.5149153356298211
       0.515255786987357
      0.5155518524704548
      0.5158043113086955
      0.5160139675196539
       0.516181646879158
      0.5163081938443446
      0.5163944684452129
      0.5164413431610793
      0.5164496997971175
      0.5164204263765989
      0.5163544140656975
      0.5162525541452403
      0.5161157350462073
      0.5159448394621308
      0.5157407415543097
      0.5155043042627185
       0.515236376736148
      0.5149377918927941
      0.5146093641226576
      0.5142518871441735
      0.5138661320200928
      0.5134528453436736
      0.5130127476015542
      0.5125465317181824
      0.5120548617861803
      0.5115383719859934
      0.5109976656977795
      0.5104333148032021
      0.5098458591799264
      0.5092358063857496
      0.5086036315274117
      0.5079497773133668
      0.5072746542841025
      0.5065786412124909
      0.5058620856690293
      0.5051253047447916
      0.5043685859207808
      0.5035921880770095
      0.5027963426312394
      0.5019812547955221
      0.5011471049428791
       0.500294050069452
      0.4994222253447542
      0.4985317457365475
      0.4976227076993813
      0.4966951909166174
      0.4957492600842847
      0.4947849667244785
      0.4938023510213607
      0.4928014436647069
      0.4917822676954536
      0.4907448403417893
       0.489689174836023
      0.4886152822053083
      0.4875231730281429
      0.4864128591488441
      0.4852843553420738
      0.4841376809245712
      0.4829728613051464
      0.4817899294693575
      0.4805889273947929
      0.4793699073933282
       0.478132933375867
      0.4768780820387176
      0.4756054439683525
      0.4743151246637071
      0.4730072454743828
      0.4716819444553711
      0.4703393771365582
      0.4689797172088896
      0.4676031571272554
      0.4662099086306874
      0.4648002031830077
      0.4633742923328113
      0.4619324479977798
      0.4604749626735393
      0.4590021495701232
      0.4575143426786013
      0.4560118967704819
      0.4544951873329127
      0.4529646104425184
      0.4514205825808015
      0.4498635403942305
      0.4482939404026408
      0.4467122586577413
      0.4451189903567638
      0.4435146494120809
      0.4418997679819956
      0.4402748959638522
      0.4386406004542306
      0.4369974651775588
      0.4353460898863247
      0.4336870897368115
      0.4320210946411813
      0.4303487485994249
      0.4286707090142948
      0.4269876459898389
      0.4253002416173995
      0.4236091892506504
      0.4219151927714981
      0.4202189658492357
      0.4185212311947629
      0.4168227198111292
      0.4151241702430145
      0.4134263278257665
      0.4117299439360987
      0.4100357752456377
       0.408344582978928
       0.406657132176351
      0.4049741909641532
       0.403296529832175
      0.4016249209198162
      0.3999601373119023
      0.3983029523453959
      0.3966541389266756
      0.3950144688612923
      0.3933847121963526
      0.3917656365759071
      0.3901580066105034
      0.3885625832606293
      0.3869801232351377
      0.3854113784046423
      0.3838570952305922
      0.3823180142094461
      0.3807948693335144
      0.3792883875670978
      0.3777992883397073
      0.3763282830550144
      0.3748760746166516
      0.3734433569699046
      0.3720308146601439
      0.3706391224076995
      0.3692689446987129
      0.3679209353917117
      0.3665957373409551
      0.3652939820346354
       0.364016289248934
      0.3627632667174351
      0.3615355098149671
      0.3603336012564279
       0.359158110809592
       0.358009595022024
      0.3568885969615732
      0.3557956459691059
      0.3547312574251686
      0.3536959325275726
      0.3526901580815643
      0.3517144063007585
      0.3507691346188608
      0.3498547855115234
      0.3489717863280943
      0.3481205491321184
      0.3473014705511181
      0.3465149316335985
      0.3457612977144101
      0.3450409182865999
      0.3443541268795713
      0.3437012409442207
      0.3430825617421759
      0.3424983742405484
      0.3419489470114669
      0.3414345321346405
      0.3409553651038224
      0.3405116647363209
      0.3401036330844598
      0.3397314553498885
      0.3393952997987742
      0.3390953176786637
      0.3388316431367138
      0.3386043931377963
      0.3384136673832543
      0.3382595482304612
      0.3381421006110771
      0.3380613719499299
      0.3380173920834894
      0.3380101731773128
      0.3380397096430818
      0.3381059780554695
       0.338208937067958
      0.3383485273287769
      0.3385246713956583
      0.3387372736517471
      0.3389862202201432
      0.3392713788802283
      0.3395925989838633
      0.3399497113728834
      0.3403425282985197
      0.3407708433425813
      0.3412344313410074
      0.3417330483110571
      0.3422664313821981
      0.3428342987312061
      0.3434363495222396
      0.3440722638539654
        0.34474170271193
      0.3454443079298905
      0.3461797021591326
      0.3469474888468262
      0.3477472522259445
      0.3485785573152604
      0.3494409499327159
      0.3503339567218616
      0.3512570851921271
      0.3522098237758012
      0.3531916418997725
      0.3542019900762096
      0.3552403000105993
      0.3563059847298719
