                       0
   4.996626666666565e-05
   0.0001997269431941418
   0.0004490676792338319
   0.0007977646046818063
    0.001245584370891482
    0.001792284192490106
    0.002437611889603773
    0.003181305930243996
     0.00402309547255858
    0.004962700406601496
    0.005999831395229167
    0.007134189913685996
      0.0083654682873982
    0.009693349727453558
     0.01111750836320362
      0.0126376092713878
     0.01425330850114003
     0.01596425309420422
     0.01777008109965195
     0.01967042158236263
     0.02166489462449737
     0.02375311131917387
     0.02593467375551697
     0.02820917499424537
     0.03057619903292701
     0.03303532076002229
     0.03558610589681424
     0.03822811092631238
     0.04096088300820682
     0.04378395987893279
     0.04669686973590649
     0.04969913110498288
     0.05279025269018426
      0.0559697332047502
     0.05923706118256121
     0.06259171476899447
      0.0660331614902811
     0.06956085800044048
     0.07317424980488919
     0.07687277095983716
     0.08065584374659802
     0.08452287831998072
     0.08847327232993481
     0.09250641051567055
     0.09662166427150069
      0.1008183911836896
      0.1050959345376331
      0.1094536227947521
       0.113890769038515
      0.1184066703890762
       0.123000607386063
      0.1276718433391312
       0.132419623645953
      0.1372431750773984
      0.1421417050297386
      0.1471144007438044
      0.1521604284911034
      0.1572789327270137
      0.1624690352112746
      0.1677298340961002
      0.1730604029823598
      0.1784597899444166
      0.1839270165243035
       0.189461076696111
      0.1950609358015509
      0.2007255294578782
      0.2064537624394542
      0.2122445075344539
      0.2180966043783691
      0.2240088582661575
      0.2299800389450671
      0.2360088793903896
      0.2420940745665729
       0.248234280176351
      0.2544281114007825
      0.2606741416332765
      0.2669709012109664
      0.2733168761470099
      0.2797105068675905
      0.2861501869577543
      0.2926342619203423
      0.2991610279526147
      0.3057287307454019
      0.3123355643098226
        0.31897966983693
      0.3256591345958449
      0.3323719908762084
      0.3391162149809864
      0.3458897262759129
      0.3526903863020898
      0.3595159979584245
       0.366364304760806
      0.3732329901850831
      0.3801196771010948
      0.3870219273050556
       0.393937241157829
      0.4008630573365503
      0.4077967527072618
      0.4147356423261256
      0.4216769795768051
      0.4286179564515414
      0.4355557039833355
      0.4424872928365113
      0.4494097340627393
      0.4563199800293345
      0.4632149255263933
      0.4700914090589044
      0.4769462143296626
       0.483776071918273
      0.4905776611610381
      0.4973476122359565
      0.5040825084563785
      0.5107788887761959
      0.5174332505086755
      0.5240420522601914
      0.5306017170792814
      0.5371086358205124
      0.5435591707215843
      0.5499496591911696
      0.5562764178038971
      0.5625357464976978
      0.5687239329676675
      0.5748372572494702
      0.5808719964839612
      0.5868244298537532
      0.5926908436810137
       0.598467536674799
      0.6041508253149289
      0.6097370493583011
      0.6152225774524704
      0.6206038128402557
      0.6258771991380893
      0.6310392261699511
      0.6360864358378927
      0.6410154280093513
      0.6458228664008548
       0.650505484437121
      0.6550600910642104
      0.6594835764949891
       0.663772917865094
      0.6679251847774827
      0.6719375447138305
      0.6758072682912323
      0.6795317343430928
      0.6831084348037157
      0.6865349793766632
      0.6898090999679021
      0.6929286548657113
      0.6958916326504486
      0.6986961558184519
      0.7013404841058196
      0.7038230174991543
      0.7061422989220596
      0.7082970165876643
        0.71028600600923
      0.7121082516627023
      0.7137628882967434
      0.7152492018877277
      0.7165666302388722
      0.7177147632246239
      0.7186933426830767
      0.7195022619610333
      0.7201415651179339
      0.7206114457965769
      0.7209122457699935
      0.7210444531753198
      0.7210087004468521
      0.7208057619616176
      0.7204365514119764
      0.7199021189206132
      0.7192036479141531
      0.7183424517723318
      0.7173199702701462
      0.7161377658308192
      0.7147975196077005
      0.7133010274133421
      0.7116501955139367
      0.7098470363073048
      0.7078936639022265
      0.7057922896166992
      0.7035452174121899
      0.7011548392803947
      0.6986236305984699
      0.6959541454680285
       0.693149012052275
      0.6902109279251444
      0.6871426554452551
      0.6839470171666645
      0.6806268912976697
       0.677185207217876
      0.6736249410628828
      0.6699491113851852
      0.6661607748988404
      0.6622630223147825
        0.65825897427276
      0.6541517773750785
       0.649944600326718
      0.6456406301854556
      0.6412430687252236
      0.6367551289150934
      0.6321800315158398
       0.627521001795404
      0.6227812663641827
      0.6179640501305212
      0.6130725733764714
      0.6081100489534795
      0.6030796795972974
      0.5979846553612499
      0.5928281511665731
      0.5876133244685138
       0.582343313036482
      0.5770212328465496
      0.5716501760844043
      0.5662332092567161
      0.5607733714087535
      0.5552736724461643
      0.5497370915585476
      0.5441665757425598
      0.5385650384221802
      0.5329353581637798
      0.5272803774835104
      0.5216029017446676
      0.5159056981425377
      0.5101914947743088
      0.5044629797915825
      0.4987228006330179
      0.4929735633347058
      0.4872178319157916
      0.4814581278368749
      0.4756969295288176
      0.4699366719894465
       0.464179746445769
      0.4584285000792601
       0.452685235811807
      0.4469522121499086
      0.4412316430847313
      0.4355256980456472
      0.4298365019048783
      0.4241661350309109
      0.4185166333883282
      0.4128899886817674
      0.4072881485416799
      0.4017130167496712
       0.396166453501126
      0.3906502757029471
      0.3851662573041921
      0.3797161296574726
      0.3743015819089961
      0.3689242614151759
      0.3635857741837716
      0.3582876853375584
      0.3530315195985954
      0.3478187617911795
      0.3426508573616552
      0.3375292129132635
      0.3324551967543022
      0.3274301394579081
      0.3224553344318242
      0.3175320384965886
      0.3126614724706325
      0.3078448217608159
      0.3030832369570349
      0.2983778344295455
      0.2937296969277522
      0.2891398741792412
      0.2846093834879229
      0.2801392103301788
      0.2757303089480331
        0.27138360293834
      0.2670999858371083
      0.2628803216981281
      0.2587254456650852
      0.2546361645364723
      0.2506132573225889
      0.2466574757940169
      0.2427695450210249
      0.2389501639033543
      0.2352000056899359
      0.2315197184881086
      0.2279099257619644
      0.2243712268194974
      0.2209041972882512
      0.2175093895792294
        0.21418733333885
      0.2109385358887729
        0.20776348265345
      0.2046626375753005
       0.201636443517423
      0.1986853226537922
       0.195809676846924
      0.1930098880129938
      0.1902863184744436
      0.1876393113001121
      0.1850691906329466
      0.1825762620053842
      0.1801608126424926
      0.1778231117529758
      0.1755634108081722
      0.1733819438091725
      0.1712789275421942
      0.1692545618223794
      0.1673090297261466
      0.1654424978122754
      0.1636551163318823
      0.1619470194274531
      0.1603183253210991
        0.15876913649222
      0.1572995398447316
      0.1559096068640205
       0.154599393763823
      0.1533689416231583
      0.1522182765135046
      0.1511474096163656
      0.1501563373313898
      0.1492450413751799
      0.1484134888709606
       0.147661632429221
      0.1469894102194844
      0.1463967460333334
      0.1458835493387986
      0.1454497153262549
      0.1450951249459222
      0.1448196449370766
      0.1446231278490938
      0.1445054120544027
      0.1444663217534605
      0.1445056669718266
      0.1446232435494398
      0.1448188331221621
      0.1450922030956963
      0.1454431066119336
      0.1458712825078241
      0.1463764552668579
       0.146958334963215
       0.147616617198684
      0.1483509830324318
      0.1491610989037053
      0.1500466165475672
      0.1510071729037656
      0.1520423900188382
      0.1531518749415754
      0.1543352196119641
      0.1555920007437507
       0.156921779700773
      0.1583241023672302
      0.1597984990120588
      0.1613444841476177
      0.1629615563829072
      0.1646491982715312
      0.1664068761546841
       0.168234039999422
      0.1701301232325438
      0.1720945425703854
       0.174126697844903
      0.1762259718264328
      0.1783917300435408
      0.1806233206004078
      0.1829200739922452
      0.1852813029192473
      0.1877063020996526
      0.1901943480824784
      0.1927446990605919
      0.1953565946847597
       0.198029255879405
      0.2007618846608043
      0.2035536639585381
      0.2064037574410143
      0.2093113093459487
      0.2122754443167281
      0.2152952672456076
      0.2183698631247559
      0.2214982969061942
      0.2246796133717151
      0.2279128370139116
      0.2311969719294733
      0.2345310017259546
      0.2379138894432463
      0.2413445774910278
      0.2448219876034713
      0.2483450208125368
      0.2519125574412009
      0.2555234571179489
      0.2591765588139394
      0.2628706809041955
      0.2666046212542283
      0.2703771573334373
         0.2741870463567
      0.2780330254554634
      0.2819138118796916
      0.2858281032319591
      0.2897745777349522
      0.2937518945335694
      0.2977586940327876
      0.3017935982723862
      0.3058552113395092
       0.309942119820026
      0.3140528932894699
      0.3181860848443313
      0.3223402316742566
      0.3265138556756429
      0.3307054641069963
       0.334913550286175
      0.3391365943295933
      0.3433730639332233
      0.3476214151950538
      0.3518800934785056
      0.3561475343160689
      0.3604221643522464
      0.3647024023246636
      0.3689866600819511
      0.3732733436368544
      0.3775608542526978
      0.3818475895611744
      0.3861319447091409
      0.3904123135318793
      0.3946870897500662
      0.3989546681874144
      0.4032134460057486
      0.4074618239540504
      0.4116982076277921
      0.4159210087346545
      0.4201286463625905
      0.4243195482459153
      0.4284921520250805
      0.4326449064955332
      0.4367762728410265
      0.4408847258465941
      0.4449687550863842
      0.4490268660815191
      0.4530575814230368
      0.4570594418551797
      0.4610310073141561
      0.4649708579177241
      0.4688775949010715
      0.4727498414945539
      0.4765862437391337
      0.4803854712355822
      0.4841462178238046
      0.4878672021889157
      0.4915471683911358
      0.4951848863169427
      0.4987791520492516
      0.5023287881550252
      0.5058326438890697
      0.5092895953133573
      0.5126985453317401
      0.5160584236404726
      0.5193681865955768
      0.5226268169986159
      0.5258333238031446
      0.5289867417445507
      0.5320861308968032
      0.5351305761600375
      0.5381191866835582
       0.541051095229485
       0.543925457482624
      0.5467414513128612
      0.5494982759966789
      0.5521951514048835
      0.5548313171641283
      0.5574060317999249
      0.5599185718693389
      0.5623682310916357
      0.5647543194854188
      0.5670761625207654
       0.569333100294989
      0.5715244867406163
      0.5736496888739525
      0.5757080860925291
      0.5776990695294356
      0.5796220414721424
      0.5814764148531065
      0.5832616128189916
      0.5849770683846928
      0.5866222241778867
      0.5881965322791303
      0.5896994541618503
      0.5911304607357801
      0.5924890324966913
      0.5937746597844538
      0.5949868431505266
      0.5961250938352635
      0.5971889343544841
      0.5981778991938788
      0.5990915356090247
      0.5999294045278883
      0.6006910815519017
      0.6013761580508555
       0.601984242346158
      0.6025149609762119
      0.6029679600370645
      0.6033429065908084
      0.6036394901336757
      0.6038574241152558
      0.6039964474998805
      0.6040563263608073
      0.6040368554975861
      0.6039378600667623
      0.6037591972159478
      0.6035007577112248
      0.6031624675478672
      0.6027442895344842
       0.602246224840756
      0.6016683144992998
      0.6010106408524261
      0.6002733289348549
       0.599456547784045
      0.5985605116700704
       0.597585481237674
      0.5965317645535704
      0.5953997180527177
       0.594189747377994
      0.5929023081082251
      0.5915379063703219
       0.590097099331964
      0.5885804955718799
      0.5869887553256301
      0.5853225906053818
      0.5835827651929445
      0.5817700945059506
      0.5798854453378299
      0.5779297354727366
      0.5759039331773591
      0.5738090565720183
      0.5716461728840372
      0.5694163975869951
      0.5671208934297604
      0.5647608693598196
      0.5623375793457639
        0.55985232110413
      0.5573064347360792
      0.5547013012797963
      0.5520383411845703
       0.549319012712807
      0.5465448102763194
      0.5437172627133452
      0.5408379315128368
        0.53790840899256
      0.5349303164375173
      0.5319053022052284
      0.5288350398042579
      0.5257212259522741
      0.5225655786198302
      0.5193698350658699
      0.5161357498707565
      0.5128650929724532
      0.5095596477112051
      0.5062212088879008
      0.5028515808409835
      0.4994525755465242
      0.4960260107457989
      0.4925737081044362
      0.4890974914069236
      0.4855991847899048
       0.482080611017519
      0.4785435898016387
      0.4749899361696412
      0.4714214588820116
      0.4678399589018487
      0.4642472279180127
      0.4606450469234517
       0.457035184849902
      0.4534193972599777
       0.449799425097393
       0.446176993495832
       0.442553810646744
      0.4389315667261872
      0.4353119328805788
      0.4316965602710586
       0.428087079176035
      0.4244850981512165
      0.4208922032464265
      0.4173099572782047
      0.4137398991572211
      0.4101835432692859
      0.4066423789087332
      0.4031178697627954
      0.3996114534455262
      0.3961245410797966
      0.3926585169257487
      0.3892147380540957
      0.3857945340626244
      0.3823992068341506
      0.3790300303342435
      0.3756882504469338
      0.3723750848466775
      0.3690917229047886
      0.3658393256285808
      0.3626190256314746
      0.3594319271323211
      0.3562791059821955
          0.353161609717
       0.350080457634151
      0.3470366408917514
      0.3440311226285928
      0.3410648381034482
      0.3381386948520919
      0.3352535728605829
      0.3324103247533455
      0.3296097759946474
       0.326852725102124
      0.3241399438710595
      0.3214721776081498
      0.3188501453735443
      0.3162745402300449
      0.3137460294983164
      0.3112652550170997
      0.3088328334074105
      0.3064493563397732
      0.3041153908036284
       0.301831479378044
      0.2995981405029377
      0.2974158687501166
      0.2952851350933794
      0.2932063871770933
      0.2911800495826427
      0.2892065240921786
      0.2872861899492023
      0.2854194041155179
      0.2836065015241341
      0.2818477953277717
      0.2801435771426392
      0.2784941172871804
      0.2768996650155827
      0.2753604487458184
       0.273876676282062
      0.2724485350313566
      0.2710761922144336
      0.2697597950706327
       0.268499471056894
      0.2672953280408396
      0.2661474544879749
      0.2650559196430846
      0.2640207737059288
      0.2630420480013694
      0.2621197551440743
      0.2612538891979868
      0.2604444258307841
      0.2596913224635377
      0.2589945184158493
      0.2583539350467541
      0.2577694758916754
      0.2572410267957697
      0.2567684560440288
      0.2563516144884769
      0.2559903356728694
      0.2556844359553098
      0.2554337146291813
      0.2552379540428636
      0.2550969197186777
       0.255010360471533
      0.2549780085277594
      0.2549995796446426
      0.2550747732311484
      0.2552032724704036
      0.2553847444444162
      0.2556188402616253
      0.2559051951878322
      0.2562434287810425
      0.2566331450308341
      0.2570739325028038
       0.257565364488662
       0.258106999162581
      0.2586983797443754
      0.2593390346700805
      0.2600284777705391
      0.2607662084585342
      0.2615517119251047
       0.262384459345539
      0.2632639080956688
      0.2641895019789606
       0.265160671464992
      0.2661768339397862
      0.2672373939685456
      0.2683417435712437
      0.2694892625115597
      0.2706793185995687
      0.2719112680086253
      0.2731844556067987
      0.2744982153032093
      0.2758518704095791
      0.2772447340172821
      0.2786761093900959
       0.280145290372855
      0.2816515618161489
      0.2831942000171306
      0.2847724731764835
      0.2863856418715042
      0.2880329595452206
       0.289713673011379
      0.2914270229750948
      0.2931722445688409
      0.2949485679034351
      0.2967552186335536
      0.2985914185372501
       0.300456386108876
      0.3023493371646955
      0.3042694854603962
      0.3062160433196509
      0.3081882222727276
      0.3101852337041099
      0.3122062895079733
      0.3142506027502225
      0.3163173883357993
       0.318405863679761
      0.3205152493806172
      0.3226447698942667
       0.324793654206807
      0.3269611365043754
      0.3291464568381114
      0.3313488617822479
      0.3335676050831982
      0.3358019482975159
      0.3380511614164581
      0.3403145234748417
      0.3425913231418265
      0.3448808592911866
      0.3471824415485881
      0.3494953908133723
      0.3518190397522732
      0.3541527332625062
      0.3564958289016676
      0.3588476972818296
      0.3612077224253055
      0.3635753020795147
      0.3659498479884745
      0.3683307861184705
      0.3707175568355227
      0.3731096150323729
      0.3755064302027976
      0.3779074864611587
      0.3803122825052887
      0.3827203315208731
      0.3851311610257157
      0.3875443126524514
      0.3899593418684453
      0.3923758176318197
      0.3947933219828539
      0.3972114495701373
      0.3996298071112426
      0.4020480127878414
      0.4044656955755859
      0.4068824945093186
      0.4092980578844914
      0.4117120423960536
      0.4141241122163242
      0.4165339380138079
      0.4189411959151927
      0.4213455664131192
      0.4237467332227358
       0.426144382090364
       0.428538199557946
      0.4309278716873788
      0.4333130827490645
      0.4356935138794934
      0.4380688417128756
      0.4404387369922705
      0.4428028631658731
      0.4451608749744476
      0.4475124170361594
      0.4498571224353077
      0.4521946113215883
      0.4545244895268286
      0.4568463472061882
      0.4591597575109765
      0.4614642753003377
      0.4637594358989843
      0.4660447539083906
      0.4683197220785695
      0.4705838102476385
      0.4728364643562262
      0.4750771055435409
      0.4773051293318084
      0.4795199049054727
      0.4817207744912195
      0.4839070528446211
      0.4860780268487149
      0.4882329552295217
      0.4903710683928799
      0.4924915683865778
      0.4945936289911868
      0.4966763959424236
      0.4987389872872546
      0.5007804938753218
      0.5027999799865998
      0.5047964840955934
      0.5067690197716092
      0.5087165767139646
      0.5106381219203199
        0.51253260098561
      0.5143989395283521
      0.5162360447403563
      0.5180428070553557
      0.5198181019312172
      0.5215607917399585
      0.5232697277590455
      0.5249437522569862
      0.5265817006656817
      0.5281824038315098
      0.5297446903366692
      0.5312673888819522
      0.5327493307217931
      0.5341893521420952
      0.5355862969712021
      0.5369390191141201
      0.5382463851000923
      0.5395072766334745
      0.5407205931379454
      0.5418852542841149
      0.5430002024907576
      0.5440644053900601
      0.5450768582474438
      0.5460365863270018
      0.5469426471937173
      0.5477941329441247
       0.548590172357503
      0.5493299329601434
      0.5500126229957206
      0.5506374932953092
      0.5512038390412566
      0.5517110014195183
      0.5521583691557961
      0.5525453799314437
      0.5528715216755721
      0.5531363337305377
       0.553339407888622
       0.553480389298229
      0.5535589772385751
       0.553574925762531
       0.553528044207695
      0.5534181975764261
      0.5532453067861298
      0.5530093487914659
      0.5527103565808191
      0.5523484190496176
      0.5519236807536587
       0.551436341545934
       0.550886656100757
      0.5502749333293883
      0.5496015356916312
      0.5488668784080035
      0.5480714285775277
      0.5472157042061162
      0.5463002731508485
      0.5453257519855214
      0.5442928047928636
      0.5432021418889211
      0.5420545184851261
      0.5408507332936006
      0.5395916270810738
      0.5382780811769375
      0.5369110159407388
      0.5354913891943587
      0.5340201946240083
      0.5324984601570759
      0.5309272463186436
      0.5293076445723999
      0.5276407756504544
      0.5259277878764326
        0.52416985548596
      0.5223681769485566
      0.5205239732946625
      0.5186384864513693
      0.5167129775902162
      0.5147487254901599
      0.5127470249187354
      0.5107091850340419
      0.5086365278101584
      0.5065303864882935
       0.504392104055809
      0.5022230317550695
      0.5000245276238713
      0.4977979550690397
       0.495544681474598
      0.4932660768457509
      0.4909635124897393
      0.4886383597345252
      0.4862919886860236
      0.4839257670245717
      0.4815410588410739
      0.4791392235132367
      0.4767216146220947
       0.474289578909003
      0.4718444552731206
      0.4693875738092769
      0.4669202548861203
      0.4644438082642715
      0.4619595322541434
      0.4594687129130798
      0.4569726232813026
      0.4544725226561567
      0.4519696559040796
      0.4494652528096468
      0.4469605274610122
      0.4444566776710408
      0.4419548844333426
      0.4394563114124524
      0.4369621044673186
      0.4344733912072682
      0.4319912805795866
      0.4295168624878609
      0.4270512074401725
       0.424595366226261
      0.4221503696227775
      0.4197172281256961
      0.4172969317089853
      0.4148904496086608
      0.4124987301312918
      0.4101227004860751
      0.4077632666396064
      0.4054213131924518
      0.4030977032766822
      0.4007932784735015
      0.3985088587501581
      0.3962452424153055
      0.3940032060920546
      0.3917835047078949
      0.3895868715007845
      0.3874140180406259
      0.3852656342654541
      0.3831423885316251
      0.3810449276773605
       0.378973877098979
      0.3769298408392079
      0.3749134016869843
      0.3729251212881865
      0.3709655402667138
      0.3690351783554517
      0.3671345345365953
      0.3652640871908786
      0.3634242942552844
      0.3616155933888109
      0.3598384021459133
      0.3580931181572555
      0.3563801193174311
       0.354699763979365
      0.3530523911550451
      0.3514383207223823
      0.3498578536378924
      0.3483112721550089
      0.3467988400478127
      0.3453208028399942
       0.343877388038882
      0.3424688053744139
      0.3410952470428965
       0.339756887955491
      0.3384538859912907
      0.3371863822549508
      0.3359545013387995
      0.3347583515893486
      0.3335980253782267
       0.332473599377454
      0.3313851348390419
      0.3303326778789445
      0.3293162597653171
      0.3283358972110957
      0.3273915926709263
      0.3264833346424234
      0.3256110979718149
      0.3247748441639664
      0.3239745216967965
      0.3232100663401374
      0.3224814014790219
       0.321788438441388
      0.3211310768302542
      0.3205092048602958
        0.31992269969882
      0.3193714278111276
      0.3188552453101963
      0.3183739983106243
      0.3179275232867946
       0.317515647435147
      0.3171381890405079
      0.3167949578463037
       0.316485755428609
      0.3162103755737969
      0.3159686046596858
      0.3157602220399516
      0.3155850004315803
      0.3154427063051254
      0.3153331002774898
       0.315255937506908
      0.3152109680898131
      0.3151979374592367
      0.3152165867843604
      0.3152666533707773
      0.3153478710611142
      0.3154599706354775
      0.3156026802113007
      0.3157757256420874
      0.3159788309144613
      0.3162117185430342
      0.3164741099624135
      0.3167657259157564
      0.3170862868392008
      0.3174355132414232
      0.3178131260776808
      0.3182188471175073
      0.3186523993053815
      0.3191135071135762
