                       0
   4.996626666666536e-05
   0.0001997269431942066
   0.0004490676792355347
   0.0007977646046989984
    0.001245584370994314
    0.001792284192932984
    0.002437611891124856
    0.003181305934670762
    0.004023095483910458
    0.004962700432945361
    0.005999831451616975
    0.007134190026584388
    0.008365468501107927
    0.009693350113110951
     0.01111750903105795
      0.0126376103871546
     0.01425331030734428
     0.01596425593754584
     0.01777008546554895
     0.01967042813795676
     0.02166490427153991
     0.02375312525834256
     0.02593469356385854
     0.02820920271757528
     0.03057623729516436
        0.03303537289158
     0.03558617608431153
     0.03822820438602204
     0.04096100618579336
     0.04378412067818747
     0.04669707777932623
     0.04969939802918474
     0.05279059247928956
     0.05597016256501026
     0.05923759996163278
     0.06259238642340446
     0.06603399360474468
     0.06956188286282115
     0.07317550504070008
      0.0768743002302892
     0.08065769751430568
     0.08452511468651645
     0.08847595794951647
     0.09250962158933125
     0.09662548762615315
      0.1008229254405473
      0.1051012913744922
      0.1094599283066511
      0.1138981652013077
      0.1184153166304348
      0.1230106822684099
      0.1276835463589336
      0.1324331771537575
      0.1372588263228803
       0.142159728335926
      0.1471350998144814
      0.1521841388552285
      0.1573060243237847
      0.1624999151192279
       0.167764949409368
      0.1731002438369039
      0.1785048926966964
      0.1839779670844747
      0.1895185140173966
      0.1951255555269803
      0.2007980877250364
      0.2065350798433412
      0.2123354732479094
      0.2181981804288521
      0.2241220839669316
      0.2301060354780646
      0.2361488545371635
      0.2422493275828533
      0.2484062068047571
       0.254618209015196
      0.2608840145073201
      0.2672022659018498
      0.2735715669847861
      0.2799904815386247
      0.2864575321697949
      0.2929711991352304
      0.2995299191711734
      0.3061320843275078
      0.3127760408111153
      0.3194600878419521
      0.3261824765257415
      0.3329414087473861
      0.3397350360894041
      0.3465614587798981
      0.3534187246747645
      0.3603048282790519
      0.3672177098125698
      0.3741552543250372
      0.3811152908662439
      0.3880955917168726
      0.3950938716857913
      0.4021077874797834
      0.4091349371518198
      0.4161728596341053
       0.423219034362243
      0.4302708809969469
      0.4373257592498104
      0.4443809688196825
      0.4514337494462308
      0.4584812810872677
       0.465520684226387
      0.4725490203173985
      0.4795632923719529
       0.486560445696625
      0.4935373687855587
      0.5004908943745761
      0.5074178006624104
      0.5143148127044426
      0.5211786039839926
        0.52800579816585
      0.5347929710363115
      0.5415366526335343
      0.5482333295715079
      0.5548794475603922
      0.5614714141253717
      0.5680056015255313
      0.5744783498735664
      0.5808859704564089
      0.5872247492560728
      0.5934909506692079
      0.5996808214229966
      0.6057905946841418
      0.6118164943567727
      0.6177547395641542
      0.6236015493081125
       0.629353147299107
      0.6350057669488788
      0.6405556565166035
      0.6459990843984672
      0.6513323445495888
      0.6565517620262237
      0.6616536986352187
      0.6666345586767471
      0.6714907947654509
      0.6762189137142538
      0.6808154824642978
      0.6852771340437012
      0.6896005735371477
      0.6937825840477002
      0.6978200326316942
      0.7017098761871168
      0.7054491672755183
      0.7090350598572436
       0.712464814919611
       0.715735805977622
      0.7188455244268411
      0.7217915847282669
      0.7245717294053021
      0.7271838338333459
      0.7296259108030536
      0.7318961148389546
      0.7339927462558778
      0.7359142549365019
      0.7376592438143246
      0.7392264720474282
       0.740614857869591
      0.7418234811065643
      0.7428515853466819
      0.7436985797563934
      0.7443640405327965
      0.7448477119867901
      0.7451495072520519
      0.7452695086166644
       0.745207967475856
      0.7449653039059727
       0.744542105861449
      0.7439391279981833
      0.7431572901283371
      0.7421976753131561
      0.7410615276019443
      0.7397502494267983
      0.7382653986641186
      0.7366086853752494
      0.7347819682398519
       0.732787250696771
      0.7306266768082222
      0.7283025268640816
      0.7258172127439105
      0.7231732730550868
       0.720373368066036
      0.7174202744540614
      0.7143168798876625
      0.7110661774635026
       0.707671260018343
      0.7041353143363013
       0.700461615271729
      0.6966535198078229
      0.6927144610708114
      0.6886479423191829
      0.6844575309269569
      0.6801468523794506
      0.6757195842993639
        0.67117945052031
      0.6665302152241532
       0.661775677157698
      0.6569196639434082
      0.6519660264979246
      0.6469186335712102
       0.641781366418184
      0.6365581136137199
      0.6312527660208901
      0.6258692119213298
      0.6204113323156032
      0.6148829964004547
      0.6092880572288546
       0.603630347557786
      0.5979136758877862
      0.5921418226973438
      0.5863185368743794
      0.5804475323461948
      0.5745324849084713
       0.568577029253135
      0.5625847561941876
      0.5565592100899215
      0.5505038864593099
      0.5444222297897752
      0.5383176315329996
       0.532193428284952
      0.5260529001458546
      0.5198992692554169
      0.5137356984983046
       0.507565290374502
      0.5013910860289548
      0.4952160644346529
      0.4890431417231246
      0.4828751706561591
      0.4767149402324629
      0.4705651754228712
      0.4644285370276873
      0.4583076216497022
      0.4522049617764566
      0.4461230259653396
      0.4400642191251768
      0.4340308828880406
      0.4280252960651131
      0.4220496751805508
      0.4161061750774301
      0.4101968895900027
      0.4043238522766458
      0.3984890372080637
       0.392694359805475
       0.386941677723705
      0.3812327917742965
      0.3755694468839467
      0.3699533330837809
      0.3643860865251723
      0.3588692905180256
       0.353404476587641
      0.3479931255464824
      0.3426366685773736
      0.3373364883248445
      0.3320939199915497
      0.3269102524368705
      0.3217867292750034
      0.3167245499700217
      0.3117248709255768
      0.3067888065670797
      0.3019174304143739
      0.2971117761430705
      0.2923728386328802
      0.2877015750014191
      0.2830989056221208
      0.2785657151250165
      0.2741028533792846
      0.2697111364565936
      0.2653913475743852
      0.2611442380183549
      0.2569705280434999
       0.252870907753201
      0.2488460379559056
       0.244896550999066
      0.2410230515800726
      0.2372261175340006
      0.2335063005980637
       0.229864127152732
      0.2263000989395416
       0.222814693755675
      0.2194083661254489
      0.2160815479488946
      0.2128346491276597
      0.2096680581685013
       0.206582142764677
      0.2035772503555729
      0.2006537086649368
      0.1978118262181089
      0.1950518928386674
      0.1923741801249212
      0.1897789419067022
       0.187266414682918
      0.1848368180403414
      0.1824903550541153
       0.180227212670461
      0.1780475620720793
      0.1759515590267342
      0.1739393442195092
      0.1720110435692215
      0.1701667685294755
      0.1684066163748313
      0.1667306704725532
       0.165139000540397
       0.163631662890882
      0.1622087006624818
      0.1608701440381555
       0.159616010451627
      0.1584463047818035
      0.1573610195357105
      0.1563601350203021
      0.1554436195034898
      0.1546114293647123
      0.1538635092353554
       0.153199792129306
      0.1526201995639099
      0.1521246416715822
      0.1517130173022981
      0.1513852141171732
      0.1511411086733243
      0.1509805665001771
      0.1509034421673724
      0.1509095793443994
      0.1509988108520666
      0.1511709587059001
       0.151425834151542
      0.1517632376922008
      0.1521829591081885
      0.1526847774685602
      0.1532684611348566
      0.1539337677569297
      0.1546804442608189
      0.1555082268286261
       0.156416840870326
      0.1574060009874313
      0.1584754109284214
      0.1596247635358267
      0.1608537406848539
      0.1621620132134227
      0.1635492408434748
       0.165015072093411
      0.1665591441814984
      0.1681810829200878
      0.1698805026004736
      0.1716570058682235
      0.1735101835888048
      0.1754396147033277
      0.1774448660742309
      0.1795254923207293
      0.1816810356438522
       0.183911025640898
      0.1862149791091405
      0.1885923998386278
      0.1910427783939202
      0.1935655918846273
      0.1961603037246137
      0.1988263633797553
      0.2015632061041452
      0.2043702526646629
      0.2072469090538406
      0.2101925661909791
      0.2132065996114904
      0.2162883691444663
      0.2194372185784997
      0.2226524753158126
      0.2259334500147777
      0.2292794362209487
      0.2326897099867532
      0.2361635294800366
      0.2397001345816836
      0.2432987464725876
      0.2469585672102789
      0.2506787792955689
      0.2544585452296161
      0.2582970070618683
      0.2621932859293871
      0.2661464815881177
      0.2701556719367182
      0.2742199125336277
      0.2783382361081062
      0.2825096520660469
      0.2867331459914239
      0.2910076791443031
      0.2953321879564157
      0.2997055835253598
      0.3041267511085688
      0.3085945496182586
      0.3131078111186357
      0.3176653403267288
      0.3222659141182778
      0.3269082810401917
      0.3315911608311664
      0.3363132439521263
      0.3410731911282344
      0.3458696329042902
      0.3507011692154123
      0.3555663689749754
      0.3604637696818484
      0.3653918770490499
      0.3703491646560069
       0.375334073626673
      0.3803450123358229
      0.3853803561459022
      0.3904384471768714
      0.3955175941115285
      0.4006160720388503
      0.4057321223379264
       0.410863952605102
      0.4160097366269706
      0.4211676144018803
      0.4263356922126322
      0.4315120427530537
      0.4366947053111258
      0.4418816860113297
       0.447070958118856
      0.4522604624082813
      0.4574481075992752
      0.4626317708618397
      0.4678092983935113
      0.4729785060708767
      0.4781371801776494
      0.4832830782114481
      0.4884139297712895
      0.4935274375276685
      0.4986212782769422
      0.5036931040815655
      0.5087405434975384
      0.5137612028902242
      0.5187526678394832
      0.5237125046348304
      0.5286382618610854
      0.5335274720747145
      0.5383776535707953
      0.5431863122402413
      0.5479509435166244
      0.5526690344116169
      0.5573380656377496
      0.5619555138168497
      0.5665188537721719
      0.5710255609018875
      0.5754731136312369
      0.5798589959402848
      0.5841806999638517
      0.5884357286598256
      0.5926215985416899
      0.5967358424707364
      0.6007760125030702
      0.6047396827861586
       0.608624452499326
       0.612427948832263
      0.6161478299952932
      0.6197817882548292
      0.6233275529871655
       0.626782893743474
      0.6301456233186281
      0.6334136008162473
      0.6365847347021586
      0.6396569858382986
      0.6426283704889351
      0.6454969632909807
      0.6482609001800893
      0.6509183812641858
      0.6534676736360713
      0.6559071141167762
      0.6582351119213996
      0.6604501512392797
      0.6625507937204832
      0.6645356808607837
      0.6664035362775208
       0.668153167868988
      0.6697834698502964
       0.671293424658988
      0.6726821047240463
      0.6739486740923443
      0.6750923899070074
      0.6761126037326283
      0.6770087627227589
      0.6777804106256197
      0.6784271886245007
       0.678948836009887
      0.6793451906809096
      0.6796161894743107
      0.6797618683197061
        0.67978236222053
      0.6796779050606526
       0.679448829237266
       0.679095565121237
      0.6786186403467193
      0.6780186789324029
      0.6772964002373518
       0.676452617754934
      0.6754882377488856
      0.6744042577360639
      0.6732017648209343
      0.6718819338872932
      0.6704460256531675
      0.6688953845952247
      0.6672314367494001
      0.6654556873947751
      0.6635697186280394
      0.6615751868361266
      0.6594738200748361
      0.6572674153614331
      0.6549578358893651
        0.65254700817334
      0.6500369191330745
      0.6474296131240557
      0.6447271889236498
      0.6419317966808507
       0.639045634837884
      0.6360709470317722
      0.6330100189838257
      0.6298651753848534
      0.6266387767836881
      0.6233332164863957
      0.6199509174732913
      0.6164943293406113
      0.6129659252734043
      0.6093681990558948
      0.6057036621252505
      0.6019748406743523
      0.5981842728088159
      0.5943345057631654
      0.5904280931806936
      0.5864675924611836
      0.5824555621802985
      0.5783945595840773
      0.5742871381616137
      0.5701358452986293
       0.565943220014298
      0.5617117907833273
      0.5574440734449596
      0.5531425692002226
      0.5488097626984372
      0.5444481202136754
      0.5400600879115657
      0.5356480902065519
      0.5312145282094429
      0.5267617782648277
      0.5222921905776886
      0.5178080879283148
      0.5133117644744042
      0.5088054846390422
      0.5042914820830625
      0.4997719587601264
      0.4952490840527032
      0.4907249939869956
      0.4862017905247304
      0.4816815409296242
      0.4771662772062378
      0.4726579956088524
      0.4681586562179273
      0.4636701825816455
      0.4591944614200062
      0.4547333423888897
      0.4502886379014972
      0.4458621230045555
      0.4414555353066719
      0.4370705749562316
      0.4327089046662423
      0.4283721497835545
      0.4240618983999113
      0.4197797015023202
      0.4155270731602795
      0.4113054907474362
      0.4071163951953079
      0.4029611912767535
       0.398841247916939
      0.3947578985296061
      0.3907124413765186
       0.386706139948028
      0.3827402233627717
       0.378815886784586
      0.3749342918547919
      0.3710965671380833
      0.3673038085803219
      0.3635570799766172
      0.3598574134481446
      0.3562058099262275
      0.3526032396422844
      0.3490506426223109
      0.3455489291846426
      0.3420989804398097
      0.3387016487913684
      0.3353577584366565
      0.3320681058664889
      0.3288334603628732
      0.3256545644938849
      0.3225321346049041
       0.319466861305473
      0.3164594099510894
       0.313510421119305
      0.3106205110795506
      0.3077902722561572
      0.3050202736840938
      0.3023110614569827
      0.2996631591670011
      0.2970770683363164
      0.2945532688397414
       0.292092219318334
      0.2896943575836992
      0.2873601010127846
      0.2850898469329918
      0.2828839729974534
      0.2807428375503545
      0.2786667799821999
      0.2766561210749543
      0.2747111633370013
      0.2728321913278896
       0.271019471972851
      0.2692732548670926
      0.2675937725698794
      0.2659812408884388
      0.2644358591517299
      0.2629578104741305
      0.2615472620091065
      0.2602043651929348
      0.2589292559785601
      0.2577220550596702
      0.2565828680850809
      0.2555117858635271
      0.2545088845589564
       0.253574225876429
      0.2527078572387248
      0.2519098119537636
      0.2511801093729422
      0.2505187550404935
      0.2499257408339713
      0.2494010450959628
      0.2489446327571322
      0.2485564554506921
      0.2482364516184013
      0.2479845466081829
      0.2478006527634546
      0.2476846695042591
      0.2476364834002812
      0.2476559682358342
      0.2477429850668932
      0.2478973822702532
      0.2481189955848846
       0.248407648145555
      0.2487631505087853
      0.2491853006712052
      0.2496738840803675
      0.2502286736380839
       0.250849429696338
      0.2515359000458327
      0.2522878198972266
       0.253104911855114
      0.2539868858848022
       0.254933439271941
      0.2559442565750571
      0.2570190095710531
      0.2581573571937242
      0.2593589454653573
      0.2606234074214733
      0.2619503630287793
      0.2633394190964046
      0.2647901691804936
      0.2663021934822413
      0.2678750587394583
      0.2695083181117625
      0.2712015110595019
      0.2729541632165235
      0.2747657862569098
       0.276635877755819
      0.2785639210445751
      0.2805493850601644
      0.2825917241893137
      0.2846903781073333
      0.2868447716119281
      0.2890543144521949
      0.2913184011530386
      0.2936364108352627
      0.2960077070316031
      0.2984316374989988
      0.3009075340274096
      0.3034347122455159
      0.3060124714236551
      0.3086400942743754
      0.3113168467510082
      0.3140419778446886
      0.3168147193802769
      0.3196342858116605
      0.3224998740169439
      0.3254106630940589
        0.32836581415736
      0.3313644701357932
      0.3344057555732595
      0.3374887764318213
      0.3406126198984317
      0.3437763541958934
      0.3469790283987881
      0.3502196722551429
      0.3534972960146334
      0.3568108902641506
      0.3601594257715905
      0.3635418533387517
      0.3669571036642563
      0.3704040872174366
      0.3738816941241566
      0.3773887940655653
      0.3809242361907988
      0.3844868490446776
      0.3880754405114627
      0.3916887977757564
      0.3953256873016527
      0.3989848548312565
      0.4026650254037079
      0.4063649033958572
      0.4100831725857468
      0.4138184962400623
      0.4175695172267198
      0.4213348581537534
      0.4251131215356687
      0.4289028899884163
       0.432702726454134
      0.4365111744567868
      0.4403267583898192
      0.4441479838369105
      0.4479733379268945
      0.4518012897238747
      0.4556302906535297
      0.4594587749665584
      0.4632851602401723
      0.4671078479184845
      0.4709252238925921
      0.4747356591210827
      0.4785375102916283
       0.482329120524256
      0.4861088201168036
      0.4898749273329872
      0.4936257492334117
      0.4973595825497644
      0.5010747146023268
       0.504769424260836
       0.508441982948614
      0.5120906556897665
      0.5157137021991347
      0.5193093780145542
        0.52287593567085
      0.5264116259148598
      0.5299146989606454
      0.5333834057839087
      0.5368159994544915
      0.5402107365056894
      0.5435658783389702
      0.5468796926625379
      0.5501504549620372
      0.5533764500015479
      0.5565559733528733
      0.5596873329509817
      0.5627688506733199
      0.5657988639405779
      0.5687757273363486
      0.5716978142429973
      0.5745635184909264
      0.5773712560183057
      0.5801194665382208
      0.5828066152100866
       0.585431194312079
      0.5879917249112411
      0.5904867585278452
      0.5929148787905199
      0.5952747030785903
       0.597564884148034
      0.5997841117374129
      0.6019311141501226
      0.6040046598092834
      0.6060035587815997
      0.6079266642665285
      0.6097728740471243
      0.6115411318989689
      0.6132304289536495
      0.6148398050133179
      0.6163683498129432
      0.6178152042269701
      0.6191795614172023
      0.6204606679188532
      0.6216578246618429
      0.6227703879245671
      0.6237977702175241
      0.6247394410943587
      0.6255949278880605
       0.626363816370249
      0.6270457513316782
      0.6276404370823019
      0.6281476378694589
      0.6285671782129603
       0.628898943156089
      0.6291428784317584
      0.6292989905433087
      0.6293673467596632
      0.6293480750248049
       0.629241363781776
      0.6290474617116402
      0.6287666773880888
      0.6283993788486026
      0.6279459930833152
       0.627407005442946
      0.6267829589673923
      0.6260744536367803
      0.6252821455469788
      0.6244067460117764
      0.6234490205941036
      0.6224097880688617
      0.6212899193200795
      0.6200903361752722
      0.6188120101800177
        0.61745596131589
      0.6160232566650056
      0.6145150090245378
       0.612932375474641
      0.6112765559033001
      0.6095487914916811
      0.6077503631636005
      0.6058825900027686
      0.6039468276414742
      0.6019444666243888
      0.5998769307511553
      0.5977456754014103
      0.5955521858458516
      0.5932979755469218
      0.5909845844526213
      0.5886135772868958
      0.5861865418399701
      0.5837050872619113
      0.5811708423626095
      0.5785854539212631
      0.5759505850083428
      0.5732679133228922
      0.5705391295479005
       0.567765935726353
       0.564950043660432
      0.5620931733362058
      0.5591970513760012
      0.5562634095205143
      0.5532939831425698
      0.5502905097942925
      0.5472547277893131
      0.5441883748214797
      0.5410931866214075
        0.53797089565205
      0.5348232298443399
       0.531651911373803
      0.5284586554789161
      0.5252451693218463
      0.5220131508920753
       0.518764287953295
      0.5155002570338294
      0.5122227224607296
      0.5089333354375706
       0.505633733165874
      0.5023255380099789
      0.4990103567050839
      0.4956897796080944
      0.4923653799908214
      0.4890387133749975
      0.4857113169085022
      0.4823847087821148
      0.4790603876860541
      0.4757398323055018
      0.4724245008542515
       0.469115830645582
      0.4658152376994039
      0.4625241163846948
      0.4592438390962023
      0.4559757559643666
      0.4527211945973875
      0.4494814598543446
      0.4462578336482593
      0.4430515747779785
      0.4398639187877487
      0.4366960778533484
      0.4335492406936415
      0.4304245725064184
      0.4273232149273968
      0.4242462860112604
      0.4211948802336257
      0.4181700685128373
      0.4151728982505108
      0.4122043933897553
      0.4092655544900281
      0.4063573588175959
      0.4034807604505962
      0.4006366903977162
      0.3978260567295342
      0.3950497447215877
       0.392308617008265
      0.3896035137466402
      0.3869352527893994
      0.3843046298660359
      0.3817124187715177
      0.3791593715616622
      0.3766462187544785
      0.3741736695367693
      0.3717424119753115
      0.3693531132319629
      0.3670064197820717
       0.364702957635593
      0.3624433325603436
      0.3602281303068546
      0.3580579168343071
      0.3559332385370628
      0.3538546224713276
      0.3518225765815101
      0.3498375899258615
      0.3479001329010091
      0.3460106574650146
      0.3441695973586155
      0.3423773683243254
      0.3406343683230922
      0.3389409777482326
      0.3372975596363812
       0.335704459875209
      0.3341620074076881
      0.3326705144326912
      0.3312302766017363
      0.3298415732116983
      0.3285046673933262
      0.3272198062954194
      0.3259872212645279
      0.3248071280200572
      0.3236797268246669
      0.3226052026498679
      0.3215837253367313
       0.320615449751633
      0.3197005159369682
      0.3188390492567791
      0.3180311605372484
       0.317276946202018
      0.3165764884023018
      0.3159298551417678
      0.3153371003961717
      0.3147982642277314
      0.3143133728942376
      0.3138824389529002
      0.3135054613589391
      0.3131824255589294
      0.3129133035789188
      0.3126980541073374
      0.3125366225727285
      0.3124289412163274
      0.3123749291595264
      0.3123744924662623
      0.3124275242003702
      0.3125339044779508
      0.3126935005148008
      0.3129061666689624
      0.3131717444784488
       0.313490062694209
      0.3138609373083984
      0.3142841715780241
      0.3147595560440409
      0.3152868685459753
      0.3158658742321612
      0.3164963255656741
      0.3171779623260562
      0.3179105116069279
      0.3186936878095904
      0.3195271926327225
      0.3204107150582871
       0.321343931333764
      0.3223265049508336
      0.3233580866206412
       0.324438314245779
      0.3255668128891286
      0.3267431947397156
      0.3279670590757325
      0.3292379922248956
      0.3305555675223104
      0.3319193452660248
      0.3333288726704618
      0.3347836838179287
      0.3362832996084126
      0.3378272277078775
       0.339414962495291
      0.3410459850086162
      0.3427197628900178
      0.3444357503305374
      0.3461933880145082
      0.3479921030639865
       0.349831308983492
      0.3517104056053563
      0.3536287790359952
      0.3555858016034263
      0.3575808318063716
      0.3596132142652906
      0.3616822796757052
      0.3637873447641889
      0.3659277122474024
      0.3681026707945726
      0.3703114949938225
      0.3725534453227695
      0.3748277681238245
      0.3771336955846307
      0.3794704457240979
      0.3818372223844912
      0.3842332152300513
